5.2 5.2 5.66488e-21
5.4 5.2 3.69929e-20
5.6 5.2 2.22749e-19
5.8 5.2 1.23856e-18
6 5.2 6.3594e-18
6.2 5.2 3.01512e-17
6.4 5.2 1.32e-16
6.6 5.2 5.33603e-16
6.8 5.2 1.99173e-15
7 5.2 6.86446e-15
7.2 5.2 2.18443e-14
7.4 5.2 6.41831e-14
7.6 5.2 1.74121e-13
7.8 5.2 4.36135e-13
8 5.2 1.00862e-12
8.2 5.2 2.15363e-12
8.4 5.2 4.24566e-12
8.6 5.2 7.72762e-12
8.8 5.2 1.29859e-11
9 5.2 2.01475e-11
9.2 5.2 2.88596e-11
9.4 5.2 3.81662e-11
9.6 5.2 4.66001e-11
9.8 5.2 5.25305e-11
10 5.2 5.46705e-11
10.2 5.2 5.25305e-11
10.4 5.2 4.66001e-11
10.6 5.2 3.81662e-11
10.8 5.2 2.88596e-11
11 5.2 2.01475e-11
11.2 5.2 1.29859e-11
11.4 5.2 7.72762e-12
11.6 5.2 4.24566e-12
11.8 5.2 2.15363e-12
12 5.2 1.00862e-12
12.2 5.2 4.36135e-13
12.4 5.2 1.74121e-13
12.6 5.2 6.41831e-14
12.8 5.2 2.18443e-14
13 5.2 6.86446e-15
13.2 5.2 1.99173e-15
13.4 5.2 5.33603e-16
13.6 5.2 1.32e-16
13.8 5.2 3.01512e-17
14 5.2 6.3594e-18
14.2 5.2 1.23856e-18
14.4 5.2 2.22749e-19
14.6 5.2 3.69929e-20
14.8 5.2 5.66488e-21
5.2 5.4 3.69929e-20
5.4 5.4 2.41565e-19
5.6 5.4 1.45451e-18
5.8 5.4 8.08729e-18
6 5.4 4.1523e-17
6.2 5.4 1.96863e-16
6.4 5.4 8.61832e-16
6.6 5.4 3.48383e-15
6.8 5.4 1.30035e-14
7 5.4 4.48152e-14
7.2 5.4 1.4261e-13
7.4 5.4 4.1901e-13
7.6 5.4 1.1367e-12
7.8 5.4 2.84716e-12
8 5.4 6.58437e-12
8.2 5.4 1.40589e-11
8.4 5.4 2.77154e-11
8.6 5.4 5.0445e-11
8.8 5.4 8.47697e-11
9 5.4 1.31518e-10
9.2 5.4 1.88388e-10
9.4 5.4 2.49139e-10
9.6 5.4 3.04192e-10
9.8 5.4 3.42903e-10
10 5.4 3.56872e-10
10.2 5.4 3.42903e-10
10.4 5.4 3.04192e-10
10.6 5.4 2.49139e-10
10.8 5.4 1.88388e-10
11 5.4 1.31518e-10
11.2 5.4 8.47697e-11
11.4 5.4 5.0445e-11
11.6 5.4 2.77154e-11
11.8 5.4 1.40589e-11
12 5.4 6.58437e-12
12.2 5.4 2.84716e-12
12.4 5.4 1.1367e-12
12.6 5.4 4.1901e-13
12.8 5.4 1.4261e-13
13 5.4 4.48152e-14
13.2 5.4 1.30035e-14
13.4 5.4 3.48383e-15
13.6 5.4 8.61832e-16
13.8 5.4 1.96863e-16
14 5.4 4.1523e-17
14.2 5.4 8.08729e-18
14.4 5.4 1.45451e-18
14.6 5.4 2.41565e-19
14.8 5.4 3.69929e-20
5.2 5.6 2.22749e-19
5.4 5.6 1.45451e-18
5.6 5.6 8.75742e-18
5.8 5.6 4.86906e-17
6 5.6 2.49984e-16
6.2 5.6 1.18515e-15
6.4 5.6 5.18818e-15
6.6 5.6 2.09718e-14
6.8 5.6 7.82754e-14
7 5.6 2.69761e-13
7.2 5.6 8.58405e-13
7.4 5.6 2.52207e-12
7.6 5.6 6.84181e-12
7.8 5.6 1.71367e-11
8 5.6 3.96299e-11
8.2 5.6 8.46163e-11
8.4 5.6 1.66808e-10
8.6 5.6 3.03605e-10
8.8 5.6 5.10185e-10
9 5.6 7.91535e-10
9.2 5.6 1.1338e-09
9.4 5.6 1.49941e-09
9.6 5.6 1.83073e-09
9.8 5.6 2.06371e-09
10 5.6 2.14777e-09
10.2 5.6 2.06371e-09
10.4 5.6 1.83073e-09
10.6 5.6 1.49941e-09
10.8 5.6 1.1338e-09
11 5.6 7.91535e-10
11.2 5.6 5.10185e-10
11.4 5.6 3.03605e-10
11.6 5.6 1.66808e-10
11.8 5.6 8.46163e-11
12 5.6 3.96299e-11
12.2 5.6 1.71367e-11
12.4 5.6 6.84181e-12
12.6 5.6 2.52207e-12
12.8 5.6 8.58405e-13
13 5.6 2.69761e-13
13.2 5.6 7.82754e-14
13.4 5.6 2.09718e-14
13.6 5.6 5.18818e-15
13.8 5.6 1.18515e-15
14 5.6 2.49984e-16
14.2 5.6 4.86906e-17
14.4 5.6 8.75742e-18
14.6 5.6 1.45451e-18
14.8 5.6 2.22749e-19
5.2 5.8 1.23856e-18
5.4 5.8 8.08729e-18
5.6 5.8 4.86906e-17
5.8 5.8 2.70705e-16
6 5.8 1.38979e-15
6.2 5.8 6.58858e-15
6.4 5.8 2.88417e-14
6.6 5.8 1.16581e-13
6.8 5.8 4.35117e-13
7 5.8 1.49951e-12
7.2 5.8 4.77146e-12
7.4 5.8 1.40187e-11
7.6 5.8 3.80288e-11
7.8 5.8 9.52492e-11
8 5.8 2.20267e-10
8.2 5.8 4.703e-10
8.4 5.8 9.27114e-10
8.6 5.8 1.68741e-09
8.8 5.8 2.83553e-09
9 5.8 4.3992e-09
9.2 5.8 6.30138e-09
9.4 5.8 8.33334e-09
9.6 5.8 1.01747e-08
9.8 5.8 1.14695e-08
10 5.8 1.19367e-08
10.2 5.8 1.14695e-08
10.4 5.8 1.01747e-08
10.6 5.8 8.33334e-09
10.8 5.8 6.30138e-09
11 5.8 4.3992e-09
11.2 5.8 2.83553e-09
11.4 5.8 1.68741e-09
11.6 5.8 9.27114e-10
11.8 5.8 4.703e-10
12 5.8 2.20267e-10
12.2 5.8 9.52492e-11
12.4 5.8 3.80288e-11
12.6 5.8 1.40187e-11
12.8 5.8 4.77146e-12
13 5.8 1.49951e-12
13.2 5.8 4.35117e-13
13.4 5.8 1.16581e-13
13.6 5.8 2.88417e-14
13.8 5.8 6.58858e-15
14 5.8 1.38979e-15
14.2 5.8 2.70705e-16
14.4 5.8 4.86906e-17
14.6 5.8 8.08729e-18
14.8 5.8 1.23856e-18
5.2 6 6.3594e-18
5.4 6 4.1523e-17
5.6 6 2.49984e-16
5.8 6 1.38979e-15
6 6 7.13483e-15
6.2 6 3.38231e-14
6.4 6 1.48057e-13
6.6 6 5.98445e-13
6.8 6 2.23353e-12
7 6 7.69705e-12
7.2 6 2.44916e-11
7.4 6 7.19556e-11
7.6 6 1.95192e-10
7.8 6 4.88882e-10
8 6 1.13054e-09
8.2 6 2.41382e-09
8.4 6 4.75837e-09
8.6 6 8.66047e-09
8.8 6 1.4553e-08
9 6 2.25782e-08
9.2 6 3.23406e-08
9.4 6 4.2769e-08
9.6 6 5.22192e-08
9.8 6 5.88643e-08
10 6 6.12622e-08
10.2 6 5.88643e-08
10.4 6 5.22192e-08
10.6 6 4.2769e-08
10.8 6 3.23406e-08
11 6 2.25782e-08
11.2 6 1.4553e-08
11.4 6 8.66047e-09
11.6 6 4.75837e-09
11.8 6 2.41382e-09
12 6 1.13054e-09
12.2 6 4.88882e-10
12.4 6 1.95192e-10
12.6 6 7.19556e-11
12.8 6 2.44916e-11
13 6 7.69705e-12
13.2 6 2.23353e-12
13.4 6 5.98445e-13
13.6 6 1.48057e-13
13.8 6 3.38231e-14
14 6 7.13483e-15
14.2 6 1.38979e-15
14.4 6 2.49984e-16
14.6 6 4.1523e-17
14.8 6 6.3594e-18
5.2 6.2 3.01512e-17
5.4 6.2 1.96863e-16
5.6 6.2 1.18515e-15
5.8 6.2 6.58858e-15
6 6.2 3.38231e-14
6.2 6.2 1.60336e-13
6.4 6.2 7.01833e-13
6.6 6.2 2.83673e-12
6.8 6.2 1.0587e-11
7 6.2 3.64836e-11
7.2 6.2 1.16086e-10
7.4 6.2 3.41052e-10
7.6 6.2 9.25148e-10
7.8 6.2 2.31711e-09
8 6.2 5.35825e-09
8.2 6.2 1.14403e-08
8.4 6.2 2.2552e-08
8.6 6.2 4.10454e-08
8.8 6.2 6.89719e-08
9 6.2 1.07005e-07
9.2 6.2 1.53272e-07
9.4 6.2 2.02694e-07
9.6 6.2 2.47481e-07
9.8 6.2 2.78973e-07
10 6.2 2.90337e-07
10.2 6.2 2.78973e-07
10.4 6.2 2.47481e-07
10.6 6.2 2.02694e-07
10.8 6.2 1.53272e-07
11 6.2 1.07005e-07
11.2 6.2 6.89719e-08
11.4 6.2 4.10454e-08
11.6 6.2 2.2552e-08
11.8 6.2 1.14403e-08
12 6.2 5.35825e-09
12.2 6.2 2.31711e-09
12.4 6.2 9.25148e-10
12.6 6.2 3.41052e-10
12.8 6.2 1.16086e-10
13 6.2 3.64836e-11
13.2 6.2 1.0587e-11
13.4 6.2 2.83673e-12
13.6 6.2 7.01833e-13
13.8 6.2 1.60336e-13
14 6.2 3.38231e-14
14.2 6.2 6.58858e-15
14.4 6.2 1.18515e-15
14.6 6.2 1.96863e-16
14.8 6.2 3.01512e-17
5.2 6.4 1.32e-16
5.4 6.4 8.61832e-16
5.6 6.4 5.18818e-15
5.8 6.4 2.88417e-14
6 6.4 1.48057e-13
6.2 6.4 7.01833e-13
6.4 6.4 3.07203e-12
6.6 6.4 1.24165e-11
6.8 6.4 4.63389e-11
7 6.4 1.59684e-10
7.2 6.4 5.08086e-10
7.4 6.4 1.49269e-09
7.6 6.4 4.04904e-09
7.8 6.4 1.0141e-08
8 6.4 2.34506e-08
8.2 6.4 5.00683e-08
8.4 6.4 9.86976e-08
8.6 6.4 1.79631e-07
8.8 6.4 3.01846e-07
9 6.4 4.68292e-07
9.2 6.4 6.70766e-07
9.4 6.4 8.87052e-07
9.6 6.4 1.08305e-06
9.8 6.4 1.22087e-06
10 6.4 1.2706e-06
10.2 6.4 1.22087e-06
10.4 6.4 1.08305e-06
10.6 6.4 8.87052e-07
10.8 6.4 6.70766e-07
11 6.4 4.68292e-07
11.2 6.4 3.01846e-07
11.4 6.4 1.79631e-07
11.6 6.4 9.86976e-08
11.8 6.4 5.00683e-08
12 6.4 2.34506e-08
12.2 6.4 1.0141e-08
12.4 6.4 4.04904e-09
12.6 6.4 1.49269e-09
12.8 6.4 5.08086e-10
13 6.4 1.59684e-10
13.2 6.4 4.63389e-11
13.4 6.4 1.24165e-11
13.6 6.4 3.07203e-12
13.8 6.4 7.01833e-13
14 6.4 1.48057e-13
14.2 6.4 2.88417e-14
14.4 6.4 5.18818e-15
14.6 6.4 8.61832e-16
14.8 6.4 1.32e-16
5.2 6.6 5.33603e-16
5.4 6.6 3.48383e-15
5.6 6.6 2.09718e-14
5.8 6.6 1.16581e-13
6 6.6 5.98445e-13
6.2 6.6 2.83673e-12
6.4 6.6 1.24165e-11
6.6 6.6 5.01837e-11
6.8 6.6 1.87284e-10
7 6.6 6.45368e-10
7.2 6.6 2.05341e-09
7.4 6.6 6.03255e-09
7.6 6.6 1.63636e-08
7.8 6.6 4.09828e-08
8 6.6 9.47695e-08
8.2 6.6 2.02336e-07
8.4 6.6 3.98853e-07
8.6 6.6 7.25914e-07
8.8 6.6 1.21979e-06
9 6.6 1.89241e-06
9.2 6.6 2.71061e-06
9.4 6.6 3.58462e-06
9.6 6.6 4.37665e-06
9.8 6.6 4.93357e-06
10 6.6 5.13453e-06
10.2 6.6 4.93357e-06
10.4 6.6 4.37665e-06
10.6 6.6 3.58462e-06
10.8 6.6 2.71061e-06
11 6.6 1.89241e-06
11.2 6.6 1.21979e-06
11.4 6.6 7.25914e-07
11.6 6.6 3.98853e-07
11.8 6.6 2.02336e-07
12 6.6 9.47695e-08
12.2 6.6 4.09828e-08
12.4 6.6 1.63636e-08
12.6 6.6 6.03255e-09
12.8 6.6 2.05341e-09
13 6.6 6.45368e-10
13.2 6.6 1.87284e-10
13.4 6.6 5.01837e-11
13.6 6.6 1.24165e-11
13.8 6.6 2.83673e-12
14 6.6 5.98445e-13
14.2 6.6 1.16581e-13
14.4 6.6 2.09718e-14
14.6 6.6 3.48383e-15
14.8 6.6 5.33603e-16
5.2 6.8 1.99173e-15
5.4 6.8 1.30035e-14
5.6 6.8 7.82754e-14
5.8 6.8 4.35117e-13
6 6.8 2.23353e-12
6.2 6.8 1.0587e-11
6.4 6.8 4.63389e-11
6.6 6.8 1.87284e-10
6.8 6.8 6.98925e-10
7 6.8 2.40841e-09
7.2 6.8 7.66287e-09
7.4 6.8 2.25118e-08
7.6 6.8 6.10635e-08
7.8 6.8 1.52933e-07
8 6.8 3.53641e-07
8.2 6.8 7.55028e-07
8.4 6.8 1.48833e-06
8.6 6.8 2.70875e-06
8.8 6.8 4.55163e-06
9 6.8 7.06143e-06
9.2 6.8 1.01145e-05
9.4 6.8 1.33758e-05
9.6 6.8 1.63311e-05
9.8 6.8 1.84092e-05
10 6.8 1.9159e-05
10.2 6.8 1.84092e-05
10.4 6.8 1.63311e-05
10.6 6.8 1.33758e-05
10.8 6.8 1.01145e-05
11 6.8 7.06143e-06
11.2 6.8 4.55163e-06
11.4 6.8 2.70875e-06
11.6 6.8 1.48833e-06
11.8 6.8 7.55028e-07
12 6.8 3.53641e-07
12.2 6.8 1.52933e-07
12.4 6.8 6.10635e-08
12.6 6.8 2.25118e-08
12.8 6.8 7.66287e-09
13 6.8 2.40841e-09
13.2 6.8 6.98925e-10
13.4 6.8 1.87284e-10
13.6 6.8 4.63389e-11
13.8 6.8 1.0587e-11
14 6.8 2.23353e-12
14.2 6.8 4.35117e-13
14.4 6.8 7.82754e-14
14.6 6.8 1.30035e-14
14.8 6.8 1.99173e-15
5.2 7 6.86446e-15
5.4 7 4.48152e-14
5.6 7 2.69761e-13
5.8 7 1.49951e-12
6 7 7.69705e-12
6.2 7 3.64836e-11
6.4 7 1.59684e-10
6.6 7 6.45368e-10
6.8 7 2.40841e-09
7 7 8.29892e-09
7.2 7 2.64044e-08
7.4 7 7.75694e-08
7.6 7 2.10405e-07
7.8 7 5.26951e-07
8 7 1.21851e-06
8.2 7 2.60151e-06
8.4 7 5.12812e-06
8.6 7 9.33306e-06
8.8 7 1.56827e-05
9 7 2.43301e-05
9.2 7 3.48492e-05
9.4 7 4.60857e-05
9.6 7 5.62681e-05
9.8 7 6.34279e-05
10 7 6.60116e-05
10.2 7 6.34279e-05
10.4 7 5.62681e-05
10.6 7 4.60857e-05
10.8 7 3.48492e-05
11 7 2.43301e-05
11.2 7 1.56827e-05
11.4 7 9.33306e-06
11.6 7 5.12812e-06
11.8 7 2.60151e-06
12 7 1.21851e-06
12.2 7 5.26951e-07
12.4 7 2.10405e-07
12.6 7 7.75694e-08
12.8 7 2.64044e-08
13 7 8.29892e-09
13.2 7 2.40841e-09
13.4 7 6.45368e-10
13.6 7 1.59684e-10
13.8 7 3.64836e-11
14 7 7.69705e-12
14.2 7 1.49951e-12
14.4 7 2.69761e-13
14.6 7 4.48152e-14
14.8 7 6.86446e-15
5.2 7.2 2.18443e-14
5.4 7.2 1.4261e-13
5.6 7.2 8.58405e-13
5.8 7.2 4.77146e-12
6 7.2 2.44916e-11
6.2 7.2 1.16086e-10
6.4 7.2 5.08086e-10
6.6 7.2 2.05341e-09
6.8 7.2 7.66287e-09
7 7.2 2.64044e-08
7.2 7.2 8.40092e-08
7.4 7.2 2.46794e-07
7.6 7.2 6.69416e-07
7.8 7.2 1.67651e-06
8 7.2 3.87667e-06
8.2 7.2 8.27662e-06
8.4 7.2 1.63148e-05
8.6 7.2 2.96925e-05
8.8 7.2 4.9893e-05
9 7.2 7.74037e-05
9.2 7.2 0.000110869
9.4 7.2 0.000146616
9.6 7.2 0.00017901
9.8 7.2 0.000201788
10 7.2 0.000210007
10.2 7.2 0.000201788
10.4 7.2 0.00017901
10.6 7.2 0.000146616
10.8 7.2 0.000110869
11 7.2 7.74037e-05
11.2 7.2 4.9893e-05
11.4 7.2 2.96925e-05
11.6 7.2 1.63148e-05
11.8 7.2 8.27662e-06
12 7.2 3.87667e-06
12.2 7.2 1.67651e-06
12.4 7.2 6.69416e-07
12.6 7.2 2.46794e-07
12.8 7.2 8.40092e-08
13 7.2 2.64044e-08
13.2 7.2 7.66287e-09
13.4 7.2 2.05341e-09
13.6 7.2 5.08086e-10
13.8 7.2 1.16086e-10
14 7.2 2.44916e-11
14.2 7.2 4.77146e-12
14.4 7.2 8.58405e-13
14.6 7.2 1.4261e-13
14.8 7.2 2.18443e-14
5.2 7.4 6.41831e-14
5.4 7.4 4.1901e-13
5.6 7.4 2.52207e-12
5.8 7.4 1.40187e-11
6 7.4 7.19556e-11
6.2 7.4 3.41052e-10
6.4 7.4 1.49269e-09
6.6 7.4 6.03255e-09
6.8 7.4 2.25118e-08
7 7.4 7.75694e-08
7.2 7.4 2.46794e-07
7.4 7.4 7.25e-07
7.6 7.4 1.96651e-06
7.8 7.4 4.92494e-06
8 7.4 1.13881e-05
8.2 7.4 2.43131e-05
8.4 7.4 4.79257e-05
8.6 7.4 8.72226e-05
8.8 7.4 0.000146562
9 7.4 0.000227374
9.2 7.4 0.000325677
9.4 7.4 0.000430684
9.6 7.4 0.000525839
9.8 7.4 0.000592748
10 7.4 0.000616892
10.2 7.4 0.000592748
10.4 7.4 0.000525839
10.6 7.4 0.000430684
10.8 7.4 0.000325677
11 7.4 0.000227374
11.2 7.4 0.000146562
11.4 7.4 8.72226e-05
11.6 7.4 4.79257e-05
11.8 7.4 2.43131e-05
12 7.4 1.13881e-05
12.2 7.4 4.92494e-06
12.4 7.4 1.96651e-06
12.6 7.4 7.25e-07
12.8 7.4 2.46794e-07
13 7.4 7.75694e-08
13.2 7.4 2.25118e-08
13.4 7.4 6.03255e-09
13.6 7.4 1.49269e-09
13.8 7.4 3.41052e-10
14 7.4 7.19556e-11
14.2 7.4 1.40187e-11
14.4 7.4 2.52207e-12
14.6 7.4 4.1901e-13
14.8 7.4 6.41831e-14
5.2 7.6 1.74121e-13
5.4 7.6 1.1367e-12
5.6 7.6 6.84181e-12
5.8 7.6 3.80288e-11
6 7.6 1.95192e-10
6.2 7.6 9.25148e-10
6.4 7.6 4.04904e-09
6.6 7.6 1.63636e-08
6.8 7.6 6.10635e-08
7 7.6 2.10405e-07
7.2 7.6 6.69416e-07
7.4 7.6 1.96651e-06
7.6 7.6 5.33394e-06
7.8 7.6 1.33583e-05
8 7.6 3.08885e-05
8.2 7.6 6.59454e-05
8.4 7.6 0.00012999
8.6 7.6 0.000236574
8.8 7.6 0.000397519
9 7.6 0.000616703
9.2 7.6 0.000883326
9.4 7.6 0.00116813
9.6 7.6 0.00142622
9.8 7.6 0.00160769
10 7.6 0.00167317
10.2 7.6 0.00160769
10.4 7.6 0.00142622
10.6 7.6 0.00116813
10.8 7.6 0.000883326
11 7.6 0.000616703
11.2 7.6 0.000397519
11.4 7.6 0.000236574
11.6 7.6 0.00012999
11.8 7.6 6.59454e-05
12 7.6 3.08885e-05
12.2 7.6 1.33583e-05
12.4 7.6 5.33394e-06
12.6 7.6 1.96651e-06
12.8 7.6 6.69416e-07
13 7.6 2.10405e-07
13.2 7.6 6.10635e-08
13.4 7.6 1.63636e-08
13.6 7.6 4.04904e-09
13.8 7.6 9.25148e-10
14 7.6 1.95192e-10
14.2 7.6 3.80288e-11
14.4 7.6 6.84181e-12
14.6 7.6 1.1367e-12
14.8 7.6 1.74121e-13
5.2 7.8 4.36135e-13
5.4 7.8 2.84716e-12
5.6 7.8 1.71367e-11
5.8 7.8 9.52492e-11
6 7.8 4.88882e-10
6.2 7.8 2.31711e-09
6.4 7.8 1.0141e-08
6.6 7.8 4.09828e-08
6.8 7.8 1.52933e-07
7 7.8 5.26951e-07
7.2 7.8 1.67651e-06
7.4 7.8 4.92494e-06
7.6 7.8 1.33583e-05
7.8 7.8 3.34541e-05
8 7.8 7.73558e-05
8.2 7.8 0.00016515
8.4 7.8 0.000325537
8.6 7.8 0.000592457
8.8 7.8 0.000995508
9 7.8 0.00154441
9.2 7.8 0.00221211
9.4 7.8 0.00292533
9.6 7.8 0.00357165
9.8 7.8 0.0040261
10 7.8 0.00419009
10.2 7.8 0.0040261
10.4 7.8 0.00357165
10.6 7.8 0.00292533
10.8 7.8 0.00221211
11 7.8 0.00154441
11.2 7.8 0.000995508
11.4 7.8 0.000592457
11.6 7.8 0.000325537
11.8 7.8 0.00016515
12 7.8 7.73558e-05
12.2 7.8 3.34541e-05
12.4 7.8 1.33583e-05
12.6 7.8 4.92494e-06
12.8 7.8 1.67651e-06
13 7.8 5.26951e-07
13.2 7.8 1.52933e-07
13.4 7.8 4.09828e-08
13.6 7.8 1.0141e-08
13.8 7.8 2.31711e-09
14 7.8 4.88882e-10
14.2 7.8 9.52492e-11
14.4 7.8 1.71367e-11
14.6 7.8 2.84716e-12
14.8 7.8 4.36135e-13
5.2 8 1.00862e-12
5.4 8 6.58437e-12
5.6 8 3.96299e-11
5.8 8 2.20267e-10
6 8 1.13054e-09
6.2 8 5.35825e-09
6.4 8 2.34506e-08
6.6 8 9.47695e-08
6.8 8 3.53641e-07
7 8 1.21851e-06
7.2 8 3.87667e-06
7.4 8 1.13881e-05
7.6 8 3.08885e-05
7.8 8 7.73558e-05
8 8 0.000178869
8.2 8 0.000381871
8.4 8 0.000752726
8.6 8 0.00136991
8.8 8 0.00230186
9 8 0.00357104
9.2 8 0.0051149
9.4 8 0.00676403
9.6 8 0.00825844
9.8 8 0.00930924
10 8 0.00968842
10.2 8 0.00930924
10.4 8 0.00825844
10.6 8 0.00676403
10.8 8 0.0051149
11 8 0.00357104
11.2 8 0.00230186
11.4 8 0.00136991
11.6 8 0.000752726
11.8 8 0.000381871
12 8 0.000178869
12.2 8 7.73558e-05
12.4 8 3.08885e-05
12.6 8 1.13881e-05
12.8 8 3.87667e-06
13 8 1.21851e-06
13.2 8 3.53641e-07
13.4 8 9.47695e-08
13.6 8 2.34506e-08
13.8 8 5.35825e-09
14 8 1.13054e-09
14.2 8 2.20267e-10
14.4 8 3.96299e-11
14.6 8 6.58437e-12
14.8 8 1.00862e-12
5.2 8.2 2.15363e-12
5.4 8.2 1.40589e-11
5.6 8.2 8.46163e-11
5.8 8.2 4.703e-10
6 8.2 2.41382e-09
6.2 8.2 1.14403e-08
6.4 8.2 5.00683e-08
6.6 8.2 2.02336e-07
6.8 8.2 7.55028e-07
7 8.2 2.60151e-06
7.2 8.2 8.27662e-06
7.4 8.2 2.43131e-05
7.6 8.2 6.59454e-05
7.8 8.2 0.00016515
8 8.2 0.000381871
8.2 8.2 0.000815262
8.4 8.2 0.001607
8.6 8.2 0.00292462
8.8 8.2 0.00491422
9 8.2 0.00762375
9.2 8.2 0.0109197
9.4 8.2 0.0144404
9.6 8.2 0.0176307
9.8 8.2 0.0198741
10 8.2 0.0206835
10.2 8.2 0.0198741
10.4 8.2 0.0176307
10.6 8.2 0.0144404
10.8 8.2 0.0109197
11 8.2 0.00762375
11.2 8.2 0.00491422
11.4 8.2 0.00292462
11.6 8.2 0.001607
11.8 8.2 0.000815262
12 8.2 0.000381871
12.2 8.2 0.00016515
12.4 8.2 6.59454e-05
12.6 8.2 2.43131e-05
12.8 8.2 8.27662e-06
13 8.2 2.60151e-06
13.2 8.2 7.55028e-07
13.4 8.2 2.02336e-07
13.6 8.2 5.00683e-08
13.8 8.2 1.14403e-08
14 8.2 2.41382e-09
14.2 8.2 4.703e-10
14.4 8.2 8.46163e-11
14.6 8.2 1.40589e-11
14.8 8.2 2.15363e-12
5.2 8.4 4.24566e-12
5.4 8.4 2.77154e-11
5.6 8.4 1.66808e-10
5.8 8.4 9.27114e-10
6 8.4 4.75837e-09
6.2 8.4 2.2552e-08
6.4 8.4 9.86976e-08
6.6 8.4 3.98853e-07
6.8 8.4 1.48833e-06
7 8.4 5.12812e-06
7.2 8.4 1.63148e-05
7.4 8.4 4.79257e-05
7.6 8.4 0.00012999
7.8 8.4 0.000325537
8 8.4 0.000752726
8.2 8.4 0.001607
8.4 8.4 0.00316762
8.6 8.4 0.00576481
8.8 8.4 0.00968654
9 8.4 0.0150273
9.2 8.4 0.021524
9.4 8.4 0.0284636
9.6 8.4 0.0347522
9.8 8.4 0.039174
10 8.4 0.0407696
10.2 8.4 0.039174
10.4 8.4 0.0347522
10.6 8.4 0.0284636
10.8 8.4 0.021524
11 8.4 0.0150273
11.2 8.4 0.00968654
11.4 8.4 0.00576481
11.6 8.4 0.00316762
11.8 8.4 0.001607
12 8.4 0.000752726
12.2 8.4 0.000325537
12.4 8.4 0.00012999
12.6 8.4 4.79257e-05
12.8 8.4 1.63148e-05
13 8.4 5.12812e-06
13.2 8.4 1.48833e-06
13.4 8.4 3.98853e-07
13.6 8.4 9.86976e-08
13.8 8.4 2.2552e-08
14 8.4 4.75837e-09
14.2 8.4 9.27114e-10
14.4 8.4 1.66808e-10
14.6 8.4 2.77154e-11
14.8 8.4 4.24566e-12
5.2 8.6 7.72762e-12
5.4 8.6 5.0445e-11
5.6 8.6 3.03605e-10
5.8 8.6 1.68741e-09
6 8.6 8.66047e-09
6.2 8.6 4.10454e-08
6.4 8.6 1.79631e-07
6.6 8.6 7.25914e-07
6.8 8.6 2.70875e-06
7 8.6 9.33306e-06
7.2 8.6 2.96925e-05
7.4 8.6 8.72226e-05
7.6 8.6 0.000236574
7.8 8.6 0.000592457
8 8.6 0.00136991
8.2 8.6 0.00292462
8.4 8.6 0.00576481
8.6 8.6 0.0104914
8.8 8.6 0.0176286
9 8.6 0.0273483
9.2 8.6 0.0391716
9.4 8.6 0.051801
9.6 8.6 0.0632454
9.8 8.6 0.0712926
10 8.6 0.0741964
10.2 8.6 0.0712926
10.4 8.6 0.0632454
10.6 8.6 0.051801
10.8 8.6 0.0391716
11 8.6 0.0273483
11.2 8.6 0.0176286
11.4 8.6 0.0104914
11.6 8.6 0.00576481
11.8 8.6 0.00292462
12 8.6 0.00136991
12.2 8.6 0.000592457
12.4 8.6 0.000236574
12.6 8.6 8.72226e-05
12.8 8.6 2.96925e-05
13 8.6 9.33306e-06
13.2 8.6 2.70875e-06
13.4 8.6 7.25914e-07
13.6 8.6 1.79631e-07
13.8 8.6 4.10454e-08
14 8.6 8.66047e-09
14.2 8.6 1.68741e-09
14.4 8.6 3.03605e-10
14.6 8.6 5.0445e-11
14.8 8.6 7.72762e-12
5.2 8.8 1.29859e-11
5.4 8.8 8.47697e-11
5.6 8.8 5.10185e-10
5.8 8.8 2.83553e-09
6 8.8 1.4553e-08
6.2 8.8 6.89719e-08
6.4 8.8 3.01846e-07
6.6 8.8 1.21979e-06
6.8 8.8 4.55163e-06
7 8.8 1.56827e-05
7.2 8.8 4.9893e-05
7.4 8.8 0.000146562
7.6 8.8 0.000397519
7.8 8.8 0.000995508
8 8.8 0.00230186
8.2 8.8 0.00491422
8.4 8.8 0.00968654
8.6 8.8 0.0176286
8.8 8.8 0.029621
9 8.8 0.0459528
9.2 8.8 0.0658191
9.4 8.8 0.0870398
9.6 8.8 0.10627
9.8 8.8 0.119791
10 8.8 0.12467
10.2 8.8 0.119791
10.4 8.8 0.10627
10.6 8.8 0.0870398
10.8 8.8 0.0658191
11 8.8 0.0459528
11.2 8.8 0.029621
11.4 8.8 0.0176286
11.6 8.8 0.00968654
11.8 8.8 0.00491422
12 8.8 0.00230186
12.2 8.8 0.000995508
12.4 8.8 0.000397519
12.6 8.8 0.000146562
12.8 8.8 4.9893e-05
13 8.8 1.56827e-05
13.2 8.8 4.55163e-06
13.4 8.8 1.21979e-06
13.6 8.8 3.01846e-07
13.8 8.8 6.89719e-08
14 8.8 1.4553e-08
14.2 8.8 2.83553e-09
14.4 8.8 5.10185e-10
14.6 8.8 8.47697e-11
14.8 8.8 1.29859e-11
5.2 9 2.01475e-11
5.4 9 1.31518e-10
5.6 9 7.91535e-10
5.8 9 4.3992e-09
6 9 2.25782e-08
6.2 9 1.07005e-07
6.4 9 4.68292e-07
6.6 9 1.89241e-06
6.8 9 7.06143e-06
7 9 2.43301e-05
7.2 9 7.74037e-05
7.4 9 0.000227374
7.6 9 0.000616703
7.8 9 0.00154441
8 9 0.00357104
8.2 9 0.00762375
8.4 9 0.0150273
8.6 9 0.0273483
8.8 9 0.0459528
9 9 0.0712891
9.2 9 0.102109
9.4 9 0.135029
9.6 9 0.164861
9.8 9 0.185838
10 9 0.193407
10.2 9 0.185838
10.4 9 0.164861
10.6 9 0.135029
10.8 9 0.102109
11 9 0.0712891
11.2 9 0.0459528
11.4 9 0.0273483
11.6 9 0.0150273
11.8 9 0.00762375
12 9 0.00357104
12.2 9 0.00154441
12.4 9 0.000616703
12.6 9 0.000227374
12.8 9 7.74037e-05
13 9 2.43301e-05
13.2 9 7.06143e-06
13.4 9 1.89241e-06
13.6 9 4.68292e-07
13.8 9 1.07005e-07
14 9 2.25782e-08
14.2 9 4.3992e-09
14.4 9 7.91535e-10
14.6 9 1.31518e-10
14.8 9 2.01475e-11
5.2 9.2 2.88596e-11
5.4 9.2 1.88388e-10
5.6 9.2 1.1338e-09
5.8 9.2 6.30138e-09
6 9.2 3.23406e-08
6.2 9.2 1.53272e-07
6.4 9.2 6.70766e-07
6.6 9.2 2.71061e-06
6.8 9.2 1.01145e-05
7 9.2 3.48492e-05
7.2 9.2 0.000110869
7.4 9.2 0.000325677
7.6 9.2 0.000883326
7.8 9.2 0.00221211
8 9.2 0.0051149
8.2 9.2 0.0109197
8.4 9.2 0.021524
8.6 9.2 0.0391716
8.8 9.2 0.0658191
9 9.2 0.102109
9.2 9.2 0.146252
9.4 9.2 0.193405
9.6 9.2 0.236133
9.8 9.2 0.266178
10 9.2 0.27702
10.2 9.2 0.266178
10.4 9.2 0.236133
10.6 9.2 0.193405
10.8 9.2 0.146252
11 9.2 0.102109
11.2 9.2 0.0658191
11.4 9.2 0.0391716
11.6 9.2 0.021524
11.8 9.2 0.0109197
12 9.2 0.0051149
12.2 9.2 0.00221211
12.4 9.2 0.000883326
12.6 9.2 0.000325677
12.8 9.2 0.000110869
13 9.2 3.48492e-05
13.2 9.2 1.01145e-05
13.4 9.2 2.71061e-06
13.6 9.2 6.70766e-07
13.8 9.2 1.53272e-07
14 9.2 3.23406e-08
14.2 9.2 6.30138e-09
14.4 9.2 1.1338e-09
14.6 9.2 1.88388e-10
14.8 9.2 2.88596e-11
5.2 9.4 3.81662e-11
5.4 9.4 2.49139e-10
5.6 9.4 1.49941e-09
5.8 9.4 8.33334e-09
6 9.4 4.2769e-08
6.2 9.4 2.02694e-07
6.4 9.4 8.87052e-07
6.6 9.4 3.58462e-06
6.8 9.4 1.33758e-05
7 9.4 4.60857e-05
7.2 9.4 0.000146616
7.4 9.4 0.000430684
7.6 9.4 0.00116813
7.8 9.4 0.00292533
8 9.4 0.00676403
8.2 9.4 0.0144404
8.4 9.4 0.0284636
8.6 9.4 0.051801
8.8 9.4 0.0870398
9 9.4 0.135029
9.2 9.4 0.193405
9.4 9.4 0.25576
9.6 9.4 0.312264
9.8 9.4 0.351995
10 9.4 0.366332
10.2 9.4 0.351995
10.4 9.4 0.312264
10.6 9.4 0.25576
10.8 9.4 0.193405
11 9.4 0.135029
11.2 9.4 0.0870398
11.4 9.4 0.051801
11.6 9.4 0.0284636
11.8 9.4 0.0144404
12 9.4 0.00676403
12.2 9.4 0.00292533
12.4 9.4 0.00116813
12.6 9.4 0.000430684
12.8 9.4 0.000146616
13 9.4 4.60857e-05
13.2 9.4 1.33758e-05
13.4 9.4 3.58462e-06
13.6 9.4 8.87052e-07
13.8 9.4 2.02694e-07
14 9.4 4.2769e-08
14.2 9.4 8.33334e-09
14.4 9.4 1.49941e-09
14.6 9.4 2.49139e-10
14.8 9.4 3.81662e-11
5.2 9.6 4.66001e-11
5.4 9.6 3.04192e-10
5.6 9.6 1.83073e-09
5.8 9.6 1.01747e-08
6 9.6 5.22192e-08
6.2 9.6 2.47481e-07
6.4 9.6 1.08305e-06
6.6 9.6 4.37665e-06
6.8 9.6 1.63311e-05
7 9.6 5.62681e-05
7.2 9.6 0.00017901
7.4 9.6 0.000525839
7.6 9.6 0.00142622
7.8 9.6 0.00357165
8 9.6 0.00825844
8.2 9.6 0.0176307
8.4 9.6 0.0347522
8.6 9.6 0.0632454
8.8 9.6 0.10627
9 9.6 0.164861
9.2 9.6 0.236133
9.4 9.6 0.312264
9.6 9.6 0.381252
9.8 9.6 0.429761
10 9.6 0.447265
10.2 9.6 0.429761
10.4 9.6 0.381252
10.6 9.6 0.312264
10.8 9.6 0.236133
11 9.6 0.164861
11.2 9.6 0.10627
11.4 9.6 0.0632454
11.6 9.6 0.0347522
11.8 9.6 0.0176307
12 9.6 0.00825844
12.2 9.6 0.00357165
12.4 9.6 0.00142622
12.6 9.6 0.000525839
12.8 9.6 0.00017901
13 9.6 5.62681e-05
13.2 9.6 1.63311e-05
13.4 9.6 4.37665e-06
13.6 9.6 1.08305e-06
13.8 9.6 2.47481e-07
14 9.6 5.22192e-08
14.2 9.6 1.01747e-08
14.4 9.6 1.83073e-09
14.6 9.6 3.04192e-10
14.8 9.6 4.66001e-11
5.2 9.8 5.25305e-11
5.4 9.8 3.42903e-10
5.6 9.8 2.06371e-09
5.8 9.8 1.14695e-08
6 9.8 5.88643e-08
6.2 9.8 2.78973e-07
6.4 9.8 1.22087e-06
6.6 9.8 4.93357e-06
6.8 9.8 1.84092e-05
7 9.8 6.34279e-05
7.2 9.8 0.000201788
7.4 9.8 0.000592748
7.6 9.8 0.00160769
7.8 9.8 0.0040261
8 9.8 0.00930924
8.2 9.8 0.0198741
8.4 9.8 0.039174
8.6 9.8 0.0712926
8.8 9.8 0.119791
9 9.8 0.185838
9.2 9.8 0.266178
9.4 9.8 0.351995
9.6 9.8 0.429761
9.8 9.8 0.484442
10 9.8 0.504173
10.2 9.8 0.484442
10.4 9.8 0.429761
10.6 9.8 0.351995
10.8 9.8 0.266178
11 9.8 0.185838
11.2 9.8 0.119791
11.4 9.8 0.0712926
11.6 9.8 0.039174
11.8 9.8 0.0198741
12 9.8 0.00930924
12.2 9.8 0.0040261
12.4 9.8 0.00160769
12.6 9.8 0.000592748
12.8 9.8 0.000201788
13 9.8 6.34279e-05
13.2 9.8 1.84092e-05
13.4 9.8 4.93357e-06
13.6 9.8 1.22087e-06
13.8 9.8 2.78973e-07
14 9.8 5.88643e-08
14.2 9.8 1.14695e-08
14.4 9.8 2.06371e-09
14.6 9.8 3.42903e-10
14.8 9.8 5.25305e-11
5.2 10 5.46705e-11
5.4 10 3.56872e-10
5.6 10 2.14777e-09
5.8 10 1.19367e-08
6 10 6.12622e-08
6.2 10 2.90337e-07
6.4 10 1.2706e-06
6.6 10 5.13453e-06
6.8 10 1.9159e-05
7 10 6.60116e-05
7.2 10 0.000210007
7.4 10 0.000616892
7.6 10 0.00167317
7.8 10 0.00419009
8 10 0.00968842
8.2 10 0.0206835
8.4 10 0.0407696
8.6 10 0.0741964
8.8 10 0.12467
9 10 0.193407
9.2 10 0.27702
9.4 10 0.366332
9.6 10 0.447265
9.8 10 0.504173
10 10 0.524708
10.2 10 0.504173
10.4 10 0.447265
10.6 10 0.366332
10.8 10 0.27702
11 10 0.193407
11.2 10 0.12467
11.4 10 0.0741964
11.6 10 0.0407696
11.8 10 0.0206835
12 10 0.00968842
12.2 10 0.00419009
12.4 10 0.00167317
12.6 10 0.000616892
12.8 10 0.000210007
13 10 6.60116e-05
13.2 10 1.9159e-05
13.4 10 5.13453e-06
13.6 10 1.2706e-06
13.8 10 2.90337e-07
14 10 6.12622e-08
14.2 10 1.19367e-08
14.4 10 2.14777e-09
14.6 10 3.56872e-10
14.8 10 5.46705e-11
5.2 10.2 5.25305e-11
5.4 10.2 3.42903e-10
5.6 10.2 2.06371e-09
5.8 10.2 1.14695e-08
6 10.2 5.88643e-08
6.2 10.2 2.78973e-07
6.4 10.2 1.22087e-06
6.6 10.2 4.93357e-06
6.8 10.2 1.84092e-05
7 10.2 6.34279e-05
7.2 10.2 0.000201788
7.4 10.2 0.000592748
7.6 10.2 0.00160769
7.8 10.2 0.0040261
8 10.2 0.00930924
8.2 10.2 0.0198741
8.4 10.2 0.039174
8.6 10.2 0.0712926
8.8 10.2 0.119791
9 10.2 0.185838
9.2 10.2 0.266178
9.4 10.2 0.351995
9.6 10.2 0.429761
9.8 10.2 0.484442
10 10.2 0.504173
10.2 10.2 0.484442
10.4 10.2 0.429761
10.6 10.2 0.351995
10.8 10.2 0.266178
11 10.2 0.185838
11.2 10.2 0.119791
11.4 10.2 0.0712926
11.6 10.2 0.039174
11.8 10.2 0.0198741
12 10.2 0.00930924
12.2 10.2 0.0040261
12.4 10.2 0.00160769
12.6 10.2 0.000592748
12.8 10.2 0.000201788
13 10.2 6.34279e-05
13.2 10.2 1.84092e-05
13.4 10.2 4.93357e-06
13.6 10.2 1.22087e-06
13.8 10.2 2.78973e-07
14 10.2 5.88643e-08
14.2 10.2 1.14695e-08
14.4 10.2 2.06371e-09
14.6 10.2 3.42903e-10
14.8 10.2 5.25305e-11
5.2 10.4 4.66001e-11
5.4 10.4 3.04192e-10
5.6 10.4 1.83073e-09
5.8 10.4 1.01747e-08
6 10.4 5.22192e-08
6.2 10.4 2.47481e-07
6.4 10.4 1.08305e-06
6.6 10.4 4.37665e-06
6.8 10.4 1.63311e-05
7 10.4 5.62681e-05
7.2 10.4 0.00017901
7.4 10.4 0.000525839
7.6 10.4 0.00142622
7.8 10.4 0.00357165
8 10.4 0.00825844
8.2 10.4 0.0176307
8.4 10.4 0.0347522
8.6 10.4 0.0632454
8.8 10.4 0.10627
9 10.4 0.164861
9.2 10.4 0.236133
9.4 10.4 0.312264
9.6 10.4 0.381252
9.8 10.4 0.429761
10 10.4 0.447265
10.2 10.4 0.429761
10.4 10.4 0.381252
10.6 10.4 0.312264
10.8 10.4 0.236133
11 10.4 0.164861
11.2 10.4 0.10627
11.4 10.4 0.0632454
11.6 10.4 0.0347522
11.8 10.4 0.0176307
12 10.4 0.00825844
12.2 10.4 0.00357165
12.4 10.4 0.00142622
12.6 10.4 0.000525839
12.8 10.4 0.00017901
13 10.4 5.62681e-05
13.2 10.4 1.63311e-05
13.4 10.4 4.37665e-06
13.6 10.4 1.08305e-06
13.8 10.4 2.47481e-07
14 10.4 5.22192e-08
14.2 10.4 1.01747e-08
14.4 10.4 1.83073e-09
14.6 10.4 3.04192e-10
14.8 10.4 4.66001e-11
5.2 10.6 3.81662e-11
5.4 10.6 2.49139e-10
5.6 10.6 1.49941e-09
5.8 10.6 8.33334e-09
6 10.6 4.2769e-08
6.2 10.6 2.02694e-07
6.4 10.6 8.87052e-07
6.6 10.6 3.58462e-06
6.8 10.6 1.33758e-05
7 10.6 4.60857e-05
7.2 10.6 0.000146616
7.4 10.6 0.000430684
7.6 10.6 0.00116813
7.8 10.6 0.00292533
8 10.6 0.00676403
8.2 10.6 0.0144404
8.4 10.6 0.0284636
8.6 10.6 0.051801
8.8 10.6 0.0870398
9 10.6 0.135029
9.2 10.6 0.193405
9.4 10.6 0.25576
9.6 10.6 0.312264
9.8 10.6 0.351995
10 10.6 0.366332
10.2 10.6 0.351995
10.4 10.6 0.312264
10.6 10.6 0.25576
10.8 10.6 0.193405
11 10.6 0.135029
11.2 10.6 0.0870398
11.4 10.6 0.051801
11.6 10.6 0.0284636
11.8 10.6 0.0144404
12 10.6 0.00676403
12.2 10.6 0.00292533
12.4 10.6 0.00116813
12.6 10.6 0.000430684
12.8 10.6 0.000146616
13 10.6 4.60857e-05
13.2 10.6 1.33758e-05
13.4 10.6 3.58462e-06
13.6 10.6 8.87052e-07
13.8 10.6 2.02694e-07
14 10.6 4.2769e-08
14.2 10.6 8.33334e-09
14.4 10.6 1.49941e-09
14.6 10.6 2.49139e-10
14.8 10.6 3.81662e-11
5.2 10.8 2.88596e-11
5.4 10.8 1.88388e-10
5.6 10.8 1.1338e-09
5.8 10.8 6.30138e-09
6 10.8 3.23406e-08
6.2 10.8 1.53272e-07
6.4 10.8 6.70766e-07
6.6 10.8 2.71061e-06
6.8 10.8 1.01145e-05
7 10.8 3.48492e-05
7.2 10.8 0.000110869
7.4 10.8 0.000325677
7.6 10.8 0.000883326
7.8 10.8 0.00221211
8 10.8 0.0051149
8.2 10.8 0.0109197
8.4 10.8 0.021524
8.6 10.8 0.0391716
8.8 10.8 0.0658191
9 10.8 0.102109
9.2 10.8 0.146252
9.4 10.8 0.193405
9.6 10.8 0.236133
9.8 10.8 0.266178
10 10.8 0.27702
10.2 10.8 0.266178
10.4 10.8 0.236133
10.6 10.8 0.193405
10.8 10.8 0.146252
11 10.8 0.102109
11.2 10.8 0.0658191
11.4 10.8 0.0391716
11.6 10.8 0.021524
11.8 10.8 0.0109197
12 10.8 0.0051149
12.2 10.8 0.00221211
12.4 10.8 0.000883326
12.6 10.8 0.000325677
12.8 10.8 0.000110869
13 10.8 3.48492e-05
13.2 10.8 1.01145e-05
13.4 10.8 2.71061e-06
13.6 10.8 6.70766e-07
13.8 10.8 1.53272e-07
14 10.8 3.23406e-08
14.2 10.8 6.30138e-09
14.4 10.8 1.1338e-09
14.6 10.8 1.88388e-10
14.8 10.8 2.88596e-11
5.2 11 2.01475e-11
5.4 11 1.31518e-10
5.6 11 7.91535e-10
5.8 11 4.3992e-09
6 11 2.25782e-08
6.2 11 1.07005e-07
6.4 11 4.68292e-07
6.6 11 1.89241e-06
6.8 11 7.06143e-06
7 11 2.43301e-05
7.2 11 7.74037e-05
7.4 11 0.000227374
7.6 11 0.000616703
7.8 11 0.00154441
8 11 0.00357104
8.2 11 0.00762375
8.4 11 0.0150273
8.6 11 0.0273483
8.8 11 0.0459528
9 11 0.0712891
9.2 11 0.102109
9.4 11 0.135029
9.6 11 0.164861
9.8 11 0.185838
10 11 0.193407
10.2 11 0.185838
10.4 11 0.164861
10.6 11 0.135029
10.8 11 0.102109
11 11 0.0712891
11.2 11 0.0459528
11.4 11 0.0273483
11.6 11 0.0150273
11.8 11 0.00762375
12 11 0.00357104
12.2 11 0.00154441
12.4 11 0.000616703
12.6 11 0.000227374
12.8 11 7.74037e-05
13 11 2.43301e-05
13.2 11 7.06143e-06
13.4 11 1.89241e-06
13.6 11 4.68292e-07
13.8 11 1.07005e-07
14 11 2.25782e-08
14.2 11 4.3992e-09
14.4 11 7.91535e-10
14.6 11 1.31518e-10
14.8 11 2.01475e-11
5.2 11.2 1.29859e-11
5.4 11.2 8.47697e-11
5.6 11.2 5.10185e-10
5.8 11.2 2.83553e-09
6 11.2 1.4553e-08
6.2 11.2 6.89719e-08
6.4 11.2 3.01846e-07
6.6 11.2 1.21979e-06
6.8 11.2 4.55163e-06
7 11.2 1.56827e-05
7.2 11.2 4.9893e-05
7.4 11.2 0.000146562
7.6 11.2 0.000397519
7.8 11.2 0.000995508
8 11.2 0.00230186
8.2 11.2 0.00491422
8.4 11.2 0.00968654
8.6 11.2 0.0176286
8.8 11.2 0.029621
9 11.2 0.0459528
9.2 11.2 0.0658191
9.4 11.2 0.0870398
9.6 11.2 0.10627
9.8 11.2 0.119791
10 11.2 0.12467
10.2 11.2 0.119791
10.4 11.2 0.10627
10.6 11.2 0.0870398
10.8 11.2 0.0658191
11 11.2 0.0459528
11.2 11.2 0.029621
11.4 11.2 0.0176286
11.6 11.2 0.00968654
11.8 11.2 0.00491422
12 11.2 0.00230186
12.2 11.2 0.000995508
12.4 11.2 0.000397519
12.6 11.2 0.000146562
12.8 11.2 4.9893e-05
13 11.2 1.56827e-05
13.2 11.2 4.55163e-06
13.4 11.2 1.21979e-06
13.6 11.2 3.01846e-07
13.8 11.2 6.89719e-08
14 11.2 1.4553e-08
14.2 11.2 2.83553e-09
14.4 11.2 5.10185e-10
14.6 11.2 8.47697e-11
14.8 11.2 1.29859e-11
5.2 11.4 7.72762e-12
5.4 11.4 5.0445e-11
5.6 11.4 3.03605e-10
5.8 11.4 1.68741e-09
6 11.4 8.66047e-09
6.2 11.4 4.10454e-08
6.4 11.4 1.79631e-07
6.6 11.4 7.25914e-07
6.8 11.4 2.70875e-06
7 11.4 9.33306e-06
7.2 11.4 2.96925e-05
7.4 11.4 8.72226e-05
7.6 11.4 0.000236574
7.8 11.4 0.000592457
8 11.4 0.00136991
8.2 11.4 0.00292462
8.4 11.4 0.00576481
8.6 11.4 0.0104914
8.8 11.4 0.0176286
9 11.4 0.0273483
9.2 11.4 0.0391716
9.4 11.4 0.051801
9.6 11.4 0.0632454
9.8 11.4 0.0712926
10 11.4 0.0741964
10.2 11.4 0.0712926
10.4 11.4 0.0632454
10.6 11.4 0.051801
10.8 11.4 0.0391716
11 11.4 0.0273483
11.2 11.4 0.0176286
11.4 11.4 0.0104914
11.6 11.4 0.00576481
11.8 11.4 0.00292462
12 11.4 0.00136991
12.2 11.4 0.000592457
12.4 11.4 0.000236574
12.6 11.4 8.72226e-05
12.8 11.4 2.96925e-05
13 11.4 9.33306e-06
13.2 11.4 2.70875e-06
13.4 11.4 7.25914e-07
13.6 11.4 1.79631e-07
13.8 11.4 4.10454e-08
14 11.4 8.66047e-09
14.2 11.4 1.68741e-09
14.4 11.4 3.03605e-10
14.6 11.4 5.0445e-11
14.8 11.4 7.72762e-12
5.2 11.6 4.24566e-12
5.4 11.6 2.77154e-11
5.6 11.6 1.66808e-10
5.8 11.6 9.27114e-10
6 11.6 4.75837e-09
6.2 11.6 2.2552e-08
6.4 11.6 9.86976e-08
6.6 11.6 3.98853e-07
6.8 11.6 1.48833e-06
7 11.6 5.12812e-06
7.2 11.6 1.63148e-05
7.4 11.6 4.79257e-05
7.6 11.6 0.00012999
7.8 11.6 0.000325537
8 11.6 0.000752726
8.2 11.6 0.001607
8.4 11.6 0.00316762
8.6 11.6 0.00576481
8.8 11.6 0.00968654
9 11.6 0.0150273
9.2 11.6 0.021524
9.4 11.6 0.0284636
9.6 11.6 0.0347522
9.8 11.6 0.039174
10 11.6 0.0407696
10.2 11.6 0.039174
10.4 11.6 0.0347522
10.6 11.6 0.0284636
10.8 11.6 0.021524
11 11.6 0.0150273
11.2 11.6 0.00968654
11.4 11.6 0.00576481
11.6 11.6 0.00316762
11.8 11.6 0.001607
12 11.6 0.000752726
12.2 11.6 0.000325537
12.4 11.6 0.00012999
12.6 11.6 4.79257e-05
12.8 11.6 1.63148e-05
13 11.6 5.12812e-06
13.2 11.6 1.48833e-06
13.4 11.6 3.98853e-07
13.6 11.6 9.86976e-08
13.8 11.6 2.2552e-08
14 11.6 4.75837e-09
14.2 11.6 9.27114e-10
14.4 11.6 1.66808e-10
14.6 11.6 2.77154e-11
14.8 11.6 4.24566e-12
5.2 11.8 2.15363e-12
5.4 11.8 1.40589e-11
5.6 11.8 8.46163e-11
5.8 11.8 4.703e-10
6 11.8 2.41382e-09
6.2 11.8 1.14403e-08
6.4 11.8 5.00683e-08
6.6 11.8 2.02336e-07
6.8 11.8 7.55028e-07
7 11.8 2.60151e-06
7.2 11.8 8.27662e-06
7.4 11.8 2.43131e-05
7.6 11.8 6.59454e-05
7.8 11.8 0.00016515
8 11.8 0.000381871
8.2 11.8 0.000815262
8.4 11.8 0.001607
8.6 11.8 0.00292462
8.8 11.8 0.00491422
9 11.8 0.00762375
9.2 11.8 0.0109197
9.4 11.8 0.0144404
9.6 11.8 0.0176307
9.8 11.8 0.0198741
10 11.8 0.0206835
10.2 11.8 0.0198741
10.4 11.8 0.0176307
10.6 11.8 0.0144404
10.8 11.8 0.0109197
11 11.8 0.00762375
11.2 11.8 0.00491422
11.4 11.8 0.00292462
11.6 11.8 0.001607
11.8 11.8 0.000815262
12 11.8 0.000381871
12.2 11.8 0.00016515
12.4 11.8 6.59454e-05
12.6 11.8 2.43131e-05
12.8 11.8 8.27662e-06
13 11.8 2.60151e-06
13.2 11.8 7.55028e-07
13.4 11.8 2.02336e-07
13.6 11.8 5.00683e-08
13.8 11.8 1.14403e-08
14 11.8 2.41382e-09
14.2 11.8 4.703e-10
14.4 11.8 8.46163e-11
14.6 11.8 1.40589e-11
14.8 11.8 2.15363e-12
5.2 12 1.00862e-12
5.4 12 6.58437e-12
5.6 12 3.96299e-11
5.8 12 2.20267e-10
6 12 1.13054e-09
6.2 12 5.35825e-09
6.4 12 2.34506e-08
6.6 12 9.47695e-08
6.8 12 3.53641e-07
7 12 1.21851e-06
7.2 12 3.87667e-06
7.4 12 1.13881e-05
7.6 12 3.08885e-05
7.8 12 7.73558e-05
8 12 0.000178869
8.2 12 0.000381871
8.4 12 0.000752726
8.6 12 0.00136991
8.8 12 0.00230186
9 12 0.00357104
9.2 12 0.0051149
9.4 12 0.00676403
9.6 12 0.00825844
9.8 12 0.00930924
10 12 0.00968842
10.2 12 0.00930924
10.4 12 0.00825844
10.6 12 0.00676403
10.8 12 0.0051149
11 12 0.00357104
11.2 12 0.00230186
11.4 12 0.00136991
11.6 12 0.000752726
11.8 12 0.000381871
12 12 0.000178869
12.2 12 7.73558e-05
12.4 12 3.08885e-05
12.6 12 1.13881e-05
12.8 12 3.87667e-06
13 12 1.21851e-06
13.2 12 3.53641e-07
13.4 12 9.47695e-08
13.6 12 2.34506e-08
13.8 12 5.35825e-09
14 12 1.13054e-09
14.2 12 2.20267e-10
14.4 12 3.96299e-11
14.6 12 6.58437e-12
14.8 12 1.00862e-12
5.2 12.2 4.36135e-13
5.4 12.2 2.84716e-12
5.6 12.2 1.71367e-11
5.8 12.2 9.52492e-11
6 12.2 4.88882e-10
6.2 12.2 2.31711e-09
6.4 12.2 1.0141e-08
6.6 12.2 4.09828e-08
6.8 12.2 1.52933e-07
7 12.2 5.26951e-07
7.2 12.2 1.67651e-06
7.4 12.2 4.92494e-06
7.6 12.2 1.33583e-05
7.8 12.2 3.34541e-05
8 12.2 7.73558e-05
8.2 12.2 0.00016515
8.4 12.2 0.000325537
8.6 12.2 0.000592457
8.8 12.2 0.000995508
9 12.2 0.00154441
9.2 12.2 0.00221211
9.4 12.2 0.00292533
9.6 12.2 0.00357165
9.8 12.2 0.0040261
10 12.2 0.00419009
10.2 12.2 0.0040261
10.4 12.2 0.00357165
10.6 12.2 0.00292533
10.8 12.2 0.00221211
11 12.2 0.00154441
11.2 12.2 0.000995508
11.4 12.2 0.000592457
11.6 12.2 0.000325537
11.8 12.2 0.00016515
12 12.2 7.73558e-05
12.2 12.2 3.34541e-05
12.4 12.2 1.33583e-05
12.6 12.2 4.92494e-06
12.8 12.2 1.67651e-06
13 12.2 5.26951e-07
13.2 12.2 1.52933e-07
13.4 12.2 4.09828e-08
13.6 12.2 1.0141e-08
13.8 12.2 2.31711e-09
14 12.2 4.88882e-10
14.2 12.2 9.52492e-11
14.4 12.2 1.71367e-11
14.6 12.2 2.84716e-12
14.8 12.2 4.36135e-13
5.2 12.4 1.74121e-13
5.4 12.4 1.1367e-12
5.6 12.4 6.84181e-12
5.8 12.4 3.80288e-11
6 12.4 1.95192e-10
6.2 12.4 9.25148e-10
6.4 12.4 4.04904e-09
6.6 12.4 1.63636e-08
6.8 12.4 6.10635e-08
7 12.4 2.10405e-07
7.2 12.4 6.69416e-07
7.4 12.4 1.96651e-06
7.6 12.4 5.33394e-06
7.8 12.4 1.33583e-05
8 12.4 3.08885e-05
8.2 12.4 6.59454e-05
8.4 12.4 0.00012999
8.6 12.4 0.000236574
8.8 12.4 0.000397519
9 12.4 0.000616703
9.2 12.4 0.000883326
9.4 12.4 0.00116813
9.6 12.4 0.00142622
9.8 12.4 0.00160769
10 12.4 0.00167317
10.2 12.4 0.00160769
10.4 12.4 0.00142622
10.6 12.4 0.00116813
10.8 12.4 0.000883326
11 12.4 0.000616703
11.2 12.4 0.000397519
11.4 12.4 0.000236574
11.6 12.4 0.00012999
11.8 12.4 6.59454e-05
12 12.4 3.08885e-05
12.2 12.4 1.33583e-05
12.4 12.4 5.33394e-06
12.6 12.4 1.96651e-06
12.8 12.4 6.69416e-07
13 12.4 2.10405e-07
13.2 12.4 6.10635e-08
13.4 12.4 1.63636e-08
13.6 12.4 4.04904e-09
13.8 12.4 9.25148e-10
14 12.4 1.95192e-10
14.2 12.4 3.80288e-11
14.4 12.4 6.84181e-12
14.6 12.4 1.1367e-12
14.8 12.4 1.74121e-13
5.2 12.6 6.41831e-14
5.4 12.6 4.1901e-13
5.6 12.6 2.52207e-12
5.8 12.6 1.40187e-11
6 12.6 7.19556e-11
6.2 12.6 3.41052e-10
6.4 12.6 1.49269e-09
6.6 12.6 6.03255e-09
6.8 12.6 2.25118e-08
7 12.6 7.75694e-08
7.2 12.6 2.46794e-07
7.4 12.6 7.25e-07
7.6 12.6 1.96651e-06
7.8 12.6 4.92494e-06
8 12.6 1.13881e-05
8.2 12.6 2.43131e-05
8.4 12.6 4.79257e-05
8.6 12.6 8.72226e-05
8.8 12.6 0.000146562
9 12.6 0.000227374
9.2 12.6 0.000325677
9.4 12.6 0.000430684
9.6 12.6 0.000525839
9.8 12.6 0.000592748
10 12.6 0.000616892
10.2 12.6 0.000592748
10.4 12.6 0.000525839
10.6 12.6 0.000430684
10.8 12.6 0.000325677
11 12.6 0.000227374
11.2 12.6 0.000146562
11.4 12.6 8.72226e-05
11.6 12.6 4.79257e-05
11.8 12.6 2.43131e-05
12 12.6 1.13881e-05
12.2 12.6 4.92494e-06
12.4 12.6 1.96651e-06
12.6 12.6 7.25e-07
12.8 12.6 2.46794e-07
13 12.6 7.75694e-08
13.2 12.6 2.25118e-08
13.4 12.6 6.03255e-09
13.6 12.6 1.49269e-09
13.8 12.6 3.41052e-10
14 12.6 7.19556e-11
14.2 12.6 1.40187e-11
14.4 12.6 2.52207e-12
14.6 12.6 4.1901e-13
14.8 12.6 6.41831e-14
5.2 12.8 2.18443e-14
5.4 12.8 1.4261e-13
5.6 12.8 8.58405e-13
5.8 12.8 4.77146e-12
6 12.8 2.44916e-11
6.2 12.8 1.16086e-10
6.4 12.8 5.08086e-10
6.6 12.8 2.05341e-09
6.8 12.8 7.66287e-09
7 12.8 2.64044e-08
7.2 12.8 8.40092e-08
7.4 12.8 2.46794e-07
7.6 12.8 6.69416e-07
7.8 12.8 1.67651e-06
8 12.8 3.87667e-06
8.2 12.8 8.27662e-06
8.4 12.8 1.63148e-05
8.6 12.8 2.96925e-05
8.8 12.8 4.9893e-05
9 12.8 7.74037e-05
9.2 12.8 0.000110869
9.4 12.8 0.000146616
9.6 12.8 0.00017901
9.8 12.8 0.000201788
10 12.8 0.000210007
10.2 12.8 0.000201788
10.4 12.8 0.00017901
10.6 12.8 0.000146616
10.8 12.8 0.000110869
11 12.8 7.74037e-05
11.2 12.8 4.9893e-05
11.4 12.8 2.96925e-05
11.6 12.8 1.63148e-05
11.8 12.8 8.27662e-06
12 12.8 3.87667e-06
12.2 12.8 1.67651e-06
12.4 12.8 6.69416e-07
12.6 12.8 2.46794e-07
12.8 12.8 8.40092e-08
13 12.8 2.64044e-08
13.2 12.8 7.66287e-09
13.4 12.8 2.05341e-09
13.6 12.8 5.08086e-10
13.8 12.8 1.16086e-10
14 12.8 2.44916e-11
14.2 12.8 4.77146e-12
14.4 12.8 8.58405e-13
14.6 12.8 1.4261e-13
14.8 12.8 2.18443e-14
5.2 13 6.86446e-15
5.4 13 4.48152e-14
5.6 13 2.69761e-13
5.8 13 1.49951e-12
6 13 7.69705e-12
6.2 13 3.64836e-11
6.4 13 1.59684e-10
6.6 13 6.45368e-10
6.8 13 2.40841e-09
7 13 8.29892e-09
7.2 13 2.64044e-08
7.4 13 7.75694e-08
7.6 13 2.10405e-07
7.8 13 5.26951e-07
8 13 1.21851e-06
8.2 13 2.60151e-06
8.4 13 5.12812e-06
8.6 13 9.33306e-06
8.8 13 1.56827e-05
9 13 2.43301e-05
9.2 13 3.48492e-05
9.4 13 4.60857e-05
9.6 13 5.62681e-05
9.8 13 6.34279e-05
10 13 6.60116e-05
10.2 13 6.34279e-05
10.4 13 5.62681e-05
10.6 13 4.60857e-05
10.8 13 3.48492e-05
11 13 2.43301e-05
11.2 13 1.56827e-05
11.4 13 9.33306e-06
11.6 13 5.12812e-06
11.8 13 2.60151e-06
12 13 1.21851e-06
12.2 13 5.26951e-07
12.4 13 2.10405e-07
12.6 13 7.75694e-08
12.8 13 2.64044e-08
13 13 8.29892e-09
13.2 13 2.40841e-09
13.4 13 6.45368e-10
13.6 13 1.59684e-10
13.8 13 3.64836e-11
14 13 7.69705e-12
14.2 13 1.49951e-12
14.4 13 2.69761e-13
14.6 13 4.48152e-14
14.8 13 6.86446e-15
5.2 13.2 1.99173e-15
5.4 13.2 1.30035e-14
5.6 13.2 7.82754e-14
5.8 13.2 4.35117e-13
6 13.2 2.23353e-12
6.2 13.2 1.0587e-11
6.4 13.2 4.63389e-11
6.6 13.2 1.87284e-10
6.8 13.2 6.98925e-10
7 13.2 2.40841e-09
7.2 13.2 7.66287e-09
7.4 13.2 2.25118e-08
7.6 13.2 6.10635e-08
7.8 13.2 1.52933e-07
8 13.2 3.53641e-07
8.2 13.2 7.55028e-07
8.4 13.2 1.48833e-06
8.6 13.2 2.70875e-06
8.8 13.2 4.55163e-06
9 13.2 7.06143e-06
9.2 13.2 1.01145e-05
9.4 13.2 1.33758e-05
9.6 13.2 1.63311e-05
9.8 13.2 1.84092e-05
10 13.2 1.9159e-05
10.2 13.2 1.84092e-05
10.4 13.2 1.63311e-05
10.6 13.2 1.33758e-05
10.8 13.2 1.01145e-05
11 13.2 7.06143e-06
11.2 13.2 4.55163e-06
11.4 13.2 2.70875e-06
11.6 13.2 1.48833e-06
11.8 13.2 7.55028e-07
12 13.2 3.53641e-07
12.2 13.2 1.52933e-07
12.4 13.2 6.10635e-08
12.6 13.2 2.25118e-08
12.8 13.2 7.66287e-09
13 13.2 2.40841e-09
13.2 13.2 6.98925e-10
13.4 13.2 1.87284e-10
13.6 13.2 4.63389e-11
13.8 13.2 1.0587e-11
14 13.2 2.23353e-12
14.2 13.2 4.35117e-13
14.4 13.2 7.82754e-14
14.6 13.2 1.30035e-14
14.8 13.2 1.99173e-15
5.2 13.4 5.33603e-16
5.4 13.4 3.48383e-15
5.6 13.4 2.09718e-14
5.8 13.4 1.16581e-13
6 13.4 5.98445e-13
6.2 13.4 2.83673e-12
6.4 13.4 1.24165e-11
6.6 13.4 5.01837e-11
6.8 13.4 1.87284e-10
7 13.4 6.45368e-10
7.2 13.4 2.05341e-09
7.4 13.4 6.03255e-09
7.6 13.4 1.63636e-08
7.8 13.4 4.09828e-08
8 13.4 9.47695e-08
8.2 13.4 2.02336e-07
8.4 13.4 3.98853e-07
8.6 13.4 7.25914e-07
8.8 13.4 1.21979e-06
9 13.4 1.89241e-06
9.2 13.4 2.71061e-06
9.4 13.4 3.58462e-06
9.6 13.4 4.37665e-06
9.8 13.4 4.93357e-06
10 13.4 5.13453e-06
10.2 13.4 4.93357e-06
10.4 13.4 4.37665e-06
10.6 13.4 3.58462e-06
10.8 13.4 2.71061e-06
11 13.4 1.89241e-06
11.2 13.4 1.21979e-06
11.4 13.4 7.25914e-07
11.6 13.4 3.98853e-07
11.8 13.4 2.02336e-07
12 13.4 9.47695e-08
12.2 13.4 4.09828e-08
12.4 13.4 1.63636e-08
12.6 13.4 6.03255e-09
12.8 13.4 2.05341e-09
13 13.4 6.45368e-10
13.2 13.4 1.87284e-10
13.4 13.4 5.01837e-11
13.6 13.4 1.24165e-11
13.8 13.4 2.83673e-12
14 13.4 5.98445e-13
14.2 13.4 1.16581e-13
14.4 13.4 2.09718e-14
14.6 13.4 3.48383e-15
14.8 13.4 5.33603e-16
5.2 13.6 1.32e-16
5.4 13.6 8.61832e-16
5.6 13.6 5.18818e-15
5.8 13.6 2.88417e-14
6 13.6 1.48057e-13
6.2 13.6 7.01833e-13
6.4 13.6 3.07203e-12
6.6 13.6 1.24165e-11
6.8 13.6 4.63389e-11
7 13.6 1.59684e-10
7.2 13.6 5.08086e-10
7.4 13.6 1.49269e-09
7.6 13.6 4.04904e-09
7.8 13.6 1.0141e-08
8 13.6 2.34506e-08
8.2 13.6 5.00683e-08
8.4 13.6 9.86976e-08
8.6 13.6 1.79631e-07
8.8 13.6 3.01846e-07
9 13.6 4.68292e-07
9.2 13.6 6.70766e-07
9.4 13.6 8.87052e-07
9.6 13.6 1.08305e-06
9.8 13.6 1.22087e-06
10 13.6 1.2706e-06
10.2 13.6 1.22087e-06
10.4 13.6 1.08305e-06
10.6 13.6 8.87052e-07
10.8 13.6 6.70766e-07
11 13.6 4.68292e-07
11.2 13.6 3.01846e-07
11.4 13.6 1.79631e-07
11.6 13.6 9.86976e-08
11.8 13.6 5.00683e-08
12 13.6 2.34506e-08
12.2 13.6 1.0141e-08
12.4 13.6 4.04904e-09
12.6 13.6 1.49269e-09
12.8 13.6 5.08086e-10
13 13.6 1.59684e-10
13.2 13.6 4.63389e-11
13.4 13.6 1.24165e-11
13.6 13.6 3.07203e-12
13.8 13.6 7.01833e-13
14 13.6 1.48057e-13
14.2 13.6 2.88417e-14
14.4 13.6 5.18818e-15
14.6 13.6 8.61832e-16
14.8 13.6 1.32e-16
5.2 13.8 3.01512e-17
5.4 13.8 1.96863e-16
5.6 13.8 1.18515e-15
5.8 13.8 6.58858e-15
6 13.8 3.38231e-14
6.2 13.8 1.60336e-13
6.4 13.8 7.01833e-13
6.6 13.8 2.83673e-12
6.8 13.8 1.0587e-11
7 13.8 3.64836e-11
7.2 13.8 1.16086e-10
7.4 13.8 3.41052e-10
7.6 13.8 9.25148e-10
7.8 13.8 2.31711e-09
8 13.8 5.35825e-09
8.2 13.8 1.14403e-08
8.4 13.8 2.2552e-08
8.6 13.8 4.10454e-08
8.8 13.8 6.89719e-08
9 13.8 1.07005e-07
9.2 13.8 1.53272e-07
9.4 13.8 2.02694e-07
9.6 13.8 2.47481e-07
9.8 13.8 2.78973e-07
10 13.8 2.90337e-07
10.2 13.8 2.78973e-07
10.4 13.8 2.47481e-07
10.6 13.8 2.02694e-07
10.8 13.8 1.53272e-07
11 13.8 1.07005e-07
11.2 13.8 6.89719e-08
11.4 13.8 4.10454e-08
11.6 13.8 2.2552e-08
11.8 13.8 1.14403e-08
12 13.8 5.35825e-09
12.2 13.8 2.31711e-09
12.4 13.8 9.25148e-10
12.6 13.8 3.41052e-10
12.8 13.8 1.16086e-10
13 13.8 3.64836e-11
13.2 13.8 1.0587e-11
13.4 13.8 2.83673e-12
13.6 13.8 7.01833e-13
13.8 13.8 1.60336e-13
14 13.8 3.38231e-14
14.2 13.8 6.58858e-15
14.4 13.8 1.18515e-15
14.6 13.8 1.96863e-16
14.8 13.8 3.01512e-17
5.2 14 6.3594e-18
5.4 14 4.1523e-17
5.6 14 2.49984e-16
5.8 14 1.38979e-15
6 14 7.13483e-15
6.2 14 3.38231e-14
6.4 14 1.48057e-13
6.6 14 5.98445e-13
6.8 14 2.23353e-12
7 14 7.69705e-12
7.2 14 2.44916e-11
7.4 14 7.19556e-11
7.6 14 1.95192e-10
7.8 14 4.88882e-10
8 14 1.13054e-09
8.2 14 2.41382e-09
8.4 14 4.75837e-09
8.6 14 8.66047e-09
8.8 14 1.4553e-08
9 14 2.25782e-08
9.2 14 3.23406e-08
9.4 14 4.2769e-08
9.6 14 5.22192e-08
9.8 14 5.88643e-08
10 14 6.12622e-08
10.2 14 5.88643e-08
10.4 14 5.22192e-08
10.6 14 4.2769e-08
10.8 14 3.23406e-08
11 14 2.25782e-08
11.2 14 1.4553e-08
11.4 14 8.66047e-09
11.6 14 4.75837e-09
11.8 14 2.41382e-09
12 14 1.13054e-09
12.2 14 4.88882e-10
12.4 14 1.95192e-10
12.6 14 7.19556e-11
12.8 14 2.44916e-11
13 14 7.69705e-12
13.2 14 2.23353e-12
13.4 14 5.98445e-13
13.6 14 1.48057e-13
13.8 14 3.38231e-14
14 14 7.13483e-15
14.2 14 1.38979e-15
14.4 14 2.49984e-16
14.6 14 4.1523e-17
14.8 14 6.3594e-18
5.2 14.2 1.23856e-18
5.4 14.2 8.08729e-18
5.6 14.2 4.86906e-17
5.8 14.2 2.70705e-16
6 14.2 1.38979e-15
6.2 14.2 6.58858e-15
6.4 14.2 2.88417e-14
6.6 14.2 1.16581e-13
6.8 14.2 4.35117e-13
7 14.2 1.49951e-12
7.2 14.2 4.77146e-12
7.4 14.2 1.40187e-11
7.6 14.2 3.80288e-11
7.8 14.2 9.52492e-11
8 14.2 2.20267e-10
8.2 14.2 4.703e-10
8.4 14.2 9.27114e-10
8.6 14.2 1.68741e-09
8.8 14.2 2.83553e-09
9 14.2 4.3992e-09
9.2 14.2 6.30138e-09
9.4 14.2 8.33334e-09
9.6 14.2 1.01747e-08
9.8 14.2 1.14695e-08
10 14.2 1.19367e-08
10.2 14.2 1.14695e-08
10.4 14.2 1.01747e-08
10.6 14.2 8.33334e-09
10.8 14.2 6.30138e-09
11 14.2 4.3992e-09
11.2 14.2 2.83553e-09
11.4 14.2 1.68741e-09
11.6 14.2 9.27114e-10
11.8 14.2 4.703e-10
12 14.2 2.20267e-10
12.2 14.2 9.52492e-11
12.4 14.2 3.80288e-11
12.6 14.2 1.40187e-11
12.8 14.2 4.77146e-12
13 14.2 1.49951e-12
13.2 14.2 4.35117e-13
13.4 14.2 1.16581e-13
13.6 14.2 2.88417e-14
13.8 14.2 6.58858e-15
14 14.2 1.38979e-15
14.2 14.2 2.70705e-16
14.4 14.2 4.86906e-17
14.6 14.2 8.08729e-18
14.8 14.2 1.23856e-18
5.2 14.4 2.22749e-19
5.4 14.4 1.45451e-18
5.6 14.4 8.75742e-18
5.8 14.4 4.86906e-17
6 14.4 2.49984e-16
6.2 14.4 1.18515e-15
6.4 14.4 5.18818e-15
6.6 14.4 2.09718e-14
6.8 14.4 7.82754e-14
7 14.4 2.69761e-13
7.2 14.4 8.58405e-13
7.4 14.4 2.52207e-12
7.6 14.4 6.84181e-12
7.8 14.4 1.71367e-11
8 14.4 3.96299e-11
8.2 14.4 8.46163e-11
8.4 14.4 1.66808e-10
8.6 14.4 3.03605e-10
8.8 14.4 5.10185e-10
9 14.4 7.91535e-10
9.2 14.4 1.1338e-09
9.4 14.4 1.49941e-09
9.6 14.4 1.83073e-09
9.8 14.4 2.06371e-09
10 14.4 2.14777e-09
10.2 14.4 2.06371e-09
10.4 14.4 1.83073e-09
10.6 14.4 1.49941e-09
10.8 14.4 1.1338e-09
11 14.4 7.91535e-10
11.2 14.4 5.10185e-10
11.4 14.4 3.03605e-10
11.6 14.4 1.66808e-10
11.8 14.4 8.46163e-11
12 14.4 3.96299e-11
12.2 14.4 1.71367e-11
12.4 14.4 6.84181e-12
12.6 14.4 2.52207e-12
12.8 14.4 8.58405e-13
13 14.4 2.69761e-13
13.2 14.4 7.82754e-14
13.4 14.4 2.09718e-14
13.6 14.4 5.18818e-15
13.8 14.4 1.18515e-15
14 14.4 2.49984e-16
14.2 14.4 4.86906e-17
14.4 14.4 8.75742e-18
14.6 14.4 1.45451e-18
14.8 14.4 2.22749e-19
5.2 14.6 3.69929e-20
5.4 14.6 2.41565e-19
5.6 14.6 1.45451e-18
5.8 14.6 8.08729e-18
6 14.6 4.1523e-17
6.2 14.6 1.96863e-16
6.4 14.6 8.61832e-16
6.6 14.6 3.48383e-15
6.8 14.6 1.30035e-14
7 14.6 4.48152e-14
7.2 14.6 1.4261e-13
7.4 14.6 4.1901e-13
7.6 14.6 1.1367e-12
7.8 14.6 2.84716e-12
8 14.6 6.58437e-12
8.2 14.6 1.40589e-11
8.4 14.6 2.77154e-11
8.6 14.6 5.0445e-11
8.8 14.6 8.47697e-11
9 14.6 1.31518e-10
9.2 14.6 1.88388e-10
9.4 14.6 2.49139e-10
9.6 14.6 3.04192e-10
9.8 14.6 3.42903e-10
10 14.6 3.56872e-10
10.2 14.6 3.42903e-10
10.4 14.6 3.04192e-10
10.6 14.6 2.49139e-10
10.8 14.6 1.88388e-10
11 14.6 1.31518e-10
11.2 14.6 8.47697e-11
11.4 14.6 5.0445e-11
11.6 14.6 2.77154e-11
11.8 14.6 1.40589e-11
12 14.6 6.58437e-12
12.2 14.6 2.84716e-12
12.4 14.6 1.1367e-12
12.6 14.6 4.1901e-13
12.8 14.6 1.4261e-13
13 14.6 4.48152e-14
13.2 14.6 1.30035e-14
13.4 14.6 3.48383e-15
13.6 14.6 8.61832e-16
13.8 14.6 1.96863e-16
14 14.6 4.1523e-17
14.2 14.6 8.08729e-18
14.4 14.6 1.45451e-18
14.6 14.6 2.41565e-19
14.8 14.6 3.69929e-20
5.2 14.8 5.66488e-21
5.4 14.8 3.69929e-20
5.6 14.8 2.22749e-19
5.8 14.8 1.23856e-18
6 14.8 6.3594e-18
6.2 14.8 3.01512e-17
6.4 14.8 1.32e-16
6.6 14.8 5.33603e-16
6.8 14.8 1.99173e-15
7 14.8 6.86446e-15
7.2 14.8 2.18443e-14
7.4 14.8 6.41831e-14
7.6 14.8 1.74121e-13
7.8 14.8 4.36135e-13
8 14.8 1.00862e-12
8.2 14.8 2.15363e-12
8.4 14.8 4.24566e-12
8.6 14.8 7.72762e-12
8.8 14.8 1.29859e-11
9 14.8 2.01475e-11
9.2 14.8 2.88596e-11
9.4 14.8 3.81662e-11
9.6 14.8 4.66001e-11
9.8 14.8 5.25305e-11
10 14.8 5.46705e-11
10.2 14.8 5.25305e-11
10.4 14.8 4.66001e-11
10.6 14.8 3.81662e-11
10.8 14.8 2.88596e-11
11 14.8 2.01475e-11
11.2 14.8 1.29859e-11
11.4 14.8 7.72762e-12
11.6 14.8 4.24566e-12
11.8 14.8 2.15363e-12
12 14.8 1.00862e-12
12.2 14.8 4.36135e-13
12.4 14.8 1.74121e-13
12.6 14.8 6.41831e-14
12.8 14.8 2.18443e-14
13 14.8 6.86446e-15
13.2 14.8 1.99173e-15
13.4 14.8 5.33603e-16
13.6 14.8 1.32e-16
13.8 14.8 3.01512e-17
14 14.8 6.3594e-18
14.2 14.8 1.23856e-18
14.4 14.8 2.22749e-19
14.6 14.8 3.69929e-20
14.8 14.8 5.66488e-21

