5.2 5.2 3.3817e-21
5.4 5.2 2.20399e-20
5.6 5.2 1.32374e-19
5.8 5.2 7.34317e-19
6 5.2 3.76215e-18
6.2 5.2 1.78012e-17
6.4 5.2 7.7788e-17
6.6 5.2 3.13916e-16
6.8 5.2 1.16989e-15
7 5.2 4.02619e-15
7.2 5.2 1.27954e-14
7.4 5.2 3.75508e-14
7.6 5.2 1.0176e-13
7.8 5.2 2.54638e-13
8 5.2 5.88372e-13
8.2 5.2 1.25533e-12
8.4 5.2 2.47304e-12
8.6 5.2 4.49856e-12
8.8 5.2 7.55575e-12
9 5.2 1.17177e-11
9.2 5.2 1.67788e-11
9.4 5.2 2.21836e-11
9.6 5.2 2.70806e-11
9.8 5.2 3.05234e-11
10 5.2 3.17657e-11
10.2 5.2 3.05234e-11
10.4 5.2 2.70806e-11
10.6 5.2 2.21836e-11
10.8 5.2 1.67788e-11
11 5.2 1.17177e-11
11.2 5.2 7.55575e-12
11.4 5.2 4.49856e-12
11.6 5.2 2.47304e-12
11.8 5.2 1.25533e-12
12 5.2 5.88372e-13
12.2 5.2 2.54638e-13
12.4 5.2 1.0176e-13
12.6 5.2 3.75508e-14
12.8 5.2 1.27954e-14
13 5.2 4.02619e-15
13.2 5.2 1.16989e-15
13.4 5.2 3.13916e-16
13.6 5.2 7.7788e-17
13.8 5.2 1.78012e-17
14 5.2 3.76215e-18
14.2 5.2 7.34317e-19
14.4 5.2 1.32374e-19
14.6 5.2 2.20399e-20
14.8 5.2 3.3817e-21
5.2 5.4 2.20399e-20
5.4 5.4 1.43636e-19
5.6 5.4 8.62652e-19
5.8 5.4 4.78512e-18
6 5.4 2.45146e-17
6.2 5.4 1.1599e-16
6.4 5.4 5.06832e-16
6.6 5.4 2.04526e-15
6.8 5.4 7.62192e-15
7 5.4 2.62301e-14
7.2 5.4 8.33582e-14
7.4 5.4 2.44625e-13
7.6 5.4 6.629e-13
7.8 5.4 1.65876e-12
8 5.4 3.8327e-12
8.2 5.4 8.17713e-12
8.4 5.4 1.6109e-11
8.6 5.4 2.93026e-11
8.8 5.4 4.92158e-11
9 5.4 7.63245e-11
9.2 5.4 1.0929e-10
9.4 5.4 1.44494e-10
9.6 5.4 1.7639e-10
9.8 5.4 1.98814e-10
10 5.4 2.06906e-10
10.2 5.4 1.98814e-10
10.4 5.4 1.7639e-10
10.6 5.4 1.44494e-10
10.8 5.4 1.0929e-10
11 5.4 7.63245e-11
11.2 5.4 4.92158e-11
11.4 5.4 2.93026e-11
11.6 5.4 1.6109e-11
11.8 5.4 8.17713e-12
12 5.4 3.8327e-12
12.2 5.4 1.65876e-12
12.4 5.4 6.629e-13
12.6 5.4 2.44625e-13
12.8 5.4 8.33582e-14
13 5.4 2.62301e-14
13.2 5.4 7.62192e-15
13.4 5.4 2.04526e-15
13.6 5.4 5.06832e-16
13.8 5.4 1.1599e-16
14 5.4 2.45146e-17
14.2 5.4 4.78512e-18
14.4 5.4 8.62652e-19
14.6 5.4 1.43636e-19
14.8 5.4 2.20399e-20
5.2 5.6 1.32374e-19
5.4 5.6 8.62652e-19
5.6 5.6 5.18054e-18
5.8 5.6 2.87345e-17
6 5.6 1.472e-16
6.2 5.6 6.96429e-16
6.4 5.6 3.04298e-15
6.6 5.6 1.2279e-14
6.8 5.6 4.57571e-14
7 5.6 1.57462e-13
7.2 5.6 5.00388e-13
7.4 5.6 1.4684e-12
7.6 5.6 3.97903e-12
7.8 5.6 9.9564e-12
8 5.6 2.30044e-11
8.2 5.6 4.90792e-11
8.4 5.6 9.66846e-11
8.6 5.6 1.75868e-10
8.8 5.6 2.95378e-10
9 5.6 4.5807e-10
9.2 5.6 6.55908e-10
9.4 5.6 8.67182e-10
9.6 5.6 1.0586e-09
9.8 5.6 1.19317e-09
10 5.6 1.24173e-09
10.2 5.6 1.19317e-09
10.4 5.6 1.0586e-09
10.6 5.6 8.67182e-10
10.8 5.6 6.55908e-10
11 5.6 4.5807e-10
11.2 5.6 2.95378e-10
11.4 5.6 1.75868e-10
11.6 5.6 9.66846e-11
11.8 5.6 4.90792e-11
12 5.6 2.30044e-11
12.2 5.6 9.9564e-12
12.4 5.6 3.97903e-12
12.6 5.6 1.4684e-12
12.8 5.6 5.00388e-13
13 5.6 1.57462e-13
13.2 5.6 4.57571e-14
13.4 5.6 1.2279e-14
13.6 5.6 3.04298e-15
13.8 5.6 6.96429e-16
14 5.6 1.472e-16
14.2 5.6 2.87345e-17
14.4 5.6 5.18054e-18
14.6 5.6 8.62652e-19
14.8 5.6 1.32374e-19
5.2 5.8 7.34317e-19
5.4 5.8 4.78512e-18
5.6 5.8 2.87345e-17
5.8 5.8 1.59369e-16
6 5.8 8.16365e-16
6.2 5.8 3.86216e-15
6.4 5.8 1.68745e-14
6.6 5.8 6.80885e-14
6.8 5.8 2.53718e-13
7 5.8 8.73075e-13
7.2 5.8 2.77439e-12
7.4 5.8 8.14123e-12
7.6 5.8 2.20603e-11
7.8 5.8 5.51981e-11
8 5.8 1.27533e-10
8.2 5.8 2.72082e-10
8.4 5.8 5.35983e-10
8.6 5.8 9.74928e-10
8.8 5.8 1.63742e-09
9 5.8 2.53926e-09
9.2 5.8 3.63592e-09
9.4 5.8 4.80704e-09
9.6 5.8 5.86808e-09
9.8 5.8 6.61406e-09
10 5.8 6.88322e-09
10.2 5.8 6.61406e-09
10.4 5.8 5.86808e-09
10.6 5.8 4.80704e-09
10.8 5.8 3.63592e-09
11 5.8 2.53926e-09
11.2 5.8 1.63742e-09
11.4 5.8 9.74928e-10
11.6 5.8 5.35983e-10
11.8 5.8 2.72082e-10
12 5.8 1.27533e-10
12.2 5.8 5.51981e-11
12.4 5.8 2.20603e-11
12.6 5.8 8.14123e-12
12.8 5.8 2.77439e-12
13 5.8 8.73075e-13
13.2 5.8 2.53718e-13
13.4 5.8 6.80885e-14
13.6 5.8 1.68745e-14
13.8 5.8 3.86216e-15
14 5.8 8.16365e-16
14.2 5.8 1.59369e-16
14.4 5.8 2.87345e-17
14.6 5.8 4.78512e-18
14.8 5.8 7.34317e-19
5.2 6 3.76215e-18
5.4 6 2.45146e-17
5.6 6 1.472e-16
5.8 6 8.16365e-16
6 6 4.18158e-15
6.2 6 1.97817e-14
6.4 6 8.64259e-14
6.6 6 3.48714e-13
6.8 6 1.29936e-12
7 6 4.4711e-12
7.2 6 1.42074e-11
7.4 6 4.16893e-11
7.6 6 1.12962e-10
7.8 6 2.82642e-10
8 6 6.53017e-10
8.2 6 1.39314e-09
8.4 6 2.74434e-09
8.6 6 4.99174e-09
8.8 6 8.38365e-09
9 6 1.3001e-08
9.2 6 1.86157e-08
9.4 6 2.46116e-08
9.6 6 3.00439e-08
9.8 6 3.38631e-08
10 6 3.52412e-08
10.2 6 3.38631e-08
10.4 6 3.00439e-08
10.6 6 2.46116e-08
10.8 6 1.86157e-08
11 6 1.3001e-08
11.2 6 8.38365e-09
11.4 6 4.99174e-09
11.6 6 2.74434e-09
11.8 6 1.39314e-09
12 6 6.53017e-10
12.2 6 2.82642e-10
12.4 6 1.12962e-10
12.6 6 4.16893e-11
12.8 6 1.42074e-11
13 6 4.4711e-12
13.2 6 1.29936e-12
13.4 6 3.48714e-13
13.6 6 8.64259e-14
13.8 6 1.97817e-14
14 6 4.18158e-15
14.2 6 8.16365e-16
14.4 6 1.472e-16
14.6 6 2.45146e-17
14.8 6 3.76215e-18
5.2 6.2 1.78012e-17
5.4 6.2 1.1599e-16
5.6 6.2 6.96429e-16
5.8 6.2 3.86216e-15
6 6.2 1.97817e-14
6.2 6.2 9.35767e-14
6.4 6.2 4.08817e-13
6.6 6.2 1.64944e-12
6.8 6.2 6.14583e-12
7 6.2 2.11471e-11
7.2 6.2 6.71954e-11
7.4 6.2 1.97168e-10
7.6 6.2 5.34237e-10
7.8 6.2 1.33668e-09
8 6.2 3.0882e-09
8.2 6.2 6.5882e-09
8.4 6.2 1.29779e-08
8.6 6.2 2.36054e-08
8.8 6.2 3.96449e-08
9 6.2 6.1479e-08
9.2 6.2 8.80292e-08
9.4 6.2 1.16382e-07
9.6 6.2 1.42069e-07
9.8 6.2 1.60128e-07
10 6.2 1.66644e-07
10.2 6.2 1.60128e-07
10.4 6.2 1.42069e-07
10.6 6.2 1.16382e-07
10.8 6.2 8.80292e-08
11 6.2 6.1479e-08
11.2 6.2 3.96449e-08
11.4 6.2 2.36054e-08
11.6 6.2 1.29779e-08
11.8 6.2 6.5882e-09
12 6.2 3.0882e-09
12.2 6.2 1.33668e-09
12.4 6.2 5.34237e-10
12.6 6.2 1.97168e-10
12.8 6.2 6.71954e-11
13 6.2 2.11471e-11
13.2 6.2 6.14583e-12
13.4 6.2 1.64944e-12
13.6 6.2 4.08817e-13
13.8 6.2 9.35767e-14
14 6.2 1.97817e-14
14.2 6.2 3.86216e-15
14.4 6.2 6.96429e-16
14.6 6.2 1.1599e-16
14.8 6.2 1.78012e-17
5.2 6.4 7.7788e-17
5.4 6.4 5.06832e-16
5.6 6.4 3.04298e-15
5.8 6.4 1.68745e-14
6 6.4 8.64259e-14
6.2 6.4 4.08817e-13
6.4 6.4 1.78596e-12
6.6 6.4 7.20551e-12
6.8 6.4 2.68469e-11
7 6.4 9.23742e-11
7.2 6.4 2.93512e-10
7.4 6.4 8.61216e-10
7.6 6.4 2.33346e-09
7.8 6.4 5.83825e-09
8 6.4 1.34882e-08
8.2 6.4 2.87745e-08
8.4 6.4 5.6681e-08
8.6 6.4 1.03096e-07
8.8 6.4 1.73145e-07
9 6.4 2.68501e-07
9.2 6.4 3.84453e-07
9.4 6.4 5.08274e-07
9.6 6.4 6.20455e-07
9.8 6.4 6.99324e-07
10 6.4 7.27782e-07
10.2 6.4 6.99324e-07
10.4 6.4 6.20455e-07
10.6 6.4 5.08274e-07
10.8 6.4 3.84453e-07
11 6.4 2.68501e-07
11.2 6.4 1.73145e-07
11.4 6.4 1.03096e-07
11.6 6.4 5.6681e-08
11.8 6.4 2.87745e-08
12 6.4 1.34882e-08
12.2 6.4 5.83825e-09
12.4 6.4 2.33346e-09
12.6 6.4 8.61216e-10
12.8 6.4 2.93512e-10
13 6.4 9.23742e-11
13.2 6.4 2.68469e-11
13.4 6.4 7.20551e-12
13.6 6.4 1.78596e-12
13.8 6.4 4.08817e-13
14 6.4 8.64259e-14
14.2 6.4 1.68745e-14
14.4 6.4 3.04298e-15
14.6 6.4 5.06832e-16
14.8 6.4 7.7788e-17
5.2 6.6 3.13916e-16
5.4 6.6 2.04526e-15
5.6 6.6 1.2279e-14
5.8 6.6 6.80885e-14
6 6.6 3.48714e-13
6.2 6.6 1.64944e-12
6.4 6.6 7.20551e-12
6.6 6.6 2.90698e-11
6.8 6.6 1.08307e-10
7 6.6 3.72651e-10
7.2 6.6 1.18404e-09
7.4 6.6 3.47409e-09
7.6 6.6 9.41281e-09
7.8 6.6 2.35501e-08
8 6.6 5.44073e-08
8.2 6.6 1.16066e-07
8.4 6.6 2.28627e-07
8.6 6.6 4.15839e-07
8.8 6.6 6.9838e-07
9 6.6 1.08299e-06
9.2 6.6 1.55066e-06
9.4 6.6 2.05007e-06
9.6 6.6 2.50253e-06
9.8 6.6 2.82064e-06
10 6.6 2.93541e-06
10.2 6.6 2.82064e-06
10.4 6.6 2.50253e-06
10.6 6.6 2.05007e-06
10.8 6.6 1.55066e-06
11 6.6 1.08299e-06
11.2 6.6 6.9838e-07
11.4 6.6 4.15839e-07
11.6 6.6 2.28627e-07
11.8 6.6 1.16066e-07
12 6.6 5.44073e-08
12.2 6.6 2.35501e-08
12.4 6.6 9.41281e-09
12.6 6.6 3.47409e-09
12.8 6.6 1.18404e-09
13 6.6 3.72651e-10
13.2 6.6 1.08307e-10
13.4 6.6 2.90698e-11
13.6 6.6 7.20551e-12
13.8 6.6 1.64944e-12
14 6.6 3.48714e-13
14.2 6.6 6.80885e-14
14.4 6.6 1.2279e-14
14.6 6.6 2.04526e-15
14.8 6.6 3.13916e-16
5.2 6.8 1.16989e-15
5.4 6.8 7.62192e-15
5.6 6.8 4.57571e-14
5.8 6.8 2.53718e-13
6 6.8 1.29936e-12
6.2 6.8 6.14583e-12
6.4 6.8 2.68469e-11
6.6 6.8 1.08307e-10
6.8 6.8 4.03516e-10
7 6.8 1.38833e-09
7.2 6.8 4.4111e-09
7.4 6.8 1.29423e-08
7.6 6.8 3.50657e-08
7.8 6.8 8.773e-08
8 6.8 2.02677e-07
8.2 6.8 4.32359e-07
8.4 6.8 8.51655e-07
8.6 6.8 1.54902e-06
8.8 6.8 2.60147e-06
9 6.8 4.0341e-06
9.2 6.8 5.77613e-06
9.4 6.8 7.63638e-06
9.6 6.8 9.32173e-06
9.8 6.8 1.05066e-05
10 6.8 1.09341e-05
10.2 6.8 1.05066e-05
10.4 6.8 9.32173e-06
10.6 6.8 7.63638e-06
10.8 6.8 5.77613e-06
11 6.8 4.0341e-06
11.2 6.8 2.60147e-06
11.4 6.8 1.54902e-06
11.6 6.8 8.51655e-07
11.8 6.8 4.32359e-07
12 6.8 2.02677e-07
12.2 6.8 8.773e-08
12.4 6.8 3.50657e-08
12.6 6.8 1.29423e-08
12.8 6.8 4.4111e-09
13 6.8 1.38833e-09
13.2 6.8 4.03516e-10
13.4 6.8 1.08307e-10
13.6 6.8 2.68469e-11
13.8 6.8 6.14583e-12
14 6.8 1.29936e-12
14.2 6.8 2.53718e-13
14.4 6.8 4.57571e-14
14.6 6.8 7.62192e-15
14.8 6.8 1.16989e-15
5.2 7 4.02619e-15
5.4 7 2.62301e-14
5.6 7 1.57462e-13
5.8 7 8.73075e-13
6 7 4.4711e-12
6.2 7 2.11471e-11
6.4 7 9.23742e-11
6.6 7 3.72651e-10
6.8 7 1.38833e-09
7 7 4.77656e-09
7.2 7 1.51761e-08
7.4 7 4.45263e-08
7.6 7 1.20636e-07
7.8 7 3.01812e-07
8 7 6.97247e-07
8.2 7 1.48738e-06
8.4 7 2.92978e-06
8.6 7 5.32872e-06
8.8 7 8.94914e-06
9 7 1.38773e-05
9.2 7 1.98698e-05
9.4 7 2.62689e-05
9.6 7 3.20664e-05
9.8 7 3.61423e-05
10 7 3.76129e-05
10.2 7 3.61423e-05
10.4 7 3.20664e-05
10.6 7 2.62689e-05
10.8 7 1.98698e-05
11 7 1.38773e-05
11.2 7 8.94914e-06
11.4 7 5.32872e-06
11.6 7 2.92978e-06
11.8 7 1.48738e-06
12 7 6.97247e-07
12.2 7 3.01812e-07
12.4 7 1.20636e-07
12.6 7 4.45263e-08
12.8 7 1.51761e-08
13 7 4.77656e-09
13.2 7 1.38833e-09
13.4 7 3.72651e-10
13.6 7 9.23742e-11
13.8 7 2.11471e-11
14 7 4.4711e-12
14.2 7 8.73075e-13
14.4 7 1.57462e-13
14.6 7 2.62301e-14
14.8 7 4.02619e-15
5.2 7.2 1.27954e-14
5.4 7.2 8.33582e-14
5.6 7.2 5.00388e-13
5.8 7.2 2.77439e-12
6 7.2 1.42074e-11
6.2 7.2 6.71954e-11
6.4 7.2 2.93512e-10
6.6 7.2 1.18404e-09
6.8 7.2 4.4111e-09
7 7.2 1.51761e-08
7.2 7.2 4.82164e-08
7.4 7.2 1.41463e-07
7.6 7.2 3.83263e-07
7.8 7.2 9.58848e-07
8 7.2 2.2151e-06
8.2 7.2 4.72523e-06
8.4 7.2 9.30747e-06
8.6 7.2 1.69284e-05
8.8 7.2 2.84296e-05
9 7.2 4.40851e-05
9.2 7.2 6.31216e-05
9.4 7.2 8.34497e-05
9.6 7.2 0.000101866
9.8 7.2 0.000114814
10 7.2 0.000119486
10.2 7.2 0.000114814
10.4 7.2 0.000101866
10.6 7.2 8.34497e-05
10.8 7.2 6.31216e-05
11 7.2 4.40851e-05
11.2 7.2 2.84296e-05
11.4 7.2 1.69284e-05
11.6 7.2 9.30747e-06
11.8 7.2 4.72523e-06
12 7.2 2.2151e-06
12.2 7.2 9.58848e-07
12.4 7.2 3.83263e-07
12.6 7.2 1.41463e-07
12.8 7.2 4.82164e-08
13 7.2 1.51761e-08
13.2 7.2 4.4111e-09
13.4 7.2 1.18404e-09
13.6 7.2 2.93512e-10
13.8 7.2 6.71954e-11
14 7.2 1.42074e-11
14.2 7.2 2.77439e-12
14.4 7.2 5.00388e-13
14.6 7.2 8.33582e-14
14.8 7.2 1.27954e-14
5.2 7.4 3.75508e-14
5.4 7.4 2.44625e-13
5.6 7.4 1.4684e-12
5.8 7.4 8.14123e-12
6 7.4 4.16893e-11
6.2 7.4 1.97168e-10
6.4 7.4 8.61216e-10
6.6 7.4 3.47409e-09
6.8 7.4 1.29423e-08
7 7.4 4.45263e-08
7.2 7.4 1.41463e-07
7.4 7.4 4.15035e-07
7.6 7.4 1.12443e-06
7.8 7.4 2.81305e-06
8 7.4 6.49855e-06
8.2 7.4 1.38625e-05
8.4 7.4 2.73052e-05
8.6 7.4 4.96622e-05
8.8 7.4 8.34022e-05
9 7.4 0.000129329
9.2 7.4 0.000185174
9.4 7.4 0.000244808
9.6 7.4 0.000298834
9.8 7.4 0.000336817
10 7.4 0.000350522
10.2 7.4 0.000336817
10.4 7.4 0.000298834
10.6 7.4 0.000244808
10.8 7.4 0.000185174
11 7.4 0.000129329
11.2 7.4 8.34022e-05
11.4 7.4 4.96622e-05
11.6 7.4 2.73052e-05
11.8 7.4 1.38625e-05
12 7.4 6.49855e-06
12.2 7.4 2.81305e-06
12.4 7.4 1.12443e-06
12.6 7.4 4.15035e-07
12.8 7.4 1.41463e-07
13 7.4 4.45263e-08
13.2 7.4 1.29423e-08
13.4 7.4 3.47409e-09
13.6 7.4 8.61216e-10
13.8 7.4 1.97168e-10
14 7.4 4.16893e-11
14.2 7.4 8.14123e-12
14.4 7.4 1.4684e-12
14.6 7.4 2.44625e-13
14.8 7.4 3.75508e-14
5.2 7.6 1.0176e-13
5.4 7.6 6.629e-13
5.6 7.6 3.97903e-12
5.8 7.6 2.20603e-11
6 7.6 1.12962e-10
6.2 7.6 5.34237e-10
6.4 7.6 2.33346e-09
6.6 7.6 9.41281e-09
6.8 7.6 3.50657e-08
7 7.6 1.20636e-07
7.2 7.6 3.83263e-07
7.4 7.6 1.12443e-06
7.6 7.6 3.0463e-06
7.8 7.6 7.62103e-06
8 7.6 1.76055e-05
8.2 7.6 3.7555e-05
8.4 7.6 7.39721e-05
8.6 7.6 0.000134538
8.8 7.6 0.00022594
9 7.6 0.000350357
9.2 7.6 0.00050164
9.4 7.6 0.000663186
9.6 7.6 0.000809542
9.8 7.6 0.000912437
10 7.6 0.000949563
10.2 7.6 0.000912437
10.4 7.6 0.000809542
10.6 7.6 0.000663186
10.8 7.6 0.00050164
11 7.6 0.000350357
11.2 7.6 0.00022594
11.4 7.6 0.000134538
11.6 7.6 7.39721e-05
11.8 7.6 3.7555e-05
12 7.6 1.76055e-05
12.2 7.6 7.62103e-06
12.4 7.6 3.0463e-06
12.6 7.6 1.12443e-06
12.8 7.6 3.83263e-07
13 7.6 1.20636e-07
13.2 7.6 3.50657e-08
13.4 7.6 9.41281e-09
13.6 7.6 2.33346e-09
13.8 7.6 5.34237e-10
14 7.6 1.12962e-10
14.2 7.6 2.20603e-11
14.4 7.6 3.97903e-12
14.6 7.6 6.629e-13
14.8 7.6 1.0176e-13
5.2 7.8 2.54638e-13
5.4 7.8 1.65876e-12
5.6 7.8 9.9564e-12
5.8 7.8 5.51981e-11
6 7.8 2.82642e-10
6.2 7.8 1.33668e-09
6.4 7.8 5.83825e-09
6.6 7.8 2.35501e-08
6.8 7.8 8.773e-08
7 7.8 3.01812e-07
7.2 7.8 9.58848e-07
7.4 7.8 2.81305e-06
7.6 7.8 7.62103e-06
7.8 7.8 1.90656e-05
8 7.8 4.40432e-05
8.2 7.8 9.39495e-05
8.4 7.8 0.000185051
8.6 7.8 0.000336563
8.8 7.8 0.000565213
9 7.8 0.000876448
9.2 7.8 0.00125489
9.4 7.8 0.00165901
9.6 7.8 0.00202512
9.8 7.8 0.00228252
10 7.8 0.00237539
10.2 7.8 0.00228252
10.4 7.8 0.00202512
10.6 7.8 0.00165901
10.8 7.8 0.00125489
11 7.8 0.000876448
11.2 7.8 0.000565213
11.4 7.8 0.000336563
11.6 7.8 0.000185051
11.8 7.8 9.39495e-05
12 7.8 4.40432e-05
12.2 7.8 1.90656e-05
12.4 7.8 7.62103e-06
12.6 7.8 2.81305e-06
12.8 7.8 9.58848e-07
13 7.8 3.01812e-07
13.2 7.8 8.773e-08
13.4 7.8 2.35501e-08
13.6 7.8 5.83825e-09
13.8 7.8 1.33668e-09
14 7.8 2.82642e-10
14.2 7.8 5.51981e-11
14.4 7.8 9.9564e-12
14.6 7.8 1.65876e-12
14.8 7.8 2.54638e-13
5.2 8 5.88372e-13
5.4 8 3.8327e-12
5.6 8 2.30044e-11
5.8 8 1.27533e-10
6 8 6.53017e-10
6.2 8 3.0882e-09
6.4 8 1.34882e-08
6.6 8 5.44073e-08
6.8 8 2.02677e-07
7 8 6.97247e-07
7.2 8 2.2151e-06
7.4 8 6.49855e-06
7.6 8 1.76055e-05
7.8 8 4.40432e-05
8 8 0.000101743
8.2 8 0.000217028
8.4 8 0.000427475
8.6 8 0.000777466
8.8 8 0.00130564
9 8 0.00202459
9.2 8 0.00289878
9.4 8 0.00383228
9.6 8 0.00467799
9.8 8 0.00527255
10 8 0.00548708
10.2 8 0.00527255
10.4 8 0.00467799
10.6 8 0.00383228
10.8 8 0.00289878
11 8 0.00202459
11.2 8 0.00130564
11.4 8 0.000777466
11.6 8 0.000427475
11.8 8 0.000217028
12 8 0.000101743
12.2 8 4.40432e-05
12.4 8 1.76055e-05
12.6 8 6.49855e-06
12.8 8 2.2151e-06
13 8 6.97247e-07
13.2 8 2.02677e-07
13.4 8 5.44073e-08
13.6 8 1.34882e-08
13.8 8 3.0882e-09
14 8 6.53017e-10
14.2 8 1.27533e-10
14.4 8 2.30044e-11
14.6 8 3.8327e-12
14.8 8 5.88372e-13
5.2 8.2 1.25533e-12
5.4 8.2 8.17713e-12
5.6 8.2 4.90792e-11
5.8 8.2 2.72082e-10
6 8.2 1.39314e-09
6.2 8.2 6.5882e-09
6.4 8.2 2.87745e-08
6.6 8.2 1.16066e-07
6.8 8.2 4.32359e-07
7 8.2 1.48738e-06
7.2 8.2 4.72523e-06
7.4 8.2 1.38625e-05
7.6 8.2 3.7555e-05
7.8 8.2 9.39495e-05
8 8.2 0.000217028
8.2 8.2 0.000462941
8.4 8.2 0.000911836
8.6 8.2 0.00165838
8.8 8.2 0.00278501
9 8.2 0.00431855
9.2 8.2 0.00618321
9.4 8.2 0.00817437
9.6 8.2 0.00997828
9.8 8.2 0.0112465
10 8.2 0.0117041
10.2 8.2 0.0112465
10.4 8.2 0.00997828
10.6 8.2 0.00817437
10.8 8.2 0.00618321
11 8.2 0.00431855
11.2 8.2 0.00278501
11.4 8.2 0.00165838
11.6 8.2 0.000911836
11.8 8.2 0.000462941
12 8.2 0.000217028
12.2 8.2 9.39495e-05
12.4 8.2 3.7555e-05
12.6 8.2 1.38625e-05
12.8 8.2 4.72523e-06
13 8.2 1.48738e-06
13.2 8.2 4.32359e-07
13.4 8.2 1.16066e-07
13.6 8.2 2.87745e-08
13.8 8.2 6.5882e-09
14 8.2 1.39314e-09
14.2 8.2 2.72082e-10
14.4 8.2 4.90792e-11
14.6 8.2 8.17713e-12
14.8 8.2 1.25533e-12
5.2 8.4 2.47304e-12
5.4 8.4 1.6109e-11
5.6 8.4 9.66846e-11
5.8 8.4 5.35983e-10
6 8.4 2.74434e-09
6.2 8.4 1.29779e-08
6.4 8.4 5.6681e-08
6.6 8.4 2.28627e-07
6.8 8.4 8.51655e-07
7 8.4 2.92978e-06
7.2 8.4 9.30747e-06
7.4 8.4 2.73052e-05
7.6 8.4 7.39721e-05
7.8 8.4 0.000185051
8 8.4 0.000427475
8.2 8.4 0.000911836
8.4 8.4 0.001796
8.6 8.4 0.00326642
8.8 8.4 0.00548544
9 8.4 0.00850591
9.2 8.4 0.0121786
9.4 8.4 0.0161004
9.6 8.4 0.0196533
9.8 8.4 0.0221512
10 8.4 0.0230525
10.2 8.4 0.0221512
10.4 8.4 0.0196533
10.6 8.4 0.0161004
10.8 8.4 0.0121786
11 8.4 0.00850591
11.2 8.4 0.00548544
11.4 8.4 0.00326642
11.6 8.4 0.001796
11.8 8.4 0.000911836
12 8.4 0.000427475
12.2 8.4 0.000185051
12.4 8.4 7.39721e-05
12.6 8.4 2.73052e-05
12.8 8.4 9.30747e-06
13 8.4 2.92978e-06
13.2 8.4 8.51655e-07
13.4 8.4 2.28627e-07
13.6 8.4 5.6681e-08
13.8 8.4 1.29779e-08
14 8.4 2.74434e-09
14.2 8.4 5.35983e-10
14.4 8.4 9.66846e-11
14.6 8.4 1.6109e-11
14.8 8.4 2.47304e-12
5.2 8.6 4.49856e-12
5.4 8.6 2.93026e-11
5.6 8.6 1.75868e-10
5.8 8.6 9.74928e-10
6 8.6 4.99174e-09
6.2 8.6 2.36054e-08
6.4 8.6 1.03096e-07
6.6 8.6 4.15839e-07
6.8 8.6 1.54902e-06
7 8.6 5.32872e-06
7.2 8.6 1.69284e-05
7.4 8.6 4.96622e-05
7.6 8.6 0.000134538
7.8 8.6 0.000336563
8 8.6 0.000777466
8.2 8.6 0.00165838
8.4 8.6 0.00326642
8.6 8.6 0.00594069
8.8 8.6 0.00997642
9 8.6 0.0154697
9.2 8.6 0.0221491
9.4 8.6 0.0292816
9.6 8.6 0.0357434
9.8 8.6 0.0402862
10 8.6 0.0419253
10.2 8.6 0.0402862
10.4 8.6 0.0357434
10.6 8.6 0.0292816
10.8 8.6 0.0221491
11 8.6 0.0154697
11.2 8.6 0.00997642
11.4 8.6 0.00594069
11.6 8.6 0.00326642
11.8 8.6 0.00165838
12 8.6 0.000777466
12.2 8.6 0.000336563
12.4 8.6 0.000134538
12.6 8.6 4.96622e-05
12.8 8.6 1.69284e-05
13 8.6 5.32872e-06
13.2 8.6 1.54902e-06
13.4 8.6 4.15839e-07
13.6 8.6 1.03096e-07
13.8 8.6 2.36054e-08
14 8.6 4.99174e-09
14.2 8.6 9.74928e-10
14.4 8.6 1.75868e-10
14.6 8.6 2.93026e-11
14.8 8.6 4.49856e-12
5.2 8.8 7.55575e-12
5.4 8.8 4.92158e-11
5.6 8.8 2.95378e-10
5.8 8.8 1.63742e-09
6 8.8 8.38365e-09
6.2 8.8 3.96449e-08
6.4 8.8 1.73145e-07
6.6 8.8 6.9838e-07
6.8 8.8 2.60147e-06
7 8.8 8.94914e-06
7.2 8.8 2.84296e-05
7.4 8.8 8.34022e-05
7.6 8.8 0.00022594
7.8 8.8 0.000565213
8 8.8 0.00130564
8.2 8.8 0.00278501
8.4 8.8 0.00548544
8.6 8.8 0.00997642
8.8 8.8 0.0167537
9 8.8 0.0259787
9.2 8.8 0.0371956
9.4 8.8 0.0491733
9.6 8.8 0.0600245
9.8 8.8 0.0676533
10 8.8 0.0704059
10.2 8.8 0.0676533
10.4 8.8 0.0600245
10.6 8.8 0.0491733
10.8 8.8 0.0371956
11 8.8 0.0259787
11.2 8.8 0.0167537
11.4 8.8 0.00997642
11.6 8.8 0.00548544
11.8 8.8 0.00278501
12 8.8 0.00130564
12.2 8.8 0.000565213
12.4 8.8 0.00022594
12.6 8.8 8.34022e-05
12.8 8.8 2.84296e-05
13 8.8 8.94914e-06
13.2 8.8 2.60147e-06
13.4 8.8 6.9838e-07
13.6 8.8 1.73145e-07
13.8 8.8 3.96449e-08
14 8.8 8.38365e-09
14.2 8.8 1.63742e-09
14.4 8.8 2.95378e-10
14.6 8.8 4.92158e-11
14.8 8.8 7.55575e-12
5.2 9 1.17177e-11
5.4 9 7.63245e-11
5.6 9 4.5807e-10
5.8 9 2.53926e-09
6 9 1.3001e-08
6.2 9 6.1479e-08
6.4 9 2.68501e-07
6.6 9 1.08299e-06
6.8 9 4.0341e-06
7 9 1.38773e-05
7.2 9 4.40851e-05
7.4 9 0.000129329
7.6 9 0.000350357
7.8 9 0.000876448
8 9 0.00202459
8.2 9 0.00431855
8.4 9 0.00850591
8.6 9 0.0154697
8.8 9 0.0259787
9 9 0.0402832
9.2 9 0.0576762
9.4 9 0.0762488
9.6 9 0.0930749
9.8 9 0.104904
10 9 0.109172
10.2 9 0.104904
10.4 9 0.0930749
10.6 9 0.0762488
10.8 9 0.0576762
11 9 0.0402832
11.2 9 0.0259787
11.4 9 0.0154697
11.6 9 0.00850591
11.8 9 0.00431855
12 9 0.00202459
12.2 9 0.000876448
12.4 9 0.000350357
12.6 9 0.000129329
12.8 9 4.40851e-05
13 9 1.38773e-05
13.2 9 4.0341e-06
13.4 9 1.08299e-06
13.6 9 2.68501e-07
13.8 9 6.1479e-08
14 9 1.3001e-08
14.2 9 2.53926e-09
14.4 9 4.5807e-10
14.6 9 7.63245e-11
14.8 9 1.17177e-11
5.2 9.2 1.67788e-11
5.4 9.2 1.0929e-10
5.6 9.2 6.55908e-10
5.8 9.2 3.63592e-09
6 9.2 1.86157e-08
6.2 9.2 8.80292e-08
6.4 9.2 3.84453e-07
6.6 9.2 1.55066e-06
6.8 9.2 5.77613e-06
7 9.2 1.98698e-05
7.2 9.2 6.31216e-05
7.4 9.2 0.000185174
7.6 9.2 0.00050164
7.8 9.2 0.00125489
8 9.2 0.00289878
8.2 9.2 0.00618321
8.4 9.2 0.0121786
8.6 9.2 0.0221491
8.8 9.2 0.0371956
9 9.2 0.0576762
9.2 9.2 0.0825788
9.4 9.2 0.10917
9.6 9.2 0.133261
9.8 9.2 0.150198
10 9.2 0.156309
10.2 9.2 0.150198
10.4 9.2 0.133261
10.6 9.2 0.10917
10.8 9.2 0.0825788
11 9.2 0.0576762
11.2 9.2 0.0371956
11.4 9.2 0.0221491
11.6 9.2 0.0121786
11.8 9.2 0.00618321
12 9.2 0.00289878
12.2 9.2 0.00125489
12.4 9.2 0.00050164
12.6 9.2 0.000185174
12.8 9.2 6.31216e-05
13 9.2 1.98698e-05
13.2 9.2 5.77613e-06
13.4 9.2 1.55066e-06
13.6 9.2 3.84453e-07
13.8 9.2 8.80292e-08
14 9.2 1.86157e-08
14.2 9.2 3.63592e-09
14.4 9.2 6.55908e-10
14.6 9.2 1.0929e-10
14.8 9.2 1.67788e-11
5.2 9.4 2.21836e-11
5.4 9.4 1.44494e-10
5.6 9.4 8.67182e-10
5.8 9.4 4.80704e-09
6 9.4 2.46116e-08
6.2 9.4 1.16382e-07
6.4 9.4 5.08274e-07
6.6 9.4 2.05007e-06
6.8 9.4 7.63638e-06
7 9.4 2.62689e-05
7.2 9.4 8.34497e-05
7.4 9.4 0.000244808
7.6 9.4 0.000663186
7.8 9.4 0.00165901
8 9.4 0.00383228
8.2 9.4 0.00817437
8.4 9.4 0.0161004
8.6 9.4 0.0292816
8.8 9.4 0.0491733
9 9.4 0.0762488
9.2 9.4 0.10917
9.4 9.4 0.144325
9.6 9.4 0.176173
9.8 9.4 0.198563
10 9.4 0.206642
10.2 9.4 0.198563
10.4 9.4 0.176173
10.6 9.4 0.144325
10.8 9.4 0.10917
11 9.4 0.0762488
11.2 9.4 0.0491733
11.4 9.4 0.0292816
11.6 9.4 0.0161004
11.8 9.4 0.00817437
12 9.4 0.00383228
12.2 9.4 0.00165901
12.4 9.4 0.000663186
12.6 9.4 0.000244808
12.8 9.4 8.34497e-05
13 9.4 2.62689e-05
13.2 9.4 7.63638e-06
13.4 9.4 2.05007e-06
13.6 9.4 5.08274e-07
13.8 9.4 1.16382e-07
14 9.4 2.46116e-08
14.2 9.4 4.80704e-09
14.4 9.4 8.67182e-10
14.6 9.4 1.44494e-10
14.8 9.4 2.21836e-11
5.2 9.6 2.70806e-11
5.4 9.6 1.7639e-10
5.6 9.6 1.0586e-09
5.8 9.6 5.86808e-09
6 9.6 3.00439e-08
6.2 9.6 1.42069e-07
6.4 9.6 6.20455e-07
6.6 9.6 2.50253e-06
6.8 9.6 9.32173e-06
7 9.6 3.20664e-05
7.2 9.6 0.000101866
7.4 9.6 0.000298834
7.6 9.6 0.000809542
7.8 9.6 0.00202512
8 9.6 0.00467799
8.2 9.6 0.00997828
8.4 9.6 0.0196533
8.6 9.6 0.0357434
8.8 9.6 0.0600245
9 9.6 0.0930749
9.2 9.6 0.133261
9.4 9.6 0.176173
9.6 9.6 0.215049
9.8 9.6 0.24238
10 9.6 0.252242
10.2 9.6 0.24238
10.4 9.6 0.215049
10.6 9.6 0.176173
10.8 9.6 0.133261
11 9.6 0.0930749
11.2 9.6 0.0600245
11.4 9.6 0.0357434
11.6 9.6 0.0196533
11.8 9.6 0.00997828
12 9.6 0.00467799
12.2 9.6 0.00202512
12.4 9.6 0.000809542
12.6 9.6 0.000298834
12.8 9.6 0.000101866
13 9.6 3.20664e-05
13.2 9.6 9.32173e-06
13.4 9.6 2.50253e-06
13.6 9.6 6.20455e-07
13.8 9.6 1.42069e-07
14 9.6 3.00439e-08
14.2 9.6 5.86808e-09
14.4 9.6 1.0586e-09
14.6 9.6 1.7639e-10
14.8 9.6 2.70806e-11
5.2 9.8 3.05234e-11
5.4 9.8 1.98814e-10
5.6 9.8 1.19317e-09
5.8 9.8 6.61406e-09
6 9.8 3.38631e-08
6.2 9.8 1.60128e-07
6.4 9.8 6.99324e-07
6.6 9.8 2.82064e-06
6.8 9.8 1.05066e-05
7 9.8 3.61423e-05
7.2 9.8 0.000114814
7.4 9.8 0.000336817
7.6 9.8 0.000912437
7.8 9.8 0.00228252
8 9.8 0.00527255
8.2 9.8 0.0112465
8.4 9.8 0.0221512
8.6 9.8 0.0402862
8.8 9.8 0.0676533
9 9.8 0.104904
9.2 9.8 0.150198
9.4 9.8 0.198563
9.6 9.8 0.24238
9.8 9.8 0.273185
10 9.8 0.2843
10.2 9.8 0.273185
10.4 9.8 0.24238
10.6 9.8 0.198563
10.8 9.8 0.150198
11 9.8 0.104904
11.2 9.8 0.0676533
11.4 9.8 0.0402862
11.6 9.8 0.0221512
11.8 9.8 0.0112465
12 9.8 0.00527255
12.2 9.8 0.00228252
12.4 9.8 0.000912437
12.6 9.8 0.000336817
12.8 9.8 0.000114814
13 9.8 3.61423e-05
13.2 9.8 1.05066e-05
13.4 9.8 2.82064e-06
13.6 9.8 6.99324e-07
13.8 9.8 1.60128e-07
14 9.8 3.38631e-08
14.2 9.8 6.61406e-09
14.4 9.8 1.19317e-09
14.6 9.8 1.98814e-10
14.8 9.8 3.05234e-11
5.2 10 3.17657e-11
5.4 10 2.06906e-10
5.6 10 1.24173e-09
5.8 10 6.88322e-09
6 10 3.52412e-08
6.2 10 1.66644e-07
6.4 10 7.27782e-07
6.6 10 2.93541e-06
6.8 10 1.09341e-05
7 10 3.76129e-05
7.2 10 0.000119486
7.4 10 0.000350522
7.6 10 0.000949563
7.8 10 0.00237539
8 10 0.00548708
8.2 10 0.0117041
8.4 10 0.0230525
8.6 10 0.0419253
8.8 10 0.0704059
9 10 0.109172
9.2 10 0.156309
9.4 10 0.206642
9.6 10 0.252242
9.8 10 0.2843
10 10 0.295867
10.2 10 0.2843
10.4 10 0.252242
10.6 10 0.206642
10.8 10 0.156309
11 10 0.109172
11.2 10 0.0704059
11.4 10 0.0419253
11.6 10 0.0230525
11.8 10 0.0117041
12 10 0.00548708
12.2 10 0.00237539
12.4 10 0.000949563
12.6 10 0.000350522
12.8 10 0.000119486
13 10 3.76129e-05
13.2 10 1.09341e-05
13.4 10 2.93541e-06
13.6 10 7.27782e-07
13.8 10 1.66644e-07
14 10 3.52412e-08
14.2 10 6.88322e-09
14.4 10 1.24173e-09
14.6 10 2.06906e-10
14.8 10 3.17657e-11
5.2 10.2 3.05234e-11
5.4 10.2 1.98814e-10
5.6 10.2 1.19317e-09
5.8 10.2 6.61406e-09
6 10.2 3.38631e-08
6.2 10.2 1.60128e-07
6.4 10.2 6.99324e-07
6.6 10.2 2.82064e-06
6.8 10.2 1.05066e-05
7 10.2 3.61423e-05
7.2 10.2 0.000114814
7.4 10.2 0.000336817
7.6 10.2 0.000912437
7.8 10.2 0.00228252
8 10.2 0.00527255
8.2 10.2 0.0112465
8.4 10.2 0.0221512
8.6 10.2 0.0402862
8.8 10.2 0.0676533
9 10.2 0.104904
9.2 10.2 0.150198
9.4 10.2 0.198563
9.6 10.2 0.24238
9.8 10.2 0.273185
10 10.2 0.2843
10.2 10.2 0.273185
10.4 10.2 0.24238
10.6 10.2 0.198563
10.8 10.2 0.150198
11 10.2 0.104904
11.2 10.2 0.0676533
11.4 10.2 0.0402862
11.6 10.2 0.0221512
11.8 10.2 0.0112465
12 10.2 0.00527255
12.2 10.2 0.00228252
12.4 10.2 0.000912437
12.6 10.2 0.000336817
12.8 10.2 0.000114814
13 10.2 3.61423e-05
13.2 10.2 1.05066e-05
13.4 10.2 2.82064e-06
13.6 10.2 6.99324e-07
13.8 10.2 1.60128e-07
14 10.2 3.38631e-08
14.2 10.2 6.61406e-09
14.4 10.2 1.19317e-09
14.6 10.2 1.98814e-10
14.8 10.2 3.05234e-11
5.2 10.4 2.70806e-11
5.4 10.4 1.7639e-10
5.6 10.4 1.0586e-09
5.8 10.4 5.86808e-09
6 10.4 3.00439e-08
6.2 10.4 1.42069e-07
6.4 10.4 6.20455e-07
6.6 10.4 2.50253e-06
6.8 10.4 9.32173e-06
7 10.4 3.20664e-05
7.2 10.4 0.000101866
7.4 10.4 0.000298834
7.6 10.4 0.000809542
7.8 10.4 0.00202512
8 10.4 0.00467799
8.2 10.4 0.00997828
8.4 10.4 0.0196533
8.6 10.4 0.0357434
8.8 10.4 0.0600245
9 10.4 0.0930749
9.2 10.4 0.133261
9.4 10.4 0.176173
9.6 10.4 0.215049
9.8 10.4 0.24238
10 10.4 0.252242
10.2 10.4 0.24238
10.4 10.4 0.215049
10.6 10.4 0.176173
10.8 10.4 0.133261
11 10.4 0.0930749
11.2 10.4 0.0600245
11.4 10.4 0.0357434
11.6 10.4 0.0196533
11.8 10.4 0.00997828
12 10.4 0.00467799
12.2 10.4 0.00202512
12.4 10.4 0.000809542
12.6 10.4 0.000298834
12.8 10.4 0.000101866
13 10.4 3.20664e-05
13.2 10.4 9.32173e-06
13.4 10.4 2.50253e-06
13.6 10.4 6.20455e-07
13.8 10.4 1.42069e-07
14 10.4 3.00439e-08
14.2 10.4 5.86808e-09
14.4 10.4 1.0586e-09
14.6 10.4 1.7639e-10
14.8 10.4 2.70806e-11
5.2 10.6 2.21836e-11
5.4 10.6 1.44494e-10
5.6 10.6 8.67182e-10
5.8 10.6 4.80704e-09
6 10.6 2.46116e-08
6.2 10.6 1.16382e-07
6.4 10.6 5.08274e-07
6.6 10.6 2.05007e-06
6.8 10.6 7.63638e-06
7 10.6 2.62689e-05
7.2 10.6 8.34497e-05
7.4 10.6 0.000244808
7.6 10.6 0.000663186
7.8 10.6 0.00165901
8 10.6 0.00383228
8.2 10.6 0.00817437
8.4 10.6 0.0161004
8.6 10.6 0.0292816
8.8 10.6 0.0491733
9 10.6 0.0762488
9.2 10.6 0.10917
9.4 10.6 0.144325
9.6 10.6 0.176173
9.8 10.6 0.198563
10 10.6 0.206642
10.2 10.6 0.198563
10.4 10.6 0.176173
10.6 10.6 0.144325
10.8 10.6 0.10917
11 10.6 0.0762488
11.2 10.6 0.0491733
11.4 10.6 0.0292816
11.6 10.6 0.0161004
11.8 10.6 0.00817437
12 10.6 0.00383228
12.2 10.6 0.00165901
12.4 10.6 0.000663186
12.6 10.6 0.000244808
12.8 10.6 8.34497e-05
13 10.6 2.62689e-05
13.2 10.6 7.63638e-06
13.4 10.6 2.05007e-06
13.6 10.6 5.08274e-07
13.8 10.6 1.16382e-07
14 10.6 2.46116e-08
14.2 10.6 4.80704e-09
14.4 10.6 8.67182e-10
14.6 10.6 1.44494e-10
14.8 10.6 2.21836e-11
5.2 10.8 1.67788e-11
5.4 10.8 1.0929e-10
5.6 10.8 6.55908e-10
5.8 10.8 3.63592e-09
6 10.8 1.86157e-08
6.2 10.8 8.80292e-08
6.4 10.8 3.84453e-07
6.6 10.8 1.55066e-06
6.8 10.8 5.77613e-06
7 10.8 1.98698e-05
7.2 10.8 6.31216e-05
7.4 10.8 0.000185174
7.6 10.8 0.00050164
7.8 10.8 0.00125489
8 10.8 0.00289878
8.2 10.8 0.00618321
8.4 10.8 0.0121786
8.6 10.8 0.0221491
8.8 10.8 0.0371956
9 10.8 0.0576762
9.2 10.8 0.0825788
9.4 10.8 0.10917
9.6 10.8 0.133261
9.8 10.8 0.150198
10 10.8 0.156309
10.2 10.8 0.150198
10.4 10.8 0.133261
10.6 10.8 0.10917
10.8 10.8 0.0825788
11 10.8 0.0576762
11.2 10.8 0.0371956
11.4 10.8 0.0221491
11.6 10.8 0.0121786
11.8 10.8 0.00618321
12 10.8 0.00289878
12.2 10.8 0.00125489
12.4 10.8 0.00050164
12.6 10.8 0.000185174
12.8 10.8 6.31216e-05
13 10.8 1.98698e-05
13.2 10.8 5.77613e-06
13.4 10.8 1.55066e-06
13.6 10.8 3.84453e-07
13.8 10.8 8.80292e-08
14 10.8 1.86157e-08
14.2 10.8 3.63592e-09
14.4 10.8 6.55908e-10
14.6 10.8 1.0929e-10
14.8 10.8 1.67788e-11
5.2 11 1.17177e-11
5.4 11 7.63245e-11
5.6 11 4.5807e-10
5.8 11 2.53926e-09
6 11 1.3001e-08
6.2 11 6.1479e-08
6.4 11 2.68501e-07
6.6 11 1.08299e-06
6.8 11 4.0341e-06
7 11 1.38773e-05
7.2 11 4.40851e-05
7.4 11 0.000129329
7.6 11 0.000350357
7.8 11 0.000876448
8 11 0.00202459
8.2 11 0.00431855
8.4 11 0.00850591
8.6 11 0.0154697
8.8 11 0.0259787
9 11 0.0402832
9.2 11 0.0576762
9.4 11 0.0762488
9.6 11 0.0930749
9.8 11 0.104904
10 11 0.109172
10.2 11 0.104904
10.4 11 0.0930749
10.6 11 0.0762488
10.8 11 0.0576762
11 11 0.0402832
11.2 11 0.0259787
11.4 11 0.0154697
11.6 11 0.00850591
11.8 11 0.00431855
12 11 0.00202459
12.2 11 0.000876448
12.4 11 0.000350357
12.6 11 0.000129329
12.8 11 4.40851e-05
13 11 1.38773e-05
13.2 11 4.0341e-06
13.4 11 1.08299e-06
13.6 11 2.68501e-07
13.8 11 6.1479e-08
14 11 1.3001e-08
14.2 11 2.53926e-09
14.4 11 4.5807e-10
14.6 11 7.63245e-11
14.8 11 1.17177e-11
5.2 11.2 7.55575e-12
5.4 11.2 4.92158e-11
5.6 11.2 2.95378e-10
5.8 11.2 1.63742e-09
6 11.2 8.38365e-09
6.2 11.2 3.96449e-08
6.4 11.2 1.73145e-07
6.6 11.2 6.9838e-07
6.8 11.2 2.60147e-06
7 11.2 8.94914e-06
7.2 11.2 2.84296e-05
7.4 11.2 8.34022e-05
7.6 11.2 0.00022594
7.8 11.2 0.000565213
8 11.2 0.00130564
8.2 11.2 0.00278501
8.4 11.2 0.00548544
8.6 11.2 0.00997642
8.8 11.2 0.0167537
9 11.2 0.0259787
9.2 11.2 0.0371956
9.4 11.2 0.0491733
9.6 11.2 0.0600245
9.8 11.2 0.0676533
10 11.2 0.0704059
10.2 11.2 0.0676533
10.4 11.2 0.0600245
10.6 11.2 0.0491733
10.8 11.2 0.0371956
11 11.2 0.0259787
11.2 11.2 0.0167537
11.4 11.2 0.00997642
11.6 11.2 0.00548544
11.8 11.2 0.00278501
12 11.2 0.00130564
12.2 11.2 0.000565213
12.4 11.2 0.00022594
12.6 11.2 8.34022e-05
12.8 11.2 2.84296e-05
13 11.2 8.94914e-06
13.2 11.2 2.60147e-06
13.4 11.2 6.9838e-07
13.6 11.2 1.73145e-07
13.8 11.2 3.96449e-08
14 11.2 8.38365e-09
14.2 11.2 1.63742e-09
14.4 11.2 2.95378e-10
14.6 11.2 4.92158e-11
14.8 11.2 7.55575e-12
5.2 11.4 4.49856e-12
5.4 11.4 2.93026e-11
5.6 11.4 1.75868e-10
5.8 11.4 9.74928e-10
6 11.4 4.99174e-09
6.2 11.4 2.36054e-08
6.4 11.4 1.03096e-07
6.6 11.4 4.15839e-07
6.8 11.4 1.54902e-06
7 11.4 5.32872e-06
7.2 11.4 1.69284e-05
7.4 11.4 4.96622e-05
7.6 11.4 0.000134538
7.8 11.4 0.000336563
8 11.4 0.000777466
8.2 11.4 0.00165838
8.4 11.4 0.00326642
8.6 11.4 0.00594069
8.8 11.4 0.00997642
9 11.4 0.0154697
9.2 11.4 0.0221491
9.4 11.4 0.0292816
9.6 11.4 0.0357434
9.8 11.4 0.0402862
10 11.4 0.0419253
10.2 11.4 0.0402862
10.4 11.4 0.0357434
10.6 11.4 0.0292816
10.8 11.4 0.0221491
11 11.4 0.0154697
11.2 11.4 0.00997642
11.4 11.4 0.00594069
11.6 11.4 0.00326642
11.8 11.4 0.00165838
12 11.4 0.000777466
12.2 11.4 0.000336563
12.4 11.4 0.000134538
12.6 11.4 4.96622e-05
12.8 11.4 1.69284e-05
13 11.4 5.32872e-06
13.2 11.4 1.54902e-06
13.4 11.4 4.15839e-07
13.6 11.4 1.03096e-07
13.8 11.4 2.36054e-08
14 11.4 4.99174e-09
14.2 11.4 9.74928e-10
14.4 11.4 1.75868e-10
14.6 11.4 2.93026e-11
14.8 11.4 4.49856e-12
5.2 11.6 2.47304e-12
5.4 11.6 1.6109e-11
5.6 11.6 9.66846e-11
5.8 11.6 5.35983e-10
6 11.6 2.74434e-09
6.2 11.6 1.29779e-08
6.4 11.6 5.6681e-08
6.6 11.6 2.28627e-07
6.8 11.6 8.51655e-07
7 11.6 2.92978e-06
7.2 11.6 9.30747e-06
7.4 11.6 2.73052e-05
7.6 11.6 7.39721e-05
7.8 11.6 0.000185051
8 11.6 0.000427475
8.2 11.6 0.000911836
8.4 11.6 0.001796
8.6 11.6 0.00326642
8.8 11.6 0.00548544
9 11.6 0.00850591
9.2 11.6 0.0121786
9.4 11.6 0.0161004
9.6 11.6 0.0196533
9.8 11.6 0.0221512
10 11.6 0.0230525
10.2 11.6 0.0221512
10.4 11.6 0.0196533
10.6 11.6 0.0161004
10.8 11.6 0.0121786
11 11.6 0.00850591
11.2 11.6 0.00548544
11.4 11.6 0.00326642
11.6 11.6 0.001796
11.8 11.6 0.000911836
12 11.6 0.000427475
12.2 11.6 0.000185051
12.4 11.6 7.39721e-05
12.6 11.6 2.73052e-05
12.8 11.6 9.30747e-06
13 11.6 2.92978e-06
13.2 11.6 8.51655e-07
13.4 11.6 2.28627e-07
13.6 11.6 5.6681e-08
13.8 11.6 1.29779e-08
14 11.6 2.74434e-09
14.2 11.6 5.35983e-10
14.4 11.6 9.66846e-11
14.6 11.6 1.6109e-11
14.8 11.6 2.47304e-12
5.2 11.8 1.25533e-12
5.4 11.8 8.17713e-12
5.6 11.8 4.90792e-11
5.8 11.8 2.72082e-10
6 11.8 1.39314e-09
6.2 11.8 6.5882e-09
6.4 11.8 2.87745e-08
6.6 11.8 1.16066e-07
6.8 11.8 4.32359e-07
7 11.8 1.48738e-06
7.2 11.8 4.72523e-06
7.4 11.8 1.38625e-05
7.6 11.8 3.7555e-05
7.8 11.8 9.39495e-05
8 11.8 0.000217028
8.2 11.8 0.000462941
8.4 11.8 0.000911836
8.6 11.8 0.00165838
8.8 11.8 0.00278501
9 11.8 0.00431855
9.2 11.8 0.00618321
9.4 11.8 0.00817437
9.6 11.8 0.00997828
9.8 11.8 0.0112465
10 11.8 0.0117041
10.2 11.8 0.0112465
10.4 11.8 0.00997828
10.6 11.8 0.00817437
10.8 11.8 0.00618321
11 11.8 0.00431855
11.2 11.8 0.00278501
11.4 11.8 0.00165838
11.6 11.8 0.000911836
11.8 11.8 0.000462941
12 11.8 0.000217028
12.2 11.8 9.39495e-05
12.4 11.8 3.7555e-05
12.6 11.8 1.38625e-05
12.8 11.8 4.72523e-06
13 11.8 1.48738e-06
13.2 11.8 4.32359e-07
13.4 11.8 1.16066e-07
13.6 11.8 2.87745e-08
13.8 11.8 6.5882e-09
14 11.8 1.39314e-09
14.2 11.8 2.72082e-10
14.4 11.8 4.90792e-11
14.6 11.8 8.17713e-12
14.8 11.8 1.25533e-12
5.2 12 5.88372e-13
5.4 12 3.8327e-12
5.6 12 2.30044e-11
5.8 12 1.27533e-10
6 12 6.53017e-10
6.2 12 3.0882e-09
6.4 12 1.34882e-08
6.6 12 5.44073e-08
6.8 12 2.02677e-07
7 12 6.97247e-07
7.2 12 2.2151e-06
7.4 12 6.49855e-06
7.6 12 1.76055e-05
7.8 12 4.40432e-05
8 12 0.000101743
8.2 12 0.000217028
8.4 12 0.000427475
8.6 12 0.000777466
8.8 12 0.00130564
9 12 0.00202459
9.2 12 0.00289878
9.4 12 0.00383228
9.6 12 0.00467799
9.8 12 0.00527255
10 12 0.00548708
10.2 12 0.00527255
10.4 12 0.00467799
10.6 12 0.00383228
10.8 12 0.00289878
11 12 0.00202459
11.2 12 0.00130564
11.4 12 0.000777466
11.6 12 0.000427475
11.8 12 0.000217028
12 12 0.000101743
12.2 12 4.40432e-05
12.4 12 1.76055e-05
12.6 12 6.49855e-06
12.8 12 2.2151e-06
13 12 6.97247e-07
13.2 12 2.02677e-07
13.4 12 5.44073e-08
13.6 12 1.34882e-08
13.8 12 3.0882e-09
14 12 6.53017e-10
14.2 12 1.27533e-10
14.4 12 2.30044e-11
14.6 12 3.8327e-12
14.8 12 5.88372e-13
5.2 12.2 2.54638e-13
5.4 12.2 1.65876e-12
5.6 12.2 9.9564e-12
5.8 12.2 5.51981e-11
6 12.2 2.82642e-10
6.2 12.2 1.33668e-09
6.4 12.2 5.83825e-09
6.6 12.2 2.35501e-08
6.8 12.2 8.773e-08
7 12.2 3.01812e-07
7.2 12.2 9.58848e-07
7.4 12.2 2.81305e-06
7.6 12.2 7.62103e-06
7.8 12.2 1.90656e-05
8 12.2 4.40432e-05
8.2 12.2 9.39495e-05
8.4 12.2 0.000185051
8.6 12.2 0.000336563
8.8 12.2 0.000565213
9 12.2 0.000876448
9.2 12.2 0.00125489
9.4 12.2 0.00165901
9.6 12.2 0.00202512
9.8 12.2 0.00228252
10 12.2 0.00237539
10.2 12.2 0.00228252
10.4 12.2 0.00202512
10.6 12.2 0.00165901
10.8 12.2 0.00125489
11 12.2 0.000876448
11.2 12.2 0.000565213
11.4 12.2 0.000336563
11.6 12.2 0.000185051
11.8 12.2 9.39495e-05
12 12.2 4.40432e-05
12.2 12.2 1.90656e-05
12.4 12.2 7.62103e-06
12.6 12.2 2.81305e-06
12.8 12.2 9.58848e-07
13 12.2 3.01812e-07
13.2 12.2 8.773e-08
13.4 12.2 2.35501e-08
13.6 12.2 5.83825e-09
13.8 12.2 1.33668e-09
14 12.2 2.82642e-10
14.2 12.2 5.51981e-11
14.4 12.2 9.9564e-12
14.6 12.2 1.65876e-12
14.8 12.2 2.54638e-13
5.2 12.4 1.0176e-13
5.4 12.4 6.629e-13
5.6 12.4 3.97903e-12
5.8 12.4 2.20603e-11
6 12.4 1.12962e-10
6.2 12.4 5.34237e-10
6.4 12.4 2.33346e-09
6.6 12.4 9.41281e-09
6.8 12.4 3.50657e-08
7 12.4 1.20636e-07
7.2 12.4 3.83263e-07
7.4 12.4 1.12443e-06
7.6 12.4 3.0463e-06
7.8 12.4 7.62103e-06
8 12.4 1.76055e-05
8.2 12.4 3.7555e-05
8.4 12.4 7.39721e-05
8.6 12.4 0.000134538
8.8 12.4 0.00022594
9 12.4 0.000350357
9.2 12.4 0.00050164
9.4 12.4 0.000663186
9.6 12.4 0.000809542
9.8 12.4 0.000912437
10 12.4 0.000949563
10.2 12.4 0.000912437
10.4 12.4 0.000809542
10.6 12.4 0.000663186
10.8 12.4 0.00050164
11 12.4 0.000350357
11.2 12.4 0.00022594
11.4 12.4 0.000134538
11.6 12.4 7.39721e-05
11.8 12.4 3.7555e-05
12 12.4 1.76055e-05
12.2 12.4 7.62103e-06
12.4 12.4 3.0463e-06
12.6 12.4 1.12443e-06
12.8 12.4 3.83263e-07
13 12.4 1.20636e-07
13.2 12.4 3.50657e-08
13.4 12.4 9.41281e-09
13.6 12.4 2.33346e-09
13.8 12.4 5.34237e-10
14 12.4 1.12962e-10
14.2 12.4 2.20603e-11
14.4 12.4 3.97903e-12
14.6 12.4 6.629e-13
14.8 12.4 1.0176e-13
5.2 12.6 3.75508e-14
5.4 12.6 2.44625e-13
5.6 12.6 1.4684e-12
5.8 12.6 8.14123e-12
6 12.6 4.16893e-11
6.2 12.6 1.97168e-10
6.4 12.6 8.61216e-10
6.6 12.6 3.47409e-09
6.8 12.6 1.29423e-08
7 12.6 4.45263e-08
7.2 12.6 1.41463e-07
7.4 12.6 4.15035e-07
7.6 12.6 1.12443e-06
7.8 12.6 2.81305e-06
8 12.6 6.49855e-06
8.2 12.6 1.38625e-05
8.4 12.6 2.73052e-05
8.6 12.6 4.96622e-05
8.8 12.6 8.34022e-05
9 12.6 0.000129329
9.2 12.6 0.000185174
9.4 12.6 0.000244808
9.6 12.6 0.000298834
9.8 12.6 0.000336817
10 12.6 0.000350522
10.2 12.6 0.000336817
10.4 12.6 0.000298834
10.6 12.6 0.000244808
10.8 12.6 0.000185174
11 12.6 0.000129329
11.2 12.6 8.34022e-05
11.4 12.6 4.96622e-05
11.6 12.6 2.73052e-05
11.8 12.6 1.38625e-05
12 12.6 6.49855e-06
12.2 12.6 2.81305e-06
12.4 12.6 1.12443e-06
12.6 12.6 4.15035e-07
12.8 12.6 1.41463e-07
13 12.6 4.45263e-08
13.2 12.6 1.29423e-08
13.4 12.6 3.47409e-09
13.6 12.6 8.61216e-10
13.8 12.6 1.97168e-10
14 12.6 4.16893e-11
14.2 12.6 8.14123e-12
14.4 12.6 1.4684e-12
14.6 12.6 2.44625e-13
14.8 12.6 3.75508e-14
5.2 12.8 1.27954e-14
5.4 12.8 8.33582e-14
5.6 12.8 5.00388e-13
5.8 12.8 2.77439e-12
6 12.8 1.42074e-11
6.2 12.8 6.71954e-11
6.4 12.8 2.93512e-10
6.6 12.8 1.18404e-09
6.8 12.8 4.4111e-09
7 12.8 1.51761e-08
7.2 12.8 4.82164e-08
7.4 12.8 1.41463e-07
7.6 12.8 3.83263e-07
7.8 12.8 9.58848e-07
8 12.8 2.2151e-06
8.2 12.8 4.72523e-06
8.4 12.8 9.30747e-06
8.6 12.8 1.69284e-05
8.8 12.8 2.84296e-05
9 12.8 4.40851e-05
9.2 12.8 6.31216e-05
9.4 12.8 8.34497e-05
9.6 12.8 0.000101866
9.8 12.8 0.000114814
10 12.8 0.000119486
10.2 12.8 0.000114814
10.4 12.8 0.000101866
10.6 12.8 8.34497e-05
10.8 12.8 6.31216e-05
11 12.8 4.40851e-05
11.2 12.8 2.84296e-05
11.4 12.8 1.69284e-05
11.6 12.8 9.30747e-06
11.8 12.8 4.72523e-06
12 12.8 2.2151e-06
12.2 12.8 9.58848e-07
12.4 12.8 3.83263e-07
12.6 12.8 1.41463e-07
12.8 12.8 4.82164e-08
13 12.8 1.51761e-08
13.2 12.8 4.4111e-09
13.4 12.8 1.18404e-09
13.6 12.8 2.93512e-10
13.8 12.8 6.71954e-11
14 12.8 1.42074e-11
14.2 12.8 2.77439e-12
14.4 12.8 5.00388e-13
14.6 12.8 8.33582e-14
14.8 12.8 1.27954e-14
5.2 13 4.02619e-15
5.4 13 2.62301e-14
5.6 13 1.57462e-13
5.8 13 8.73075e-13
6 13 4.4711e-12
6.2 13 2.11471e-11
6.4 13 9.23742e-11
6.6 13 3.72651e-10
6.8 13 1.38833e-09
7 13 4.77656e-09
7.2 13 1.51761e-08
7.4 13 4.45263e-08
7.6 13 1.20636e-07
7.8 13 3.01812e-07
8 13 6.97247e-07
8.2 13 1.48738e-06
8.4 13 2.92978e-06
8.6 13 5.32872e-06
8.8 13 8.94914e-06
9 13 1.38773e-05
9.2 13 1.98698e-05
9.4 13 2.62689e-05
9.6 13 3.20664e-05
9.8 13 3.61423e-05
10 13 3.76129e-05
10.2 13 3.61423e-05
10.4 13 3.20664e-05
10.6 13 2.62689e-05
10.8 13 1.98698e-05
11 13 1.38773e-05
11.2 13 8.94914e-06
11.4 13 5.32872e-06
11.6 13 2.92978e-06
11.8 13 1.48738e-06
12 13 6.97247e-07
12.2 13 3.01812e-07
12.4 13 1.20636e-07
12.6 13 4.45263e-08
12.8 13 1.51761e-08
13 13 4.77656e-09
13.2 13 1.38833e-09
13.4 13 3.72651e-10
13.6 13 9.23742e-11
13.8 13 2.11471e-11
14 13 4.4711e-12
14.2 13 8.73075e-13
14.4 13 1.57462e-13
14.6 13 2.62301e-14
14.8 13 4.02619e-15
5.2 13.2 1.16989e-15
5.4 13.2 7.62192e-15
5.6 13.2 4.57571e-14
5.8 13.2 2.53718e-13
6 13.2 1.29936e-12
6.2 13.2 6.14583e-12
6.4 13.2 2.68469e-11
6.6 13.2 1.08307e-10
6.8 13.2 4.03516e-10
7 13.2 1.38833e-09
7.2 13.2 4.4111e-09
7.4 13.2 1.29423e-08
7.6 13.2 3.50657e-08
7.8 13.2 8.773e-08
8 13.2 2.02677e-07
8.2 13.2 4.32359e-07
8.4 13.2 8.51655e-07
8.6 13.2 1.54902e-06
8.8 13.2 2.60147e-06
9 13.2 4.0341e-06
9.2 13.2 5.77613e-06
9.4 13.2 7.63638e-06
9.6 13.2 9.32173e-06
9.8 13.2 1.05066e-05
10 13.2 1.09341e-05
10.2 13.2 1.05066e-05
10.4 13.2 9.32173e-06
10.6 13.2 7.63638e-06
10.8 13.2 5.77613e-06
11 13.2 4.0341e-06
11.2 13.2 2.60147e-06
11.4 13.2 1.54902e-06
11.6 13.2 8.51655e-07
11.8 13.2 4.32359e-07
12 13.2 2.02677e-07
12.2 13.2 8.773e-08
12.4 13.2 3.50657e-08
12.6 13.2 1.29423e-08
12.8 13.2 4.4111e-09
13 13.2 1.38833e-09
13.2 13.2 4.03516e-10
13.4 13.2 1.08307e-10
13.6 13.2 2.68469e-11
13.8 13.2 6.14583e-12
14 13.2 1.29936e-12
14.2 13.2 2.53718e-13
14.4 13.2 4.57571e-14
14.6 13.2 7.62192e-15
14.8 13.2 1.16989e-15
5.2 13.4 3.13916e-16
5.4 13.4 2.04526e-15
5.6 13.4 1.2279e-14
5.8 13.4 6.80885e-14
6 13.4 3.48714e-13
6.2 13.4 1.64944e-12
6.4 13.4 7.20551e-12
6.6 13.4 2.90698e-11
6.8 13.4 1.08307e-10
7 13.4 3.72651e-10
7.2 13.4 1.18404e-09
7.4 13.4 3.47409e-09
7.6 13.4 9.41281e-09
7.8 13.4 2.35501e-08
8 13.4 5.44073e-08
8.2 13.4 1.16066e-07
8.4 13.4 2.28627e-07
8.6 13.4 4.15839e-07
8.8 13.4 6.9838e-07
9 13.4 1.08299e-06
9.2 13.4 1.55066e-06
9.4 13.4 2.05007e-06
9.6 13.4 2.50253e-06
9.8 13.4 2.82064e-06
10 13.4 2.93541e-06
10.2 13.4 2.82064e-06
10.4 13.4 2.50253e-06
10.6 13.4 2.05007e-06
10.8 13.4 1.55066e-06
11 13.4 1.08299e-06
11.2 13.4 6.9838e-07
11.4 13.4 4.15839e-07
11.6 13.4 2.28627e-07
11.8 13.4 1.16066e-07
12 13.4 5.44073e-08
12.2 13.4 2.35501e-08
12.4 13.4 9.41281e-09
12.6 13.4 3.47409e-09
12.8 13.4 1.18404e-09
13 13.4 3.72651e-10
13.2 13.4 1.08307e-10
13.4 13.4 2.90698e-11
13.6 13.4 7.20551e-12
13.8 13.4 1.64944e-12
14 13.4 3.48714e-13
14.2 13.4 6.80885e-14
14.4 13.4 1.2279e-14
14.6 13.4 2.04526e-15
14.8 13.4 3.13916e-16
5.2 13.6 7.7788e-17
5.4 13.6 5.06832e-16
5.6 13.6 3.04298e-15
5.8 13.6 1.68745e-14
6 13.6 8.64259e-14
6.2 13.6 4.08817e-13
6.4 13.6 1.78596e-12
6.6 13.6 7.20551e-12
6.8 13.6 2.68469e-11
7 13.6 9.23742e-11
7.2 13.6 2.93512e-10
7.4 13.6 8.61216e-10
7.6 13.6 2.33346e-09
7.8 13.6 5.83825e-09
8 13.6 1.34882e-08
8.2 13.6 2.87745e-08
8.4 13.6 5.6681e-08
8.6 13.6 1.03096e-07
8.8 13.6 1.73145e-07
9 13.6 2.68501e-07
9.2 13.6 3.84453e-07
9.4 13.6 5.08274e-07
9.6 13.6 6.20455e-07
9.8 13.6 6.99324e-07
10 13.6 7.27782e-07
10.2 13.6 6.99324e-07
10.4 13.6 6.20455e-07
10.6 13.6 5.08274e-07
10.8 13.6 3.84453e-07
11 13.6 2.68501e-07
11.2 13.6 1.73145e-07
11.4 13.6 1.03096e-07
11.6 13.6 5.6681e-08
11.8 13.6 2.87745e-08
12 13.6 1.34882e-08
12.2 13.6 5.83825e-09
12.4 13.6 2.33346e-09
12.6 13.6 8.61216e-10
12.8 13.6 2.93512e-10
13 13.6 9.23742e-11
13.2 13.6 2.68469e-11
13.4 13.6 7.20551e-12
13.6 13.6 1.78596e-12
13.8 13.6 4.08817e-13
14 13.6 8.64259e-14
14.2 13.6 1.68745e-14
14.4 13.6 3.04298e-15
14.6 13.6 5.06832e-16
14.8 13.6 7.7788e-17
5.2 13.8 1.78012e-17
5.4 13.8 1.1599e-16
5.6 13.8 6.96429e-16
5.8 13.8 3.86216e-15
6 13.8 1.97817e-14
6.2 13.8 9.35767e-14
6.4 13.8 4.08817e-13
6.6 13.8 1.64944e-12
6.8 13.8 6.14583e-12
7 13.8 2.11471e-11
7.2 13.8 6.71954e-11
7.4 13.8 1.97168e-10
7.6 13.8 5.34237e-10
7.8 13.8 1.33668e-09
8 13.8 3.0882e-09
8.2 13.8 6.5882e-09
8.4 13.8 1.29779e-08
8.6 13.8 2.36054e-08
8.8 13.8 3.96449e-08
9 13.8 6.1479e-08
9.2 13.8 8.80292e-08
9.4 13.8 1.16382e-07
9.6 13.8 1.42069e-07
9.8 13.8 1.60128e-07
10 13.8 1.66644e-07
10.2 13.8 1.60128e-07
10.4 13.8 1.42069e-07
10.6 13.8 1.16382e-07
10.8 13.8 8.80292e-08
11 13.8 6.1479e-08
11.2 13.8 3.96449e-08
11.4 13.8 2.36054e-08
11.6 13.8 1.29779e-08
11.8 13.8 6.5882e-09
12 13.8 3.0882e-09
12.2 13.8 1.33668e-09
12.4 13.8 5.34237e-10
12.6 13.8 1.97168e-10
12.8 13.8 6.71954e-11
13 13.8 2.11471e-11
13.2 13.8 6.14583e-12
13.4 13.8 1.64944e-12
13.6 13.8 4.08817e-13
13.8 13.8 9.35767e-14
14 13.8 1.97817e-14
14.2 13.8 3.86216e-15
14.4 13.8 6.96429e-16
14.6 13.8 1.1599e-16
14.8 13.8 1.78012e-17
5.2 14 3.76215e-18
5.4 14 2.45146e-17
5.6 14 1.472e-16
5.8 14 8.16365e-16
6 14 4.18158e-15
6.2 14 1.97817e-14
6.4 14 8.64259e-14
6.6 14 3.48714e-13
6.8 14 1.29936e-12
7 14 4.4711e-12
7.2 14 1.42074e-11
7.4 14 4.16893e-11
7.6 14 1.12962e-10
7.8 14 2.82642e-10
8 14 6.53017e-10
8.2 14 1.39314e-09
8.4 14 2.74434e-09
8.6 14 4.99174e-09
8.8 14 8.38365e-09
9 14 1.3001e-08
9.2 14 1.86157e-08
9.4 14 2.46116e-08
9.6 14 3.00439e-08
9.8 14 3.38631e-08
10 14 3.52412e-08
10.2 14 3.38631e-08
10.4 14 3.00439e-08
10.6 14 2.46116e-08
10.8 14 1.86157e-08
11 14 1.3001e-08
11.2 14 8.38365e-09
11.4 14 4.99174e-09
11.6 14 2.74434e-09
11.8 14 1.39314e-09
12 14 6.53017e-10
12.2 14 2.82642e-10
12.4 14 1.12962e-10
12.6 14 4.16893e-11
12.8 14 1.42074e-11
13 14 4.4711e-12
13.2 14 1.29936e-12
13.4 14 3.48714e-13
13.6 14 8.64259e-14
13.8 14 1.97817e-14
14 14 4.18158e-15
14.2 14 8.16365e-16
14.4 14 1.472e-16
14.6 14 2.45146e-17
14.8 14 3.76215e-18
5.2 14.2 7.34317e-19
5.4 14.2 4.78512e-18
5.6 14.2 2.87345e-17
5.8 14.2 1.59369e-16
6 14.2 8.16365e-16
6.2 14.2 3.86216e-15
6.4 14.2 1.68745e-14
6.6 14.2 6.80885e-14
6.8 14.2 2.53718e-13
7 14.2 8.73075e-13
7.2 14.2 2.77439e-12
7.4 14.2 8.14123e-12
7.6 14.2 2.20603e-11
7.8 14.2 5.51981e-11
8 14.2 1.27533e-10
8.2 14.2 2.72082e-10
8.4 14.2 5.35983e-10
8.6 14.2 9.74928e-10
8.8 14.2 1.63742e-09
9 14.2 2.53926e-09
9.2 14.2 3.63592e-09
9.4 14.2 4.80704e-09
9.6 14.2 5.86808e-09
9.8 14.2 6.61406e-09
10 14.2 6.88322e-09
10.2 14.2 6.61406e-09
10.4 14.2 5.86808e-09
10.6 14.2 4.80704e-09
10.8 14.2 3.63592e-09
11 14.2 2.53926e-09
11.2 14.2 1.63742e-09
11.4 14.2 9.74928e-10
11.6 14.2 5.35983e-10
11.8 14.2 2.72082e-10
12 14.2 1.27533e-10
12.2 14.2 5.51981e-11
12.4 14.2 2.20603e-11
12.6 14.2 8.14123e-12
12.8 14.2 2.77439e-12
13 14.2 8.73075e-13
13.2 14.2 2.53718e-13
13.4 14.2 6.80885e-14
13.6 14.2 1.68745e-14
13.8 14.2 3.86216e-15
14 14.2 8.16365e-16
14.2 14.2 1.59369e-16
14.4 14.2 2.87345e-17
14.6 14.2 4.78512e-18
14.8 14.2 7.34317e-19
5.2 14.4 1.32374e-19
5.4 14.4 8.62652e-19
5.6 14.4 5.18054e-18
5.8 14.4 2.87345e-17
6 14.4 1.472e-16
6.2 14.4 6.96429e-16
6.4 14.4 3.04298e-15
6.6 14.4 1.2279e-14
6.8 14.4 4.57571e-14
7 14.4 1.57462e-13
7.2 14.4 5.00388e-13
7.4 14.4 1.4684e-12
7.6 14.4 3.97903e-12
7.8 14.4 9.9564e-12
8 14.4 2.30044e-11
8.2 14.4 4.90792e-11
8.4 14.4 9.66846e-11
8.6 14.4 1.75868e-10
8.8 14.4 2.95378e-10
9 14.4 4.5807e-10
9.2 14.4 6.55908e-10
9.4 14.4 8.67182e-10
9.6 14.4 1.0586e-09
9.8 14.4 1.19317e-09
10 14.4 1.24173e-09
10.2 14.4 1.19317e-09
10.4 14.4 1.0586e-09
10.6 14.4 8.67182e-10
10.8 14.4 6.55908e-10
11 14.4 4.5807e-10
11.2 14.4 2.95378e-10
11.4 14.4 1.75868e-10
11.6 14.4 9.66846e-11
11.8 14.4 4.90792e-11
12 14.4 2.30044e-11
12.2 14.4 9.9564e-12
12.4 14.4 3.97903e-12
12.6 14.4 1.4684e-12
12.8 14.4 5.00388e-13
13 14.4 1.57462e-13
13.2 14.4 4.57571e-14
13.4 14.4 1.2279e-14
13.6 14.4 3.04298e-15
13.8 14.4 6.96429e-16
14 14.4 1.472e-16
14.2 14.4 2.87345e-17
14.4 14.4 5.18054e-18
14.6 14.4 8.62652e-19
14.8 14.4 1.32374e-19
5.2 14.6 2.20399e-20
5.4 14.6 1.43636e-19
5.6 14.6 8.62652e-19
5.8 14.6 4.78512e-18
6 14.6 2.45146e-17
6.2 14.6 1.1599e-16
6.4 14.6 5.06832e-16
6.6 14.6 2.04526e-15
6.8 14.6 7.62192e-15
7 14.6 2.62301e-14
7.2 14.6 8.33582e-14
7.4 14.6 2.44625e-13
7.6 14.6 6.629e-13
7.8 14.6 1.65876e-12
8 14.6 3.8327e-12
8.2 14.6 8.17713e-12
8.4 14.6 1.6109e-11
8.6 14.6 2.93026e-11
8.8 14.6 4.92158e-11
9 14.6 7.63245e-11
9.2 14.6 1.0929e-10
9.4 14.6 1.44494e-10
9.6 14.6 1.7639e-10
9.8 14.6 1.98814e-10
10 14.6 2.06906e-10
10.2 14.6 1.98814e-10
10.4 14.6 1.7639e-10
10.6 14.6 1.44494e-10
10.8 14.6 1.0929e-10
11 14.6 7.63245e-11
11.2 14.6 4.92158e-11
11.4 14.6 2.93026e-11
11.6 14.6 1.6109e-11
11.8 14.6 8.17713e-12
12 14.6 3.8327e-12
12.2 14.6 1.65876e-12
12.4 14.6 6.629e-13
12.6 14.6 2.44625e-13
12.8 14.6 8.33582e-14
13 14.6 2.62301e-14
13.2 14.6 7.62192e-15
13.4 14.6 2.04526e-15
13.6 14.6 5.06832e-16
13.8 14.6 1.1599e-16
14 14.6 2.45146e-17
14.2 14.6 4.78512e-18
14.4 14.6 8.62652e-19
14.6 14.6 1.43636e-19
14.8 14.6 2.20399e-20
5.2 14.8 3.3817e-21
5.4 14.8 2.20399e-20
5.6 14.8 1.32374e-19
5.8 14.8 7.34317e-19
6 14.8 3.76215e-18
6.2 14.8 1.78012e-17
6.4 14.8 7.7788e-17
6.6 14.8 3.13916e-16
6.8 14.8 1.16989e-15
7 14.8 4.02619e-15
7.2 14.8 1.27954e-14
7.4 14.8 3.75508e-14
7.6 14.8 1.0176e-13
7.8 14.8 2.54638e-13
8 14.8 5.88372e-13
8.2 14.8 1.25533e-12
8.4 14.8 2.47304e-12
8.6 14.8 4.49856e-12
8.8 14.8 7.55575e-12
9 14.8 1.17177e-11
9.2 14.8 1.67788e-11
9.4 14.8 2.21836e-11
9.6 14.8 2.70806e-11
9.8 14.8 3.05234e-11
10 14.8 3.17657e-11
10.2 14.8 3.05234e-11
10.4 14.8 2.70806e-11
10.6 14.8 2.21836e-11
10.8 14.8 1.67788e-11
11 14.8 1.17177e-11
11.2 14.8 7.55575e-12
11.4 14.8 4.49856e-12
11.6 14.8 2.47304e-12
11.8 14.8 1.25533e-12
12 14.8 5.88372e-13
12.2 14.8 2.54638e-13
12.4 14.8 1.0176e-13
12.6 14.8 3.75508e-14
12.8 14.8 1.27954e-14
13 14.8 4.02619e-15
13.2 14.8 1.16989e-15
13.4 14.8 3.13916e-16
13.6 14.8 7.7788e-17
13.8 14.8 1.78012e-17
14 14.8 3.76215e-18
14.2 14.8 7.34317e-19
14.4 14.8 1.32374e-19
14.6 14.8 2.20399e-20
14.8 14.8 3.3817e-21

