5.2 5.2 3.68538e-21
5.4 5.2 2.4027e-20
5.6 5.2 1.4437e-19
5.8 5.2 8.01174e-19
6 5.2 4.10617e-18
6.2 5.2 1.94355e-17
6.4 5.2 8.49558e-17
6.6 5.2 3.4294e-16
6.8 5.2 1.27839e-15
7 5.2 4.40065e-15
7.2 5.2 1.39885e-14
7.4 5.2 4.10603e-14
7.6 5.2 1.11291e-13
7.8 5.2 2.78532e-13
8 5.2 6.43676e-13
8.2 5.2 1.3735e-12
8.4 5.2 2.70616e-12
8.6 5.2 4.92309e-12
8.8 5.2 8.2695e-12
9 5.2 1.28255e-11
9.2 5.2 1.83661e-11
9.4 5.2 2.42834e-11
9.6 5.2 2.96448e-11
9.8 5.2 3.34143e-11
10 5.2 3.47744e-11
10.2 5.2 3.34143e-11
10.4 5.2 2.96448e-11
10.6 5.2 2.42834e-11
10.8 5.2 1.83661e-11
11 5.2 1.28255e-11
11.2 5.2 8.2695e-12
11.4 5.2 4.92309e-12
11.6 5.2 2.70616e-12
11.8 5.2 1.3735e-12
12 5.2 6.43676e-13
12.2 5.2 2.78532e-13
12.4 5.2 1.11291e-13
12.6 5.2 4.10603e-14
12.8 5.2 1.39885e-14
13 5.2 4.40065e-15
13.2 5.2 1.27839e-15
13.4 5.2 3.4294e-16
13.6 5.2 8.49558e-17
13.8 5.2 1.94355e-17
14 5.2 4.10617e-18
14.2 5.2 8.01174e-19
14.4 5.2 1.4437e-19
14.6 5.2 2.4027e-20
14.8 5.2 3.68538e-21
5.2 5.4 2.4027e-20
5.4 5.4 1.56638e-19
5.6 5.4 9.41139e-19
5.8 5.4 5.22255e-18
6 5.4 2.67654e-17
6.2 5.4 1.26682e-16
6.4 5.4 5.53725e-16
6.6 5.4 2.23514e-15
6.8 5.4 8.33171e-15
7 5.4 2.86797e-14
7.2 5.4 9.1163e-14
7.4 5.4 2.67582e-13
7.6 5.4 7.25244e-13
7.8 5.4 1.81507e-12
8 5.4 4.19446e-12
8.2 5.4 8.95013e-12
8.4 5.4 1.76339e-11
8.6 5.4 3.20795e-11
8.8 5.4 5.38845e-11
9 5.4 8.35707e-11
9.2 5.4 1.19673e-10
9.4 5.4 1.58229e-10
9.6 5.4 1.93162e-10
9.8 5.4 2.17723e-10
10 5.4 2.26585e-10
10.2 5.4 2.17723e-10
10.4 5.4 1.93162e-10
10.6 5.4 1.58229e-10
10.8 5.4 1.19673e-10
11 5.4 8.35707e-11
11.2 5.4 5.38845e-11
11.4 5.4 3.20795e-11
11.6 5.4 1.76339e-11
11.8 5.4 8.95013e-12
12 5.4 4.19446e-12
12.2 5.4 1.81507e-12
12.4 5.4 7.25244e-13
12.6 5.4 2.67582e-13
12.8 5.4 9.1163e-14
13 5.4 2.86797e-14
13.2 5.4 8.33171e-15
13.4 5.4 2.23514e-15
13.6 5.4 5.53725e-16
13.8 5.4 1.26682e-16
14 5.4 2.67654e-17
14.2 5.4 5.22255e-18
14.4 5.4 9.41139e-19
14.6 5.4 1.56638e-19
14.8 5.4 2.4027e-20
5.2 5.6 1.4437e-19
5.4 5.6 9.41139e-19
5.6 5.6 5.65431e-18
5.8 5.6 3.13748e-17
6 5.6 1.60785e-16
6.2 5.6 7.60963e-16
6.4 5.6 3.326e-15
6.6 5.6 1.34249e-14
6.8 5.6 5.00406e-14
7 5.6 1.72245e-13
7.2 5.6 5.47488e-13
7.4 5.6 1.60694e-12
7.6 5.6 4.35525e-12
7.8 5.6 1.08996e-11
8 5.6 2.51873e-11
8.2 5.6 5.37436e-11
8.4 5.6 1.05886e-10
8.6 5.6 1.92623e-10
8.8 5.6 3.23548e-10
9 5.6 5.01793e-10
9.2 5.6 7.18557e-10
9.4 5.6 9.50053e-10
9.6 5.6 1.1598e-09
9.8 5.6 1.30726e-09
10 5.6 1.36048e-09
10.2 5.6 1.30726e-09
10.4 5.6 1.1598e-09
10.6 5.6 9.50053e-10
10.8 5.6 7.18557e-10
11 5.6 5.01793e-10
11.2 5.6 3.23548e-10
11.4 5.6 1.92623e-10
11.6 5.6 1.05886e-10
11.8 5.6 5.37436e-11
12 5.6 2.51873e-11
12.2 5.6 1.08996e-11
12.4 5.6 4.35525e-12
12.6 5.6 1.60694e-12
12.8 5.6 5.47488e-13
13 5.6 1.72245e-13
13.2 5.6 5.00406e-14
13.4 5.6 1.34249e-14
13.6 5.6 3.326e-15
13.8 5.6 7.60963e-16
14 5.6 1.60785e-16
14.2 5.6 3.13748e-17
14.4 5.6 5.65431e-18
14.6 5.6 9.41139e-19
14.8 5.6 1.4437e-19
5.2 5.8 8.01174e-19
5.4 5.8 5.22255e-18
5.6 5.8 3.13748e-17
5.8 5.8 1.74083e-16
6 5.8 8.92069e-16
6.2 5.8 4.22176e-15
6.4 5.8 1.84515e-14
6.6 5.8 7.44736e-14
6.8 5.8 2.77585e-13
7 5.8 9.55441e-13
7.2 5.8 3.03681e-12
7.4 5.8 8.9131e-12
7.6 5.8 2.41563e-11
7.8 5.8 6.04527e-11
8 5.8 1.39694e-10
8.2 5.8 2.98067e-10
8.4 5.8 5.87242e-10
8.6 5.8 1.06827e-09
8.8 5.8 1.79435e-09
9 5.8 2.78283e-09
9.2 5.8 3.98493e-09
9.4 5.8 5.26871e-09
9.6 5.8 6.43186e-09
9.8 5.8 7.24964e-09
10 5.8 7.54472e-09
10.2 5.8 7.24964e-09
10.4 5.8 6.43186e-09
10.6 5.8 5.26871e-09
10.8 5.8 3.98493e-09
11 5.8 2.78283e-09
11.2 5.8 1.79435e-09
11.4 5.8 1.06827e-09
11.6 5.8 5.87242e-10
11.8 5.8 2.98067e-10
12 5.8 1.39694e-10
12.2 5.8 6.04527e-11
12.4 5.8 2.41563e-11
12.6 5.8 8.9131e-12
12.8 5.8 3.03681e-12
13 5.8 9.55441e-13
13.2 5.8 2.77585e-13
13.4 5.8 7.44736e-14
13.6 5.8 1.84515e-14
13.8 5.8 4.22176e-15
14 5.8 8.92069e-16
14.2 5.8 1.74083e-16
14.4 5.8 3.13748e-17
14.6 5.8 5.22255e-18
14.8 5.8 8.01174e-19
5.2 6 4.10617e-18
5.4 6 2.67654e-17
5.6 6 1.60785e-16
5.8 6 8.92069e-16
6 6 4.57107e-15
6.2 6 2.16318e-14
6.4 6 9.45391e-14
6.6 6 3.81561e-13
6.8 6 1.42214e-12
7 6 4.8948e-12
7.2 6 1.55573e-11
7.4 6 4.56598e-11
7.6 6 1.23744e-10
7.8 6 3.0967e-10
8 6 7.15573e-10
8.2 6 1.5268e-09
8.4 6 3.00799e-09
8.6 6 5.47187e-09
8.8 6 9.19083e-09
9 6 1.42538e-08
9.2 6 2.04108e-08
9.4 6 2.69861e-08
9.6 6 3.29436e-08
9.8 6 3.71321e-08
10 6 3.86435e-08
10.2 6 3.71321e-08
10.4 6 3.29436e-08
10.6 6 2.69861e-08
10.8 6 2.04108e-08
11 6 1.42538e-08
11.2 6 9.19083e-09
11.4 6 5.47187e-09
11.6 6 3.00799e-09
11.8 6 1.5268e-09
12 6 7.15573e-10
12.2 6 3.0967e-10
12.4 6 1.23744e-10
12.6 6 4.56598e-11
12.8 6 1.55573e-11
13 6 4.8948e-12
13.2 6 1.42214e-12
13.4 6 3.81561e-13
13.6 6 9.45391e-14
13.8 6 2.16318e-14
14 6 4.57107e-15
14.2 6 8.92069e-16
14.4 6 1.60785e-16
14.6 6 2.67654e-17
14.8 6 4.10617e-18
5.2 6.2 1.94355e-17
5.4 6.2 1.26682e-16
5.6 6.2 7.60963e-16
5.8 6.2 4.22176e-15
6 6.2 2.16318e-14
6.2 6.2 1.02364e-13
6.4 6.2 4.47352e-13
6.6 6.2 1.80545e-12
6.8 6.2 6.72897e-12
7 6.2 2.31594e-11
7.2 6.2 7.36063e-11
7.4 6.2 2.16024e-10
7.6 6.2 5.8544e-10
7.8 6.2 1.46504e-09
8 6.2 3.38527e-09
8.2 6.2 7.22293e-09
8.4 6.2 1.42299e-08
8.6 6.2 2.58855e-08
8.8 6.2 4.34781e-08
9 6.2 6.74282e-08
9.2 6.2 9.65534e-08
9.4 6.2 1.27657e-07
9.6 6.2 1.55838e-07
9.8 6.2 1.75652e-07
10 6.2 1.82801e-07
10.2 6.2 1.75652e-07
10.4 6.2 1.55838e-07
10.6 6.2 1.27657e-07
10.8 6.2 9.65534e-08
11 6.2 6.74282e-08
11.2 6.2 4.34781e-08
11.4 6.2 2.58855e-08
11.6 6.2 1.42299e-08
11.8 6.2 7.22293e-09
12 6.2 3.38527e-09
12.2 6.2 1.46504e-09
12.4 6.2 5.8544e-10
12.6 6.2 2.16024e-10
12.8 6.2 7.36063e-11
13 6.2 2.31594e-11
13.2 6.2 6.72897e-12
13.4 6.2 1.80545e-12
13.6 6.2 4.47352e-13
13.8 6.2 1.02364e-13
14 6.2 2.16318e-14
14.2 6.2 4.22176e-15
14.4 6.2 7.60963e-16
14.6 6.2 1.26682e-16
14.8 6.2 1.94355e-17
5.2 6.4 8.49558e-17
5.4 6.4 5.53725e-16
5.6 6.4 3.326e-15
5.8 6.4 1.84515e-14
6 6.4 9.45391e-14
6.2 6.4 4.47352e-13
6.4 6.4 1.95494e-12
6.6 6.4 7.88962e-12
6.8 6.4 2.94039e-11
7 6.4 1.01198e-10
7.2 6.4 3.21623e-10
7.4 6.4 9.43894e-10
7.6 6.4 2.55796e-09
7.8 6.4 6.40104e-09
8 6.4 1.47907e-08
8.2 6.4 3.15574e-08
8.4 6.4 6.21705e-08
8.6 6.4 1.13092e-07
8.8 6.4 1.89951e-07
9 6.4 2.94584e-07
9.2 6.4 4.21825e-07
9.4 6.4 5.57709e-07
9.6 6.4 6.80824e-07
9.8 6.4 7.67382e-07
10 6.4 7.98614e-07
10.2 6.4 7.67382e-07
10.4 6.4 6.80824e-07
10.6 6.4 5.57709e-07
10.8 6.4 4.21825e-07
11 6.4 2.94584e-07
11.2 6.4 1.89951e-07
11.4 6.4 1.13092e-07
11.6 6.4 6.21705e-08
11.8 6.4 3.15574e-08
12 6.4 1.47907e-08
12.2 6.4 6.40104e-09
12.4 6.4 2.55796e-09
12.6 6.4 9.43894e-10
12.8 6.4 3.21623e-10
13 6.4 1.01198e-10
13.2 6.4 2.94039e-11
13.4 6.4 7.88962e-12
13.6 6.4 1.95494e-12
13.8 6.4 4.47352e-13
14 6.4 9.45391e-14
14.2 6.4 1.84515e-14
14.4 6.4 3.326e-15
14.6 6.4 5.53725e-16
14.8 6.4 8.49558e-17
5.2 6.6 3.4294e-16
5.4 6.6 2.23514e-15
5.6 6.6 1.34249e-14
5.8 6.6 7.44736e-14
6 6.6 3.81561e-13
6.2 6.6 1.80545e-12
6.4 6.6 7.88962e-12
6.6 6.6 3.18393e-11
6.8 6.6 1.18659e-10
7 6.6 4.08371e-10
7.2 6.6 1.29783e-09
7.4 6.6 3.80878e-09
7.6 6.6 1.03216e-08
7.8 6.6 2.58283e-08
8 6.6 5.96797e-08
8.2 6.6 1.27331e-07
8.4 6.6 2.50848e-07
8.6 6.6 4.56303e-07
8.8 6.6 7.66406e-07
9 6.6 1.18856e-06
9.2 6.6 1.70193e-06
9.4 6.6 2.25017e-06
9.6 6.6 2.74689e-06
9.8 6.6 3.09612e-06
10 6.6 3.22213e-06
10.2 6.6 3.09612e-06
10.4 6.6 2.74689e-06
10.6 6.6 2.25017e-06
10.8 6.6 1.70193e-06
11 6.6 1.18856e-06
11.2 6.6 7.66406e-07
11.4 6.6 4.56303e-07
11.6 6.6 2.50848e-07
11.8 6.6 1.27331e-07
12 6.6 5.96797e-08
12.2 6.6 2.58283e-08
12.4 6.6 1.03216e-08
12.6 6.6 3.80878e-09
12.8 6.6 1.29783e-09
13 6.6 4.08371e-10
13.2 6.6 1.18659e-10
13.4 6.6 3.18393e-11
13.6 6.6 7.88962e-12
13.8 6.6 1.80545e-12
14 6.6 3.81561e-13
14.2 6.6 7.44736e-14
14.4 6.6 1.34249e-14
14.6 6.6 2.23514e-15
14.8 6.6 3.4294e-16
5.2 6.8 1.27839e-15
5.4 6.8 8.33171e-15
5.6 6.8 5.00406e-14
5.8 6.8 2.77585e-13
6 6.8 1.42214e-12
6.2 6.8 6.72897e-12
6.4 6.8 2.94039e-11
6.6 6.8 1.18659e-10
6.8 6.8 4.42205e-10
7 6.8 1.52184e-09
7.2 6.8 4.8364e-09
7.4 6.8 1.41932e-08
7.6 6.8 3.84621e-08
7.8 6.8 9.62443e-08
8 6.8 2.22382e-07
8.2 6.8 4.7446e-07
8.4 6.8 9.34697e-07
8.6 6.8 1.70024e-06
8.8 6.8 2.85569e-06
9 6.8 4.42865e-06
9.2 6.8 6.34146e-06
9.4 6.8 8.38418e-06
9.6 6.8 1.02349e-05
9.8 6.8 1.15361e-05
10 6.8 1.20056e-05
10.2 6.8 1.15361e-05
10.4 6.8 1.02349e-05
10.6 6.8 8.38418e-06
10.8 6.8 6.34146e-06
11 6.8 4.42865e-06
11.2 6.8 2.85569e-06
11.4 6.8 1.70024e-06
11.6 6.8 9.34697e-07
11.8 6.8 4.7446e-07
12 6.8 2.22382e-07
12.2 6.8 9.62443e-08
12.4 6.8 3.84621e-08
12.6 6.8 1.41932e-08
12.8 6.8 4.8364e-09
13 6.8 1.52184e-09
13.2 6.8 4.42205e-10
13.4 6.8 1.18659e-10
13.6 6.8 2.94039e-11
13.8 6.8 6.72897e-12
14 6.8 1.42214e-12
14.2 6.8 2.77585e-13
14.4 6.8 5.00406e-14
14.6 6.8 8.33171e-15
14.8 6.8 1.27839e-15
5.2 7 4.40065e-15
5.4 7 2.86797e-14
5.6 7 1.72245e-13
5.8 7 9.55441e-13
6 7 4.8948e-12
6.2 7 2.31594e-11
6.4 7 1.01198e-10
6.6 7 4.08371e-10
6.8 7 1.52184e-09
7 7 5.23723e-09
7.2 7 1.66436e-08
7.4 7 4.88424e-08
7.6 7 1.32356e-07
7.8 7 3.3119e-07
8 7 7.65235e-07
8.2 7 1.63264e-06
8.4 7 3.2163e-06
8.6 7 5.85047e-06
8.8 7 9.82627e-06
9 7 1.52386e-05
9.2 7 2.18203e-05
9.4 7 2.8849e-05
9.6 7 3.52171e-05
9.8 7 3.96942e-05
10 7 4.13097e-05
10.2 7 3.96942e-05
10.4 7 3.52171e-05
10.6 7 2.8849e-05
10.8 7 2.18203e-05
11 7 1.52386e-05
11.2 7 9.82627e-06
11.4 7 5.85047e-06
11.6 7 3.2163e-06
11.8 7 1.63264e-06
12 7 7.65235e-07
12.2 7 3.3119e-07
12.4 7 1.32356e-07
12.6 7 4.88424e-08
12.8 7 1.66436e-08
13 7 5.23723e-09
13.2 7 1.52184e-09
13.4 7 4.08371e-10
13.6 7 1.01198e-10
13.8 7 2.31594e-11
14 7 4.8948e-12
14.2 7 9.55441e-13
14.4 7 1.72245e-13
14.6 7 2.86797e-14
14.8 7 4.40065e-15
5.2 7.2 1.39885e-14
5.4 7.2 9.1163e-14
5.6 7.2 5.47488e-13
5.8 7.2 3.03681e-12
6 7.2 1.55573e-11
6.2 7.2 7.36063e-11
6.4 7.2 3.21623e-10
6.6 7.2 1.29783e-09
6.8 7.2 4.8364e-09
7 7.2 1.66436e-08
7.2 7.2 5.28913e-08
7.4 7.2 1.55212e-07
7.6 7.2 4.20596e-07
7.8 7.2 1.05243e-06
8 7.2 2.43167e-06
8.2 7.2 5.18794e-06
8.4 7.2 1.02202e-05
8.6 7.2 1.85904e-05
8.8 7.2 3.12236e-05
9 7.2 4.84215e-05
9.2 7.2 6.93347e-05
9.4 7.2 9.16681e-05
9.6 7.2 0.000111902
9.8 7.2 0.000126128
10 7.2 0.000131261
10.2 7.2 0.000126128
10.4 7.2 0.000111902
10.6 7.2 9.16681e-05
10.8 7.2 6.93347e-05
11 7.2 4.84215e-05
11.2 7.2 3.12236e-05
11.4 7.2 1.85904e-05
11.6 7.2 1.02202e-05
11.8 7.2 5.18794e-06
12 7.2 2.43167e-06
12.2 7.2 1.05243e-06
12.4 7.2 4.20596e-07
12.6 7.2 1.55212e-07
12.8 7.2 5.28913e-08
13 7.2 1.66436e-08
13.2 7.2 4.8364e-09
13.4 7.2 1.29783e-09
13.6 7.2 3.21623e-10
13.8 7.2 7.36063e-11
14 7.2 1.55573e-11
14.2 7.2 3.03681e-12
14.4 7.2 5.47488e-13
14.6 7.2 9.1163e-14
14.8 7.2 1.39885e-14
5.2 7.4 4.10603e-14
5.4 7.4 2.67582e-13
5.6 7.4 1.60694e-12
5.8 7.4 8.9131e-12
6 7.4 4.56598e-11
6.2 7.4 2.16024e-10
6.4 7.4 9.43894e-10
6.6 7.4 3.80878e-09
6.8 7.4 1.41932e-08
7 7.4 4.88424e-08
7.2 7.4 1.55212e-07
7.4 7.4 4.55471e-07
7.6 7.4 1.23422e-06
7.8 7.4 3.08828e-06
8 7.4 7.13548e-06
8.2 7.4 1.52233e-05
8.4 7.4 2.99893e-05
8.6 7.4 5.45499e-05
8.8 7.4 9.16189e-05
9 7.4 0.000142082
9.2 7.4 0.000203446
9.4 7.4 0.000268977
9.6 7.4 0.000328348
9.8 7.4 0.00037009
10 7.4 0.000385151
10.2 7.4 0.00037009
10.4 7.4 0.000328348
10.6 7.4 0.000268977
10.8 7.4 0.000203446
11 7.4 0.000142082
11.2 7.4 9.16189e-05
11.4 7.4 5.45499e-05
11.6 7.4 2.99893e-05
11.8 7.4 1.52233e-05
12 7.4 7.13548e-06
12.2 7.4 3.08828e-06
12.4 7.4 1.23422e-06
12.6 7.4 4.55471e-07
12.8 7.4 1.55212e-07
13 7.4 4.88424e-08
13.2 7.4 1.41932e-08
13.4 7.4 3.80878e-09
13.6 7.4 9.43894e-10
13.8 7.4 2.16024e-10
14 7.4 4.56598e-11
14.2 7.4 8.9131e-12
14.4 7.4 1.60694e-12
14.6 7.4 2.67582e-13
14.8 7.4 4.10603e-14
5.2 7.6 1.11291e-13
5.4 7.6 7.25244e-13
5.6 7.6 4.35525e-12
5.8 7.6 2.41563e-11
6 7.6 1.23744e-10
6.2 7.6 5.8544e-10
6.4 7.6 2.55796e-09
6.6 7.6 1.03216e-08
6.8 7.6 3.84621e-08
7 7.6 1.32356e-07
7.2 7.6 4.20596e-07
7.4 7.6 1.23422e-06
7.6 7.6 3.34441e-06
7.8 7.6 8.3683e-06
8 7.6 1.93348e-05
8.2 7.6 4.12497e-05
8.4 7.6 8.12598e-05
8.6 7.6 0.000147809
8.8 7.6 0.000248249
9 7.6 0.00038498
9.2 7.6 0.000551248
9.4 7.6 0.000728806
9.6 7.6 0.000889674
9.8 7.6 0.00100277
10 7.6 0.00104358
10.2 7.6 0.00100277
10.4 7.6 0.000889674
10.6 7.6 0.000728806
10.8 7.6 0.000551248
11 7.6 0.00038498
11.2 7.6 0.000248249
11.4 7.6 0.000147809
11.6 7.6 8.12598e-05
11.8 7.6 4.12497e-05
12 7.6 1.93348e-05
12.2 7.6 8.3683e-06
12.4 7.6 3.34441e-06
12.6 7.6 1.23422e-06
12.8 7.6 4.20596e-07
13 7.6 1.32356e-07
13.2 7.6 3.84621e-08
13.4 7.6 1.03216e-08
13.6 7.6 2.55796e-09
13.8 7.6 5.8544e-10
14 7.6 1.23744e-10
14.2 7.6 2.41563e-11
14.4 7.6 4.35525e-12
14.6 7.6 7.25244e-13
14.8 7.6 1.11291e-13
5.2 7.8 2.78532e-13
5.4 7.8 1.81507e-12
5.6 7.8 1.08996e-11
5.8 7.8 6.04527e-11
6 7.8 3.0967e-10
6.2 7.8 1.46504e-09
6.4 7.8 6.40104e-09
6.6 7.8 2.58283e-08
6.8 7.8 9.62443e-08
7 7.8 3.3119e-07
7.2 7.8 1.05243e-06
7.4 7.8 3.08828e-06
7.6 7.8 8.3683e-06
7.8 7.8 2.09387e-05
8 7.8 4.83781e-05
8.2 7.8 0.000103211
8.4 7.8 0.000203319
8.6 7.8 0.000369827
8.8 7.8 0.000621133
9 7.8 0.000963236
9.2 7.8 0.00137924
9.4 7.8 0.00182349
9.6 7.8 0.00222598
9.8 7.8 0.00250895
10 7.8 0.00261106
10.2 7.8 0.00250895
10.4 7.8 0.00222598
10.6 7.8 0.00182349
10.8 7.8 0.00137924
11 7.8 0.000963236
11.2 7.8 0.000621133
11.4 7.8 0.000369827
11.6 7.8 0.000203319
11.8 7.8 0.000103211
12 7.8 4.83781e-05
12.2 7.8 2.09387e-05
12.4 7.8 8.3683e-06
12.6 7.8 3.08828e-06
12.8 7.8 1.05243e-06
13 7.8 3.3119e-07
13.2 7.8 9.62443e-08
13.4 7.8 2.58283e-08
13.6 7.8 6.40104e-09
13.8 7.8 1.46504e-09
14 7.8 3.0967e-10
14.2 7.8 6.04527e-11
14.4 7.8 1.08996e-11
14.6 7.8 1.81507e-12
14.8 7.8 2.78532e-13
5.2 8 6.43676e-13
5.4 8 4.19446e-12
5.6 8 2.51873e-11
5.8 8 1.39694e-10
6 8 7.15573e-10
6.2 8 3.38527e-09
6.4 8 1.47907e-08
6.6 8 5.96797e-08
6.8 8 2.22382e-07
7 8 7.65235e-07
7.2 8 2.43167e-06
7.4 8 7.13548e-06
7.6 8 1.93348e-05
7.8 8 4.83781e-05
8 8 0.000111774
8.2 8 0.000238461
8.4 8 0.000469748
8.6 8 0.000854444
8.8 8 0.00143505
9 8 0.00222543
9.2 8 0.00318654
9.4 8 0.00421291
9.6 8 0.00514279
9.8 8 0.00579656
10 8 0.00603245
10.2 8 0.00579656
10.4 8 0.00514279
10.6 8 0.00421291
10.8 8 0.00318654
11 8 0.00222543
11.2 8 0.00143505
11.4 8 0.000854444
11.6 8 0.000469748
11.8 8 0.000238461
12 8 0.000111774
12.2 8 4.83781e-05
12.4 8 1.93348e-05
12.6 8 7.13548e-06
12.8 8 2.43167e-06
13 8 7.65235e-07
13.2 8 2.22382e-07
13.4 8 5.96797e-08
13.6 8 1.47907e-08
13.8 8 3.38527e-09
14 8 7.15573e-10
14.2 8 1.39694e-10
14.4 8 2.51873e-11
14.6 8 4.19446e-12
14.8 8 6.43676e-13
5.2 8.2 1.3735e-12
5.4 8.2 8.95013e-12
5.6 8.2 5.37436e-11
5.8 8.2 2.98067e-10
6 8.2 1.5268e-09
6.2 8.2 7.22293e-09
6.4 8.2 3.15574e-08
6.6 8.2 1.27331e-07
6.8 8.2 4.7446e-07
7 8.2 1.63264e-06
7.2 8.2 5.18794e-06
7.4 8.2 1.52233e-05
7.6 8.2 4.12497e-05
7.8 8.2 0.000103211
8 8.2 0.000238461
8.2 8.2 0.00050873
8.4 8.2 0.00100215
8.6 8.2 0.00182284
8.8 8.2 0.00306148
9 8.2 0.00474762
9.2 8.2 0.00679799
9.4 8.2 0.00898756
9.6 8.2 0.0109713
9.8 8.2 0.012366
10 8.2 0.0128692
10.2 8.2 0.012366
10.4 8.2 0.0109713
10.6 8.2 0.00898756
10.8 8.2 0.00679799
11 8.2 0.00474762
11.2 8.2 0.00306148
11.4 8.2 0.00182284
11.6 8.2 0.00100215
11.8 8.2 0.00050873
12 8.2 0.000238461
12.2 8.2 0.000103211
12.4 8.2 4.12497e-05
12.6 8.2 1.52233e-05
12.8 8.2 5.18794e-06
13 8.2 1.63264e-06
13.2 8.2 4.7446e-07
13.4 8.2 1.27331e-07
13.6 8.2 3.15574e-08
13.8 8.2 7.22293e-09
14 8.2 1.5268e-09
14.2 8.2 2.98067e-10
14.4 8.2 5.37436e-11
14.6 8.2 8.95013e-12
14.8 8.2 1.3735e-12
5.2 8.4 2.70616e-12
5.4 8.4 1.76339e-11
5.6 8.4 1.05886e-10
5.8 8.4 5.87242e-10
6 8.4 3.00799e-09
6.2 8.4 1.42299e-08
6.4 8.4 6.21705e-08
6.6 8.4 2.50848e-07
6.8 8.4 9.34697e-07
7 8.4 3.2163e-06
7.2 8.4 1.02202e-05
7.4 8.4 2.99893e-05
7.6 8.4 8.12598e-05
7.8 8.4 0.000203319
8 8.4 0.000469748
8.2 8.4 0.00100215
8.4 8.4 0.00197414
8.6 8.4 0.0035908
8.8 8.4 0.00603075
9 8.4 0.00935222
9.2 8.4 0.0133911
9.4 8.4 0.0177043
9.6 8.4 0.021612
9.8 8.4 0.0243593
10 8.4 0.0253506
10.2 8.4 0.0243593
10.4 8.4 0.021612
10.6 8.4 0.0177043
10.8 8.4 0.0133911
11 8.4 0.00935222
11.2 8.4 0.00603075
11.4 8.4 0.0035908
11.6 8.4 0.00197414
11.8 8.4 0.00100215
12 8.4 0.000469748
12.2 8.4 0.000203319
12.4 8.4 8.12598e-05
12.6 8.4 2.99893e-05
12.8 8.4 1.02202e-05
13 8.4 3.2163e-06
13.2 8.4 9.34697e-07
13.4 8.4 2.50848e-07
13.6 8.4 6.21705e-08
13.8 8.4 1.42299e-08
14 8.4 3.00799e-09
14.2 8.4 5.87242e-10
14.4 8.4 1.05886e-10
14.6 8.4 1.76339e-11
14.8 8.4 2.70616e-12
5.2 8.6 4.92309e-12
5.4 8.6 3.20795e-11
5.6 8.6 1.92623e-10
5.8 8.6 1.06827e-09
6 8.6 5.47187e-09
6.2 8.6 2.58855e-08
6.4 8.6 1.13092e-07
6.6 8.6 4.56303e-07
6.8 8.6 1.70024e-06
7 8.6 5.85047e-06
7.2 8.6 1.85904e-05
7.4 8.6 5.45499e-05
7.6 8.6 0.000147809
7.8 8.6 0.000369827
8 8.6 0.000854444
8.2 8.6 0.00182284
8.4 8.6 0.0035908
8.6 8.6 0.00653136
8.8 8.6 0.0109694
9 8.6 0.0170108
9.2 8.6 0.0243571
9.4 8.6 0.0322022
9.6 8.6 0.0393098
9.8 8.6 0.0443068
10 8.6 0.0461099
10.2 8.6 0.0443068
10.4 8.6 0.0393098
10.6 8.6 0.0322022
10.8 8.6 0.0243571
11 8.6 0.0170108
11.2 8.6 0.0109694
11.4 8.6 0.00653136
11.6 8.6 0.0035908
11.8 8.6 0.00182284
12 8.6 0.000854444
12.2 8.6 0.000369827
12.4 8.6 0.000147809
12.6 8.6 5.45499e-05
12.8 8.6 1.85904e-05
13 8.6 5.85047e-06
13.2 8.6 1.70024e-06
13.4 8.6 4.56303e-07
13.6 8.6 1.13092e-07
13.8 8.6 2.58855e-08
14 8.6 5.47187e-09
14.2 8.6 1.06827e-09
14.4 8.6 1.92623e-10
14.6 8.6 3.20795e-11
14.8 8.6 4.92309e-12
5.2 8.8 8.2695e-12
5.4 8.8 5.38845e-11
5.6 8.8 3.23548e-10
5.8 8.8 1.79435e-09
6 8.8 9.19083e-09
6.2 8.8 4.34781e-08
6.4 8.8 1.89951e-07
6.6 8.8 7.66406e-07
6.8 8.8 2.85569e-06
7 8.8 9.82627e-06
7.2 8.8 3.12236e-05
7.4 8.8 9.16189e-05
7.6 8.8 0.000248249
7.8 8.8 0.000621133
8 8.8 0.00143505
8.2 8.8 0.00306148
8.4 8.8 0.00603075
8.6 8.8 0.0109694
8.8 8.8 0.018423
9 8.8 0.0285694
9.2 8.8 0.0409074
9.4 8.8 0.054083
9.6 8.8 0.06602
9.8 8.8 0.0744123
10 8.8 0.0774405
10.2 8.8 0.0744123
10.4 8.8 0.06602
10.6 8.8 0.054083
10.8 8.8 0.0409074
11 8.8 0.0285694
11.2 8.8 0.018423
11.4 8.8 0.0109694
11.6 8.8 0.00603075
11.8 8.8 0.00306148
12 8.8 0.00143505
12.2 8.8 0.000621133
12.4 8.8 0.000248249
12.6 8.8 9.16189e-05
12.8 8.8 3.12236e-05
13 8.8 9.82627e-06
13.2 8.8 2.85569e-06
13.4 8.8 7.66406e-07
13.6 8.8 1.89951e-07
13.8 8.8 4.34781e-08
14 8.8 9.19083e-09
14.2 8.8 1.79435e-09
14.4 8.8 3.23548e-10
14.6 8.8 5.38845e-11
14.8 8.8 8.2695e-12
5.2 9 1.28255e-11
5.4 9 8.35707e-11
5.6 9 5.01793e-10
5.8 9 2.78283e-09
6 9 1.42538e-08
6.2 9 6.74282e-08
6.4 9 2.94584e-07
6.6 9 1.18856e-06
6.8 9 4.42865e-06
7 9 1.52386e-05
7.2 9 4.84215e-05
7.4 9 0.000142082
7.6 9 0.00038498
7.8 9 0.000963236
8 9 0.00222543
8.2 9 0.00474762
8.4 9 0.00935222
8.6 9 0.0170108
8.8 9 0.0285694
9 9 0.0443038
9.2 9 0.0634367
9.4 9 0.0838686
9.6 9 0.10238
9.8 9 0.115394
10 9 0.12009
10.2 9 0.115394
10.4 9 0.10238
10.6 9 0.0838686
10.8 9 0.0634367
11 9 0.0443038
11.2 9 0.0285694
11.4 9 0.0170108
11.6 9 0.00935222
11.8 9 0.00474762
12 9 0.00222543
12.2 9 0.000963236
12.4 9 0.00038498
12.6 9 0.000142082
12.8 9 4.84215e-05
13 9 1.52386e-05
13.2 9 4.42865e-06
13.4 9 1.18856e-06
13.6 9 2.94584e-07
13.8 9 6.74282e-08
14 9 1.42538e-08
14.2 9 2.78283e-09
14.4 9 5.01793e-10
14.6 9 8.35707e-11
14.8 9 1.28255e-11
5.2 9.2 1.83661e-11
5.4 9.2 1.19673e-10
5.6 9.2 7.18557e-10
5.8 9.2 3.98493e-09
6 9.2 2.04108e-08
6.2 9.2 9.65534e-08
6.4 9.2 4.21825e-07
6.6 9.2 1.70193e-06
6.8 9.2 6.34146e-06
7 9.2 2.18203e-05
7.2 9.2 6.93347e-05
7.4 9.2 0.000203446
7.6 9.2 0.000551248
7.8 9.2 0.00137924
8 9.2 0.00318654
8.2 9.2 0.00679799
8.4 9.2 0.0133911
8.6 9.2 0.0243571
8.8 9.2 0.0409074
9 9.2 0.0634367
9.2 9.2 0.0908324
9.4 9.2 0.120088
9.6 9.2 0.146593
9.8 9.2 0.165227
10 9.2 0.171951
10.2 9.2 0.165227
10.4 9.2 0.146593
10.6 9.2 0.120088
10.8 9.2 0.0908324
11 9.2 0.0634367
11.2 9.2 0.0409074
11.4 9.2 0.0243571
11.6 9.2 0.0133911
11.8 9.2 0.00679799
12 9.2 0.00318654
12.2 9.2 0.00137924
12.4 9.2 0.000551248
12.6 9.2 0.000203446
12.8 9.2 6.93347e-05
13 9.2 2.18203e-05
13.2 9.2 6.34146e-06
13.4 9.2 1.70193e-06
13.6 9.2 4.21825e-07
13.8 9.2 9.65534e-08
14 9.2 2.04108e-08
14.2 9.2 3.98493e-09
14.4 9.2 7.18557e-10
14.6 9.2 1.19673e-10
14.8 9.2 1.83661e-11
5.2 9.4 2.42834e-11
5.4 9.4 1.58229e-10
5.6 9.4 9.50053e-10
5.8 9.4 5.26871e-09
6 9.4 2.69861e-08
6.2 9.4 1.27657e-07
6.4 9.4 5.57709e-07
6.6 9.4 2.25017e-06
6.8 9.4 8.38418e-06
7 9.4 2.8849e-05
7.2 9.4 9.16681e-05
7.4 9.4 0.000268977
7.6 9.4 0.000728806
7.8 9.4 0.00182349
8 9.4 0.00421291
8.2 9.4 0.00898756
8.4 9.4 0.0177043
8.6 9.4 0.0322022
8.8 9.4 0.054083
9 9.4 0.0838686
9.2 9.4 0.120088
9.4 9.4 0.158765
9.6 9.4 0.193807
9.8 9.4 0.218443
10 9.4 0.227333
10.2 9.4 0.218443
10.4 9.4 0.193807
10.6 9.4 0.158765
10.8 9.4 0.120088
11 9.4 0.0838686
11.2 9.4 0.054083
11.4 9.4 0.0322022
11.6 9.4 0.0177043
11.8 9.4 0.00898756
12 9.4 0.00421291
12.2 9.4 0.00182349
12.4 9.4 0.000728806
12.6 9.4 0.000268977
12.8 9.4 9.16681e-05
13 9.4 2.8849e-05
13.2 9.4 8.38418e-06
13.4 9.4 2.25017e-06
13.6 9.4 5.57709e-07
13.8 9.4 1.27657e-07
14 9.4 2.69861e-08
14.2 9.4 5.26871e-09
14.4 9.4 9.50053e-10
14.6 9.4 1.58229e-10
14.8 9.4 2.42834e-11
5.2 9.6 2.96448e-11
5.4 9.6 1.93162e-10
5.6 9.6 1.1598e-09
5.8 9.6 6.43186e-09
6 9.6 3.29436e-08
6.2 9.6 1.55838e-07
6.4 9.6 6.80824e-07
6.6 9.6 2.74689e-06
6.8 9.6 1.02349e-05
7 9.6 3.52171e-05
7.2 9.6 0.000111902
7.4 9.6 0.000328348
7.6 9.6 0.000889674
7.8 9.6 0.00222598
8 9.6 0.00514279
8.2 9.6 0.0109713
8.4 9.6 0.021612
8.6 9.6 0.0393098
8.8 9.6 0.06602
9 9.6 0.10238
9.2 9.6 0.146593
9.4 9.6 0.193807
9.6 9.6 0.236583
9.8 9.6 0.266657
10 9.6 0.277508
10.2 9.6 0.266657
10.4 9.6 0.236583
10.6 9.6 0.193807
10.8 9.6 0.146593
11 9.6 0.10238
11.2 9.6 0.06602
11.4 9.6 0.0393098
11.6 9.6 0.021612
11.8 9.6 0.0109713
12 9.6 0.00514279
12.2 9.6 0.00222598
12.4 9.6 0.000889674
12.6 9.6 0.000328348
12.8 9.6 0.000111902
13 9.6 3.52171e-05
13.2 9.6 1.02349e-05
13.4 9.6 2.74689e-06
13.6 9.6 6.80824e-07
13.8 9.6 1.55838e-07
14 9.6 3.29436e-08
14.2 9.6 6.43186e-09
14.4 9.6 1.1598e-09
14.6 9.6 1.93162e-10
14.8 9.6 2.96448e-11
5.2 9.8 3.34143e-11
5.4 9.8 2.17723e-10
5.6 9.8 1.30726e-09
5.8 9.8 7.24964e-09
6 9.8 3.71321e-08
6.2 9.8 1.75652e-07
6.4 9.8 7.67382e-07
6.6 9.8 3.09612e-06
6.8 9.8 1.15361e-05
7 9.8 3.96942e-05
7.2 9.8 0.000126128
7.4 9.8 0.00037009
7.6 9.8 0.00100277
7.8 9.8 0.00250895
8 9.8 0.00579656
8.2 9.8 0.012366
8.4 9.8 0.0243593
8.6 9.8 0.0443068
8.8 9.8 0.0744123
9 9.8 0.115394
9.2 9.8 0.165227
9.4 9.8 0.218443
9.6 9.8 0.266657
9.8 9.8 0.300553
10 9.8 0.312784
10.2 9.8 0.300553
10.4 9.8 0.266657
10.6 9.8 0.218443
10.8 9.8 0.165227
11 9.8 0.115394
11.2 9.8 0.0744123
11.4 9.8 0.0443068
11.6 9.8 0.0243593
11.8 9.8 0.012366
12 9.8 0.00579656
12.2 9.8 0.00250895
12.4 9.8 0.00100277
12.6 9.8 0.00037009
12.8 9.8 0.000126128
13 9.8 3.96942e-05
13.2 9.8 1.15361e-05
13.4 9.8 3.09612e-06
13.6 9.8 7.67382e-07
13.8 9.8 1.75652e-07
14 9.8 3.71321e-08
14.2 9.8 7.24964e-09
14.4 9.8 1.30726e-09
14.6 9.8 2.17723e-10
14.8 9.8 3.34143e-11
5.2 10 3.47744e-11
5.4 10 2.26585e-10
5.6 10 1.36048e-09
5.8 10 7.54472e-09
6 10 3.86435e-08
6.2 10 1.82801e-07
6.4 10 7.98614e-07
6.6 10 3.22213e-06
6.8 10 1.20056e-05
7 10 4.13097e-05
7.2 10 0.000131261
7.4 10 0.000385151
7.6 10 0.00104358
7.8 10 0.00261106
8 10 0.00603245
8.2 10 0.0128692
8.4 10 0.0253506
8.6 10 0.0461099
8.8 10 0.0774405
9 10 0.12009
9.2 10 0.171951
9.4 10 0.227333
9.6 10 0.277508
9.8 10 0.312784
10 10 0.325512
10.2 10 0.312784
10.4 10 0.277508
10.6 10 0.227333
10.8 10 0.171951
11 10 0.12009
11.2 10 0.0774405
11.4 10 0.0461099
11.6 10 0.0253506
11.8 10 0.0128692
12 10 0.00603245
12.2 10 0.00261106
12.4 10 0.00104358
12.6 10 0.000385151
12.8 10 0.000131261
13 10 4.13097e-05
13.2 10 1.20056e-05
13.4 10 3.22213e-06
13.6 10 7.98614e-07
13.8 10 1.82801e-07
14 10 3.86435e-08
14.2 10 7.54472e-09
14.4 10 1.36048e-09
14.6 10 2.26585e-10
14.8 10 3.47744e-11
5.2 10.2 3.34143e-11
5.4 10.2 2.17723e-10
5.6 10.2 1.30726e-09
5.8 10.2 7.24964e-09
6 10.2 3.71321e-08
6.2 10.2 1.75652e-07
6.4 10.2 7.67382e-07
6.6 10.2 3.09612e-06
6.8 10.2 1.15361e-05
7 10.2 3.96942e-05
7.2 10.2 0.000126128
7.4 10.2 0.00037009
7.6 10.2 0.00100277
7.8 10.2 0.00250895
8 10.2 0.00579656
8.2 10.2 0.012366
8.4 10.2 0.0243593
8.6 10.2 0.0443068
8.8 10.2 0.0744123
9 10.2 0.115394
9.2 10.2 0.165227
9.4 10.2 0.218443
9.6 10.2 0.266657
9.8 10.2 0.300553
10 10.2 0.312784
10.2 10.2 0.300553
10.4 10.2 0.266657
10.6 10.2 0.218443
10.8 10.2 0.165227
11 10.2 0.115394
11.2 10.2 0.0744123
11.4 10.2 0.0443068
11.6 10.2 0.0243593
11.8 10.2 0.012366
12 10.2 0.00579656
12.2 10.2 0.00250895
12.4 10.2 0.00100277
12.6 10.2 0.00037009
12.8 10.2 0.000126128
13 10.2 3.96942e-05
13.2 10.2 1.15361e-05
13.4 10.2 3.09612e-06
13.6 10.2 7.67382e-07
13.8 10.2 1.75652e-07
14 10.2 3.71321e-08
14.2 10.2 7.24964e-09
14.4 10.2 1.30726e-09
14.6 10.2 2.17723e-10
14.8 10.2 3.34143e-11
5.2 10.4 2.96448e-11
5.4 10.4 1.93162e-10
5.6 10.4 1.1598e-09
5.8 10.4 6.43186e-09
6 10.4 3.29436e-08
6.2 10.4 1.55838e-07
6.4 10.4 6.80824e-07
6.6 10.4 2.74689e-06
6.8 10.4 1.02349e-05
7 10.4 3.52171e-05
7.2 10.4 0.000111902
7.4 10.4 0.000328348
7.6 10.4 0.000889674
7.8 10.4 0.00222598
8 10.4 0.00514279
8.2 10.4 0.0109713
8.4 10.4 0.021612
8.6 10.4 0.0393098
8.8 10.4 0.06602
9 10.4 0.10238
9.2 10.4 0.146593
9.4 10.4 0.193807
9.6 10.4 0.236583
9.8 10.4 0.266657
10 10.4 0.277508
10.2 10.4 0.266657
10.4 10.4 0.236583
10.6 10.4 0.193807
10.8 10.4 0.146593
11 10.4 0.10238
11.2 10.4 0.06602
11.4 10.4 0.0393098
11.6 10.4 0.021612
11.8 10.4 0.0109713
12 10.4 0.00514279
12.2 10.4 0.00222598
12.4 10.4 0.000889674
12.6 10.4 0.000328348
12.8 10.4 0.000111902
13 10.4 3.52171e-05
13.2 10.4 1.02349e-05
13.4 10.4 2.74689e-06
13.6 10.4 6.80824e-07
13.8 10.4 1.55838e-07
14 10.4 3.29436e-08
14.2 10.4 6.43186e-09
14.4 10.4 1.1598e-09
14.6 10.4 1.93162e-10
14.8 10.4 2.96448e-11
5.2 10.6 2.42834e-11
5.4 10.6 1.58229e-10
5.6 10.6 9.50053e-10
5.8 10.6 5.26871e-09
6 10.6 2.69861e-08
6.2 10.6 1.27657e-07
6.4 10.6 5.57709e-07
6.6 10.6 2.25017e-06
6.8 10.6 8.38418e-06
7 10.6 2.8849e-05
7.2 10.6 9.16681e-05
7.4 10.6 0.000268977
7.6 10.6 0.000728806
7.8 10.6 0.00182349
8 10.6 0.00421291
8.2 10.6 0.00898756
8.4 10.6 0.0177043
8.6 10.6 0.0322022
8.8 10.6 0.054083
9 10.6 0.0838686
9.2 10.6 0.120088
9.4 10.6 0.158765
9.6 10.6 0.193807
9.8 10.6 0.218443
10 10.6 0.227333
10.2 10.6 0.218443
10.4 10.6 0.193807
10.6 10.6 0.158765
10.8 10.6 0.120088
11 10.6 0.0838686
11.2 10.6 0.054083
11.4 10.6 0.0322022
11.6 10.6 0.0177043
11.8 10.6 0.00898756
12 10.6 0.00421291
12.2 10.6 0.00182349
12.4 10.6 0.000728806
12.6 10.6 0.000268977
12.8 10.6 9.16681e-05
13 10.6 2.8849e-05
13.2 10.6 8.38418e-06
13.4 10.6 2.25017e-06
13.6 10.6 5.57709e-07
13.8 10.6 1.27657e-07
14 10.6 2.69861e-08
14.2 10.6 5.26871e-09
14.4 10.6 9.50053e-10
14.6 10.6 1.58229e-10
14.8 10.6 2.42834e-11
5.2 10.8 1.83661e-11
5.4 10.8 1.19673e-10
5.6 10.8 7.18557e-10
5.8 10.8 3.98493e-09
6 10.8 2.04108e-08
6.2 10.8 9.65534e-08
6.4 10.8 4.21825e-07
6.6 10.8 1.70193e-06
6.8 10.8 6.34146e-06
7 10.8 2.18203e-05
7.2 10.8 6.93347e-05
7.4 10.8 0.000203446
7.6 10.8 0.000551248
7.8 10.8 0.00137924
8 10.8 0.00318654
8.2 10.8 0.00679799
8.4 10.8 0.0133911
8.6 10.8 0.0243571
8.8 10.8 0.0409074
9 10.8 0.0634367
9.2 10.8 0.0908324
9.4 10.8 0.120088
9.6 10.8 0.146593
9.8 10.8 0.165227
10 10.8 0.171951
10.2 10.8 0.165227
10.4 10.8 0.146593
10.6 10.8 0.120088
10.8 10.8 0.0908324
11 10.8 0.0634367
11.2 10.8 0.0409074
11.4 10.8 0.0243571
11.6 10.8 0.0133911
11.8 10.8 0.00679799
12 10.8 0.00318654
12.2 10.8 0.00137924
12.4 10.8 0.000551248
12.6 10.8 0.000203446
12.8 10.8 6.93347e-05
13 10.8 2.18203e-05
13.2 10.8 6.34146e-06
13.4 10.8 1.70193e-06
13.6 10.8 4.21825e-07
13.8 10.8 9.65534e-08
14 10.8 2.04108e-08
14.2 10.8 3.98493e-09
14.4 10.8 7.18557e-10
14.6 10.8 1.19673e-10
14.8 10.8 1.83661e-11
5.2 11 1.28255e-11
5.4 11 8.35707e-11
5.6 11 5.01793e-10
5.8 11 2.78283e-09
6 11 1.42538e-08
6.2 11 6.74282e-08
6.4 11 2.94584e-07
6.6 11 1.18856e-06
6.8 11 4.42865e-06
7 11 1.52386e-05
7.2 11 4.84215e-05
7.4 11 0.000142082
7.6 11 0.00038498
7.8 11 0.000963236
8 11 0.00222543
8.2 11 0.00474762
8.4 11 0.00935222
8.6 11 0.0170108
8.8 11 0.0285694
9 11 0.0443038
9.2 11 0.0634367
9.4 11 0.0838686
9.6 11 0.10238
9.8 11 0.115394
10 11 0.12009
10.2 11 0.115394
10.4 11 0.10238
10.6 11 0.0838686
10.8 11 0.0634367
11 11 0.0443038
11.2 11 0.0285694
11.4 11 0.0170108
11.6 11 0.00935222
11.8 11 0.00474762
12 11 0.00222543
12.2 11 0.000963236
12.4 11 0.00038498
12.6 11 0.000142082
12.8 11 4.84215e-05
13 11 1.52386e-05
13.2 11 4.42865e-06
13.4 11 1.18856e-06
13.6 11 2.94584e-07
13.8 11 6.74282e-08
14 11 1.42538e-08
14.2 11 2.78283e-09
14.4 11 5.01793e-10
14.6 11 8.35707e-11
14.8 11 1.28255e-11
5.2 11.2 8.2695e-12
5.4 11.2 5.38845e-11
5.6 11.2 3.23548e-10
5.8 11.2 1.79435e-09
6 11.2 9.19083e-09
6.2 11.2 4.34781e-08
6.4 11.2 1.89951e-07
6.6 11.2 7.66406e-07
6.8 11.2 2.85569e-06
7 11.2 9.82627e-06
7.2 11.2 3.12236e-05
7.4 11.2 9.16189e-05
7.6 11.2 0.000248249
7.8 11.2 0.000621133
8 11.2 0.00143505
8.2 11.2 0.00306148
8.4 11.2 0.00603075
8.6 11.2 0.0109694
8.8 11.2 0.018423
9 11.2 0.0285694
9.2 11.2 0.0409074
9.4 11.2 0.054083
9.6 11.2 0.06602
9.8 11.2 0.0744123
10 11.2 0.0774405
10.2 11.2 0.0744123
10.4 11.2 0.06602
10.6 11.2 0.054083
10.8 11.2 0.0409074
11 11.2 0.0285694
11.2 11.2 0.018423
11.4 11.2 0.0109694
11.6 11.2 0.00603075
11.8 11.2 0.00306148
12 11.2 0.00143505
12.2 11.2 0.000621133
12.4 11.2 0.000248249
12.6 11.2 9.16189e-05
12.8 11.2 3.12236e-05
13 11.2 9.82627e-06
13.2 11.2 2.85569e-06
13.4 11.2 7.66406e-07
13.6 11.2 1.89951e-07
13.8 11.2 4.34781e-08
14 11.2 9.19083e-09
14.2 11.2 1.79435e-09
14.4 11.2 3.23548e-10
14.6 11.2 5.38845e-11
14.8 11.2 8.2695e-12
5.2 11.4 4.92309e-12
5.4 11.4 3.20795e-11
5.6 11.4 1.92623e-10
5.8 11.4 1.06827e-09
6 11.4 5.47187e-09
6.2 11.4 2.58855e-08
6.4 11.4 1.13092e-07
6.6 11.4 4.56303e-07
6.8 11.4 1.70024e-06
7 11.4 5.85047e-06
7.2 11.4 1.85904e-05
7.4 11.4 5.45499e-05
7.6 11.4 0.000147809
7.8 11.4 0.000369827
8 11.4 0.000854444
8.2 11.4 0.00182284
8.4 11.4 0.0035908
8.6 11.4 0.00653136
8.8 11.4 0.0109694
9 11.4 0.0170108
9.2 11.4 0.0243571
9.4 11.4 0.0322022
9.6 11.4 0.0393098
9.8 11.4 0.0443068
10 11.4 0.0461099
10.2 11.4 0.0443068
10.4 11.4 0.0393098
10.6 11.4 0.0322022
10.8 11.4 0.0243571
11 11.4 0.0170108
11.2 11.4 0.0109694
11.4 11.4 0.00653136
11.6 11.4 0.0035908
11.8 11.4 0.00182284
12 11.4 0.000854444
12.2 11.4 0.000369827
12.4 11.4 0.000147809
12.6 11.4 5.45499e-05
12.8 11.4 1.85904e-05
13 11.4 5.85047e-06
13.2 11.4 1.70024e-06
13.4 11.4 4.56303e-07
13.6 11.4 1.13092e-07
13.8 11.4 2.58855e-08
14 11.4 5.47187e-09
14.2 11.4 1.06827e-09
14.4 11.4 1.92623e-10
14.6 11.4 3.20795e-11
14.8 11.4 4.92309e-12
5.2 11.6 2.70616e-12
5.4 11.6 1.76339e-11
5.6 11.6 1.05886e-10
5.8 11.6 5.87242e-10
6 11.6 3.00799e-09
6.2 11.6 1.42299e-08
6.4 11.6 6.21705e-08
6.6 11.6 2.50848e-07
6.8 11.6 9.34697e-07
7 11.6 3.2163e-06
7.2 11.6 1.02202e-05
7.4 11.6 2.99893e-05
7.6 11.6 8.12598e-05
7.8 11.6 0.000203319
8 11.6 0.000469748
8.2 11.6 0.00100215
8.4 11.6 0.00197414
8.6 11.6 0.0035908
8.8 11.6 0.00603075
9 11.6 0.00935222
9.2 11.6 0.0133911
9.4 11.6 0.0177043
9.6 11.6 0.021612
9.8 11.6 0.0243593
10 11.6 0.0253506
10.2 11.6 0.0243593
10.4 11.6 0.021612
10.6 11.6 0.0177043
10.8 11.6 0.0133911
11 11.6 0.00935222
11.2 11.6 0.00603075
11.4 11.6 0.0035908
11.6 11.6 0.00197414
11.8 11.6 0.00100215
12 11.6 0.000469748
12.2 11.6 0.000203319
12.4 11.6 8.12598e-05
12.6 11.6 2.99893e-05
12.8 11.6 1.02202e-05
13 11.6 3.2163e-06
13.2 11.6 9.34697e-07
13.4 11.6 2.50848e-07
13.6 11.6 6.21705e-08
13.8 11.6 1.42299e-08
14 11.6 3.00799e-09
14.2 11.6 5.87242e-10
14.4 11.6 1.05886e-10
14.6 11.6 1.76339e-11
14.8 11.6 2.70616e-12
5.2 11.8 1.3735e-12
5.4 11.8 8.95013e-12
5.6 11.8 5.37436e-11
5.8 11.8 2.98067e-10
6 11.8 1.5268e-09
6.2 11.8 7.22293e-09
6.4 11.8 3.15574e-08
6.6 11.8 1.27331e-07
6.8 11.8 4.7446e-07
7 11.8 1.63264e-06
7.2 11.8 5.18794e-06
7.4 11.8 1.52233e-05
7.6 11.8 4.12497e-05
7.8 11.8 0.000103211
8 11.8 0.000238461
8.2 11.8 0.00050873
8.4 11.8 0.00100215
8.6 11.8 0.00182284
8.8 11.8 0.00306148
9 11.8 0.00474762
9.2 11.8 0.00679799
9.4 11.8 0.00898756
9.6 11.8 0.0109713
9.8 11.8 0.012366
10 11.8 0.0128692
10.2 11.8 0.012366
10.4 11.8 0.0109713
10.6 11.8 0.00898756
10.8 11.8 0.00679799
11 11.8 0.00474762
11.2 11.8 0.00306148
11.4 11.8 0.00182284
11.6 11.8 0.00100215
11.8 11.8 0.00050873
12 11.8 0.000238461
12.2 11.8 0.000103211
12.4 11.8 4.12497e-05
12.6 11.8 1.52233e-05
12.8 11.8 5.18794e-06
13 11.8 1.63264e-06
13.2 11.8 4.7446e-07
13.4 11.8 1.27331e-07
13.6 11.8 3.15574e-08
13.8 11.8 7.22293e-09
14 11.8 1.5268e-09
14.2 11.8 2.98067e-10
14.4 11.8 5.37436e-11
14.6 11.8 8.95013e-12
14.8 11.8 1.3735e-12
5.2 12 6.43676e-13
5.4 12 4.19446e-12
5.6 12 2.51873e-11
5.8 12 1.39694e-10
6 12 7.15573e-10
6.2 12 3.38527e-09
6.4 12 1.47907e-08
6.6 12 5.96797e-08
6.8 12 2.22382e-07
7 12 7.65235e-07
7.2 12 2.43167e-06
7.4 12 7.13548e-06
7.6 12 1.93348e-05
7.8 12 4.83781e-05
8 12 0.000111774
8.2 12 0.000238461
8.4 12 0.000469748
8.6 12 0.000854444
8.8 12 0.00143505
9 12 0.00222543
9.2 12 0.00318654
9.4 12 0.00421291
9.6 12 0.00514279
9.8 12 0.00579656
10 12 0.00603245
10.2 12 0.00579656
10.4 12 0.00514279
10.6 12 0.00421291
10.8 12 0.00318654
11 12 0.00222543
11.2 12 0.00143505
11.4 12 0.000854444
11.6 12 0.000469748
11.8 12 0.000238461
12 12 0.000111774
12.2 12 4.83781e-05
12.4 12 1.93348e-05
12.6 12 7.13548e-06
12.8 12 2.43167e-06
13 12 7.65235e-07
13.2 12 2.22382e-07
13.4 12 5.96797e-08
13.6 12 1.47907e-08
13.8 12 3.38527e-09
14 12 7.15573e-10
14.2 12 1.39694e-10
14.4 12 2.51873e-11
14.6 12 4.19446e-12
14.8 12 6.43676e-13
5.2 12.2 2.78532e-13
5.4 12.2 1.81507e-12
5.6 12.2 1.08996e-11
5.8 12.2 6.04527e-11
6 12.2 3.0967e-10
6.2 12.2 1.46504e-09
6.4 12.2 6.40104e-09
6.6 12.2 2.58283e-08
6.8 12.2 9.62443e-08
7 12.2 3.3119e-07
7.2 12.2 1.05243e-06
7.4 12.2 3.08828e-06
7.6 12.2 8.3683e-06
7.8 12.2 2.09387e-05
8 12.2 4.83781e-05
8.2 12.2 0.000103211
8.4 12.2 0.000203319
8.6 12.2 0.000369827
8.8 12.2 0.000621133
9 12.2 0.000963236
9.2 12.2 0.00137924
9.4 12.2 0.00182349
9.6 12.2 0.00222598
9.8 12.2 0.00250895
10 12.2 0.00261106
10.2 12.2 0.00250895
10.4 12.2 0.00222598
10.6 12.2 0.00182349
10.8 12.2 0.00137924
11 12.2 0.000963236
11.2 12.2 0.000621133
11.4 12.2 0.000369827
11.6 12.2 0.000203319
11.8 12.2 0.000103211
12 12.2 4.83781e-05
12.2 12.2 2.09387e-05
12.4 12.2 8.3683e-06
12.6 12.2 3.08828e-06
12.8 12.2 1.05243e-06
13 12.2 3.3119e-07
13.2 12.2 9.62443e-08
13.4 12.2 2.58283e-08
13.6 12.2 6.40104e-09
13.8 12.2 1.46504e-09
14 12.2 3.0967e-10
14.2 12.2 6.04527e-11
14.4 12.2 1.08996e-11
14.6 12.2 1.81507e-12
14.8 12.2 2.78532e-13
5.2 12.4 1.11291e-13
5.4 12.4 7.25244e-13
5.6 12.4 4.35525e-12
5.8 12.4 2.41563e-11
6 12.4 1.23744e-10
6.2 12.4 5.8544e-10
6.4 12.4 2.55796e-09
6.6 12.4 1.03216e-08
6.8 12.4 3.84621e-08
7 12.4 1.32356e-07
7.2 12.4 4.20596e-07
7.4 12.4 1.23422e-06
7.6 12.4 3.34441e-06
7.8 12.4 8.3683e-06
8 12.4 1.93348e-05
8.2 12.4 4.12497e-05
8.4 12.4 8.12598e-05
8.6 12.4 0.000147809
8.8 12.4 0.000248249
9 12.4 0.00038498
9.2 12.4 0.000551248
9.4 12.4 0.000728806
9.6 12.4 0.000889674
9.8 12.4 0.00100277
10 12.4 0.00104358
10.2 12.4 0.00100277
10.4 12.4 0.000889674
10.6 12.4 0.000728806
10.8 12.4 0.000551248
11 12.4 0.00038498
11.2 12.4 0.000248249
11.4 12.4 0.000147809
11.6 12.4 8.12598e-05
11.8 12.4 4.12497e-05
12 12.4 1.93348e-05
12.2 12.4 8.3683e-06
12.4 12.4 3.34441e-06
12.6 12.4 1.23422e-06
12.8 12.4 4.20596e-07
13 12.4 1.32356e-07
13.2 12.4 3.84621e-08
13.4 12.4 1.03216e-08
13.6 12.4 2.55796e-09
13.8 12.4 5.8544e-10
14 12.4 1.23744e-10
14.2 12.4 2.41563e-11
14.4 12.4 4.35525e-12
14.6 12.4 7.25244e-13
14.8 12.4 1.11291e-13
5.2 12.6 4.10603e-14
5.4 12.6 2.67582e-13
5.6 12.6 1.60694e-12
5.8 12.6 8.9131e-12
6 12.6 4.56598e-11
6.2 12.6 2.16024e-10
6.4 12.6 9.43894e-10
6.6 12.6 3.80878e-09
6.8 12.6 1.41932e-08
7 12.6 4.88424e-08
7.2 12.6 1.55212e-07
7.4 12.6 4.55471e-07
7.6 12.6 1.23422e-06
7.8 12.6 3.08828e-06
8 12.6 7.13548e-06
8.2 12.6 1.52233e-05
8.4 12.6 2.99893e-05
8.6 12.6 5.45499e-05
8.8 12.6 9.16189e-05
9 12.6 0.000142082
9.2 12.6 0.000203446
9.4 12.6 0.000268977
9.6 12.6 0.000328348
9.8 12.6 0.00037009
10 12.6 0.000385151
10.2 12.6 0.00037009
10.4 12.6 0.000328348
10.6 12.6 0.000268977
10.8 12.6 0.000203446
11 12.6 0.000142082
11.2 12.6 9.16189e-05
11.4 12.6 5.45499e-05
11.6 12.6 2.99893e-05
11.8 12.6 1.52233e-05
12 12.6 7.13548e-06
12.2 12.6 3.08828e-06
12.4 12.6 1.23422e-06
12.6 12.6 4.55471e-07
12.8 12.6 1.55212e-07
13 12.6 4.88424e-08
13.2 12.6 1.41932e-08
13.4 12.6 3.80878e-09
13.6 12.6 9.43894e-10
13.8 12.6 2.16024e-10
14 12.6 4.56598e-11
14.2 12.6 8.9131e-12
14.4 12.6 1.60694e-12
14.6 12.6 2.67582e-13
14.8 12.6 4.10603e-14
5.2 12.8 1.39885e-14
5.4 12.8 9.1163e-14
5.6 12.8 5.47488e-13
5.8 12.8 3.03681e-12
6 12.8 1.55573e-11
6.2 12.8 7.36063e-11
6.4 12.8 3.21623e-10
6.6 12.8 1.29783e-09
6.8 12.8 4.8364e-09
7 12.8 1.66436e-08
7.2 12.8 5.28913e-08
7.4 12.8 1.55212e-07
7.6 12.8 4.20596e-07
7.8 12.8 1.05243e-06
8 12.8 2.43167e-06
8.2 12.8 5.18794e-06
8.4 12.8 1.02202e-05
8.6 12.8 1.85904e-05
8.8 12.8 3.12236e-05
9 12.8 4.84215e-05
9.2 12.8 6.93347e-05
9.4 12.8 9.16681e-05
9.6 12.8 0.000111902
9.8 12.8 0.000126128
10 12.8 0.000131261
10.2 12.8 0.000126128
10.4 12.8 0.000111902
10.6 12.8 9.16681e-05
10.8 12.8 6.93347e-05
11 12.8 4.84215e-05
11.2 12.8 3.12236e-05
11.4 12.8 1.85904e-05
11.6 12.8 1.02202e-05
11.8 12.8 5.18794e-06
12 12.8 2.43167e-06
12.2 12.8 1.05243e-06
12.4 12.8 4.20596e-07
12.6 12.8 1.55212e-07
12.8 12.8 5.28913e-08
13 12.8 1.66436e-08
13.2 12.8 4.8364e-09
13.4 12.8 1.29783e-09
13.6 12.8 3.21623e-10
13.8 12.8 7.36063e-11
14 12.8 1.55573e-11
14.2 12.8 3.03681e-12
14.4 12.8 5.47488e-13
14.6 12.8 9.1163e-14
14.8 12.8 1.39885e-14
5.2 13 4.40065e-15
5.4 13 2.86797e-14
5.6 13 1.72245e-13
5.8 13 9.55441e-13
6 13 4.8948e-12
6.2 13 2.31594e-11
6.4 13 1.01198e-10
6.6 13 4.08371e-10
6.8 13 1.52184e-09
7 13 5.23723e-09
7.2 13 1.66436e-08
7.4 13 4.88424e-08
7.6 13 1.32356e-07
7.8 13 3.3119e-07
8 13 7.65235e-07
8.2 13 1.63264e-06
8.4 13 3.2163e-06
8.6 13 5.85047e-06
8.8 13 9.82627e-06
9 13 1.52386e-05
9.2 13 2.18203e-05
9.4 13 2.8849e-05
9.6 13 3.52171e-05
9.8 13 3.96942e-05
10 13 4.13097e-05
10.2 13 3.96942e-05
10.4 13 3.52171e-05
10.6 13 2.8849e-05
10.8 13 2.18203e-05
11 13 1.52386e-05
11.2 13 9.82627e-06
11.4 13 5.85047e-06
11.6 13 3.2163e-06
11.8 13 1.63264e-06
12 13 7.65235e-07
12.2 13 3.3119e-07
12.4 13 1.32356e-07
12.6 13 4.88424e-08
12.8 13 1.66436e-08
13 13 5.23723e-09
13.2 13 1.52184e-09
13.4 13 4.08371e-10
13.6 13 1.01198e-10
13.8 13 2.31594e-11
14 13 4.8948e-12
14.2 13 9.55441e-13
14.4 13 1.72245e-13
14.6 13 2.86797e-14
14.8 13 4.40065e-15
5.2 13.2 1.27839e-15
5.4 13.2 8.33171e-15
5.6 13.2 5.00406e-14
5.8 13.2 2.77585e-13
6 13.2 1.42214e-12
6.2 13.2 6.72897e-12
6.4 13.2 2.94039e-11
6.6 13.2 1.18659e-10
6.8 13.2 4.42205e-10
7 13.2 1.52184e-09
7.2 13.2 4.8364e-09
7.4 13.2 1.41932e-08
7.6 13.2 3.84621e-08
7.8 13.2 9.62443e-08
8 13.2 2.22382e-07
8.2 13.2 4.7446e-07
8.4 13.2 9.34697e-07
8.6 13.2 1.70024e-06
8.8 13.2 2.85569e-06
9 13.2 4.42865e-06
9.2 13.2 6.34146e-06
9.4 13.2 8.38418e-06
9.6 13.2 1.02349e-05
9.8 13.2 1.15361e-05
10 13.2 1.20056e-05
10.2 13.2 1.15361e-05
10.4 13.2 1.02349e-05
10.6 13.2 8.38418e-06
10.8 13.2 6.34146e-06
11 13.2 4.42865e-06
11.2 13.2 2.85569e-06
11.4 13.2 1.70024e-06
11.6 13.2 9.34697e-07
11.8 13.2 4.7446e-07
12 13.2 2.22382e-07
12.2 13.2 9.62443e-08
12.4 13.2 3.84621e-08
12.6 13.2 1.41932e-08
12.8 13.2 4.8364e-09
13 13.2 1.52184e-09
13.2 13.2 4.42205e-10
13.4 13.2 1.18659e-10
13.6 13.2 2.94039e-11
13.8 13.2 6.72897e-12
14 13.2 1.42214e-12
14.2 13.2 2.77585e-13
14.4 13.2 5.00406e-14
14.6 13.2 8.33171e-15
14.8 13.2 1.27839e-15
5.2 13.4 3.4294e-16
5.4 13.4 2.23514e-15
5.6 13.4 1.34249e-14
5.8 13.4 7.44736e-14
6 13.4 3.81561e-13
6.2 13.4 1.80545e-12
6.4 13.4 7.88962e-12
6.6 13.4 3.18393e-11
6.8 13.4 1.18659e-10
7 13.4 4.08371e-10
7.2 13.4 1.29783e-09
7.4 13.4 3.80878e-09
7.6 13.4 1.03216e-08
7.8 13.4 2.58283e-08
8 13.4 5.96797e-08
8.2 13.4 1.27331e-07
8.4 13.4 2.50848e-07
8.6 13.4 4.56303e-07
8.8 13.4 7.66406e-07
9 13.4 1.18856e-06
9.2 13.4 1.70193e-06
9.4 13.4 2.25017e-06
9.6 13.4 2.74689e-06
9.8 13.4 3.09612e-06
10 13.4 3.22213e-06
10.2 13.4 3.09612e-06
10.4 13.4 2.74689e-06
10.6 13.4 2.25017e-06
10.8 13.4 1.70193e-06
11 13.4 1.18856e-06
11.2 13.4 7.66406e-07
11.4 13.4 4.56303e-07
11.6 13.4 2.50848e-07
11.8 13.4 1.27331e-07
12 13.4 5.96797e-08
12.2 13.4 2.58283e-08
12.4 13.4 1.03216e-08
12.6 13.4 3.80878e-09
12.8 13.4 1.29783e-09
13 13.4 4.08371e-10
13.2 13.4 1.18659e-10
13.4 13.4 3.18393e-11
13.6 13.4 7.88962e-12
13.8 13.4 1.80545e-12
14 13.4 3.81561e-13
14.2 13.4 7.44736e-14
14.4 13.4 1.34249e-14
14.6 13.4 2.23514e-15
14.8 13.4 3.4294e-16
5.2 13.6 8.49558e-17
5.4 13.6 5.53725e-16
5.6 13.6 3.326e-15
5.8 13.6 1.84515e-14
6 13.6 9.45391e-14
6.2 13.6 4.47352e-13
6.4 13.6 1.95494e-12
6.6 13.6 7.88962e-12
6.8 13.6 2.94039e-11
7 13.6 1.01198e-10
7.2 13.6 3.21623e-10
7.4 13.6 9.43894e-10
7.6 13.6 2.55796e-09
7.8 13.6 6.40104e-09
8 13.6 1.47907e-08
8.2 13.6 3.15574e-08
8.4 13.6 6.21705e-08
8.6 13.6 1.13092e-07
8.8 13.6 1.89951e-07
9 13.6 2.94584e-07
9.2 13.6 4.21825e-07
9.4 13.6 5.57709e-07
9.6 13.6 6.80824e-07
9.8 13.6 7.67382e-07
10 13.6 7.98614e-07
10.2 13.6 7.67382e-07
10.4 13.6 6.80824e-07
10.6 13.6 5.57709e-07
10.8 13.6 4.21825e-07
11 13.6 2.94584e-07
11.2 13.6 1.89951e-07
11.4 13.6 1.13092e-07
11.6 13.6 6.21705e-08
11.8 13.6 3.15574e-08
12 13.6 1.47907e-08
12.2 13.6 6.40104e-09
12.4 13.6 2.55796e-09
12.6 13.6 9.43894e-10
12.8 13.6 3.21623e-10
13 13.6 1.01198e-10
13.2 13.6 2.94039e-11
13.4 13.6 7.88962e-12
13.6 13.6 1.95494e-12
13.8 13.6 4.47352e-13
14 13.6 9.45391e-14
14.2 13.6 1.84515e-14
14.4 13.6 3.326e-15
14.6 13.6 5.53725e-16
14.8 13.6 8.49558e-17
5.2 13.8 1.94355e-17
5.4 13.8 1.26682e-16
5.6 13.8 7.60963e-16
5.8 13.8 4.22176e-15
6 13.8 2.16318e-14
6.2 13.8 1.02364e-13
6.4 13.8 4.47352e-13
6.6 13.8 1.80545e-12
6.8 13.8 6.72897e-12
7 13.8 2.31594e-11
7.2 13.8 7.36063e-11
7.4 13.8 2.16024e-10
7.6 13.8 5.8544e-10
7.8 13.8 1.46504e-09
8 13.8 3.38527e-09
8.2 13.8 7.22293e-09
8.4 13.8 1.42299e-08
8.6 13.8 2.58855e-08
8.8 13.8 4.34781e-08
9 13.8 6.74282e-08
9.2 13.8 9.65534e-08
9.4 13.8 1.27657e-07
9.6 13.8 1.55838e-07
9.8 13.8 1.75652e-07
10 13.8 1.82801e-07
10.2 13.8 1.75652e-07
10.4 13.8 1.55838e-07
10.6 13.8 1.27657e-07
10.8 13.8 9.65534e-08
11 13.8 6.74282e-08
11.2 13.8 4.34781e-08
11.4 13.8 2.58855e-08
11.6 13.8 1.42299e-08
11.8 13.8 7.22293e-09
12 13.8 3.38527e-09
12.2 13.8 1.46504e-09
12.4 13.8 5.8544e-10
12.6 13.8 2.16024e-10
12.8 13.8 7.36063e-11
13 13.8 2.31594e-11
13.2 13.8 6.72897e-12
13.4 13.8 1.80545e-12
13.6 13.8 4.47352e-13
13.8 13.8 1.02364e-13
14 13.8 2.16318e-14
14.2 13.8 4.22176e-15
14.4 13.8 7.60963e-16
14.6 13.8 1.26682e-16
14.8 13.8 1.94355e-17
5.2 14 4.10617e-18
5.4 14 2.67654e-17
5.6 14 1.60785e-16
5.8 14 8.92069e-16
6 14 4.57107e-15
6.2 14 2.16318e-14
6.4 14 9.45391e-14
6.6 14 3.81561e-13
6.8 14 1.42214e-12
7 14 4.8948e-12
7.2 14 1.55573e-11
7.4 14 4.56598e-11
7.6 14 1.23744e-10
7.8 14 3.0967e-10
8 14 7.15573e-10
8.2 14 1.5268e-09
8.4 14 3.00799e-09
8.6 14 5.47187e-09
8.8 14 9.19083e-09
9 14 1.42538e-08
9.2 14 2.04108e-08
9.4 14 2.69861e-08
9.6 14 3.29436e-08
9.8 14 3.71321e-08
10 14 3.86435e-08
10.2 14 3.71321e-08
10.4 14 3.29436e-08
10.6 14 2.69861e-08
10.8 14 2.04108e-08
11 14 1.42538e-08
11.2 14 9.19083e-09
11.4 14 5.47187e-09
11.6 14 3.00799e-09
11.8 14 1.5268e-09
12 14 7.15573e-10
12.2 14 3.0967e-10
12.4 14 1.23744e-10
12.6 14 4.56598e-11
12.8 14 1.55573e-11
13 14 4.8948e-12
13.2 14 1.42214e-12
13.4 14 3.81561e-13
13.6 14 9.45391e-14
13.8 14 2.16318e-14
14 14 4.57107e-15
14.2 14 8.92069e-16
14.4 14 1.60785e-16
14.6 14 2.67654e-17
14.8 14 4.10617e-18
5.2 14.2 8.01174e-19
5.4 14.2 5.22255e-18
5.6 14.2 3.13748e-17
5.8 14.2 1.74083e-16
6 14.2 8.92069e-16
6.2 14.2 4.22176e-15
6.4 14.2 1.84515e-14
6.6 14.2 7.44736e-14
6.8 14.2 2.77585e-13
7 14.2 9.55441e-13
7.2 14.2 3.03681e-12
7.4 14.2 8.9131e-12
7.6 14.2 2.41563e-11
7.8 14.2 6.04527e-11
8 14.2 1.39694e-10
8.2 14.2 2.98067e-10
8.4 14.2 5.87242e-10
8.6 14.2 1.06827e-09
8.8 14.2 1.79435e-09
9 14.2 2.78283e-09
9.2 14.2 3.98493e-09
9.4 14.2 5.26871e-09
9.6 14.2 6.43186e-09
9.8 14.2 7.24964e-09
10 14.2 7.54472e-09
10.2 14.2 7.24964e-09
10.4 14.2 6.43186e-09
10.6 14.2 5.26871e-09
10.8 14.2 3.98493e-09
11 14.2 2.78283e-09
11.2 14.2 1.79435e-09
11.4 14.2 1.06827e-09
11.6 14.2 5.87242e-10
11.8 14.2 2.98067e-10
12 14.2 1.39694e-10
12.2 14.2 6.04527e-11
12.4 14.2 2.41563e-11
12.6 14.2 8.9131e-12
12.8 14.2 3.03681e-12
13 14.2 9.55441e-13
13.2 14.2 2.77585e-13
13.4 14.2 7.44736e-14
13.6 14.2 1.84515e-14
13.8 14.2 4.22176e-15
14 14.2 8.92069e-16
14.2 14.2 1.74083e-16
14.4 14.2 3.13748e-17
14.6 14.2 5.22255e-18
14.8 14.2 8.01174e-19
5.2 14.4 1.4437e-19
5.4 14.4 9.41139e-19
5.6 14.4 5.65431e-18
5.8 14.4 3.13748e-17
6 14.4 1.60785e-16
6.2 14.4 7.60963e-16
6.4 14.4 3.326e-15
6.6 14.4 1.34249e-14
6.8 14.4 5.00406e-14
7 14.4 1.72245e-13
7.2 14.4 5.47488e-13
7.4 14.4 1.60694e-12
7.6 14.4 4.35525e-12
7.8 14.4 1.08996e-11
8 14.4 2.51873e-11
8.2 14.4 5.37436e-11
8.4 14.4 1.05886e-10
8.6 14.4 1.92623e-10
8.8 14.4 3.23548e-10
9 14.4 5.01793e-10
9.2 14.4 7.18557e-10
9.4 14.4 9.50053e-10
9.6 14.4 1.1598e-09
9.8 14.4 1.30726e-09
10 14.4 1.36048e-09
10.2 14.4 1.30726e-09
10.4 14.4 1.1598e-09
10.6 14.4 9.50053e-10
10.8 14.4 7.18557e-10
11 14.4 5.01793e-10
11.2 14.4 3.23548e-10
11.4 14.4 1.92623e-10
11.6 14.4 1.05886e-10
11.8 14.4 5.37436e-11
12 14.4 2.51873e-11
12.2 14.4 1.08996e-11
12.4 14.4 4.35525e-12
12.6 14.4 1.60694e-12
12.8 14.4 5.47488e-13
13 14.4 1.72245e-13
13.2 14.4 5.00406e-14
13.4 14.4 1.34249e-14
13.6 14.4 3.326e-15
13.8 14.4 7.60963e-16
14 14.4 1.60785e-16
14.2 14.4 3.13748e-17
14.4 14.4 5.65431e-18
14.6 14.4 9.41139e-19
14.8 14.4 1.4437e-19
5.2 14.6 2.4027e-20
5.4 14.6 1.56638e-19
5.6 14.6 9.41139e-19
5.8 14.6 5.22255e-18
6 14.6 2.67654e-17
6.2 14.6 1.26682e-16
6.4 14.6 5.53725e-16
6.6 14.6 2.23514e-15
6.8 14.6 8.33171e-15
7 14.6 2.86797e-14
7.2 14.6 9.1163e-14
7.4 14.6 2.67582e-13
7.6 14.6 7.25244e-13
7.8 14.6 1.81507e-12
8 14.6 4.19446e-12
8.2 14.6 8.95013e-12
8.4 14.6 1.76339e-11
8.6 14.6 3.20795e-11
8.8 14.6 5.38845e-11
9 14.6 8.35707e-11
9.2 14.6 1.19673e-10
9.4 14.6 1.58229e-10
9.6 14.6 1.93162e-10
9.8 14.6 2.17723e-10
10 14.6 2.26585e-10
10.2 14.6 2.17723e-10
10.4 14.6 1.93162e-10
10.6 14.6 1.58229e-10
10.8 14.6 1.19673e-10
11 14.6 8.35707e-11
11.2 14.6 5.38845e-11
11.4 14.6 3.20795e-11
11.6 14.6 1.76339e-11
11.8 14.6 8.95013e-12
12 14.6 4.19446e-12
12.2 14.6 1.81507e-12
12.4 14.6 7.25244e-13
12.6 14.6 2.67582e-13
12.8 14.6 9.1163e-14
13 14.6 2.86797e-14
13.2 14.6 8.33171e-15
13.4 14.6 2.23514e-15
13.6 14.6 5.53725e-16
13.8 14.6 1.26682e-16
14 14.6 2.67654e-17
14.2 14.6 5.22255e-18
14.4 14.6 9.41139e-19
14.6 14.6 1.56638e-19
14.8 14.6 2.4027e-20
5.2 14.8 3.68538e-21
5.4 14.8 2.4027e-20
5.6 14.8 1.4437e-19
5.8 14.8 8.01174e-19
6 14.8 4.10617e-18
6.2 14.8 1.94355e-17
6.4 14.8 8.49558e-17
6.6 14.8 3.4294e-16
6.8 14.8 1.27839e-15
7 14.8 4.40065e-15
7.2 14.8 1.39885e-14
7.4 14.8 4.10603e-14
7.6 14.8 1.11291e-13
7.8 14.8 2.78532e-13
8 14.8 6.43676e-13
8.2 14.8 1.3735e-12
8.4 14.8 2.70616e-12
8.6 14.8 4.92309e-12
8.8 14.8 8.2695e-12
9 14.8 1.28255e-11
9.2 14.8 1.83661e-11
9.4 14.8 2.42834e-11
9.6 14.8 2.96448e-11
9.8 14.8 3.34143e-11
10 14.8 3.47744e-11
10.2 14.8 3.34143e-11
10.4 14.8 2.96448e-11
10.6 14.8 2.42834e-11
10.8 14.8 1.83661e-11
11 14.8 1.28255e-11
11.2 14.8 8.2695e-12
11.4 14.8 4.92309e-12
11.6 14.8 2.70616e-12
11.8 14.8 1.3735e-12
12 14.8 6.43676e-13
12.2 14.8 2.78532e-13
12.4 14.8 1.11291e-13
12.6 14.8 4.10603e-14
12.8 14.8 1.39885e-14
13 14.8 4.40065e-15
13.2 14.8 1.27839e-15
13.4 14.8 3.4294e-16
13.6 14.8 8.49558e-17
13.8 14.8 1.94355e-17
14 14.8 4.10617e-18
14.2 14.8 8.01174e-19
14.4 14.8 1.4437e-19
14.6 14.8 2.4027e-20
14.8 14.8 3.68538e-21

