5.2 5.2 7.98964e-21
5.4 5.2 5.2242e-20
5.6 5.2 3.15104e-19
5.8 5.2 1.75485e-18
6 5.2 9.02343e-18
6.2 5.2 4.28395e-17
6.4 5.2 1.87782e-16
6.6 5.2 7.59967e-16
6.8 5.2 2.83964e-15
7 5.2 9.79617e-15
7.2 5.2 3.12011e-14
7.4 5.2 9.17485e-14
7.6 5.2 2.49082e-13
7.8 5.2 6.24305e-13
8 5.2 1.44464e-12
8.2 5.2 3.08622e-12
8.4 5.2 6.08694e-12
8.6 5.2 1.10834e-11
8.8 5.2 1.86314e-11
9 5.2 2.89147e-11
9.2 5.2 4.14275e-11
9.4 5.2 5.47969e-11
9.6 5.2 6.69142e-11
9.8 5.2 7.54355e-11
10 5.2 7.85106e-11
10.2 5.2 7.54355e-11
10.4 5.2 6.69142e-11
10.6 5.2 5.47969e-11
10.8 5.2 4.14275e-11
11 5.2 2.89147e-11
11.2 5.2 1.86314e-11
11.4 5.2 1.10834e-11
11.6 5.2 6.08694e-12
11.8 5.2 3.08622e-12
12 5.2 1.44464e-12
12.2 5.2 6.24305e-13
12.4 5.2 2.49082e-13
12.6 5.2 9.17485e-14
12.8 5.2 3.12011e-14
13 5.2 9.79617e-15
13.2 5.2 2.83964e-15
13.4 5.2 7.59967e-16
13.6 5.2 1.87782e-16
13.8 5.2 4.28395e-17
14 5.2 9.02343e-18
14.2 5.2 1.75485e-18
14.4 5.2 3.15104e-19
14.6 5.2 5.2242e-20
14.8 5.2 7.98964e-21
5.2 5.4 5.2242e-20
5.4 5.4 3.4159e-19
5.6 5.4 2.0603e-18
5.8 5.4 1.14738e-17
6 5.4 5.8997e-17
6.2 5.4 2.80088e-16
6.4 5.4 1.22771e-15
6.6 5.4 4.96856e-15
6.8 5.4 1.85649e-14
7 5.4 6.40443e-14
7.2 5.4 2.0398e-13
7.4 5.4 5.99809e-13
7.6 5.4 1.62837e-12
7.8 5.4 4.08134e-12
8 5.4 9.44411e-12
8.2 5.4 2.01756e-11
8.4 5.4 3.9792e-11
8.6 5.4 7.24547e-11
8.8 5.4 1.21798e-10
9 5.4 1.89021e-10
9.2 5.4 2.70818e-10
9.4 5.4 3.58215e-10
9.6 5.4 4.37427e-10
9.8 5.4 4.93131e-10
10 5.4 5.13234e-10
10.2 5.4 4.93131e-10
10.4 5.4 4.37427e-10
10.6 5.4 3.58215e-10
10.8 5.4 2.70818e-10
11 5.4 1.89021e-10
11.2 5.4 1.21798e-10
11.4 5.4 7.24547e-11
11.6 5.4 3.9792e-11
11.8 5.4 2.01756e-11
12 5.4 9.44411e-12
12.2 5.4 4.08134e-12
12.4 5.4 1.62837e-12
12.6 5.4 5.99809e-13
12.8 5.4 2.0398e-13
13 5.4 6.40443e-14
13.2 5.4 1.85649e-14
13.4 5.4 4.96856e-15
13.6 5.4 1.22771e-15
13.8 5.4 2.80088e-16
14 5.4 5.8997e-17
14.2 5.4 1.14738e-17
14.4 5.4 2.0603e-18
14.6 5.4 3.4159e-19
14.8 5.4 5.2242e-20
5.2 5.6 3.15104e-19
5.4 5.6 2.0603e-18
5.6 5.6 1.24263e-17
5.8 5.6 6.91999e-17
6 5.6 3.55809e-16
6.2 5.6 1.68916e-15
6.4 5.6 7.40396e-15
6.6 5.6 2.99633e-14
6.8 5.6 1.11955e-13
7 5.6 3.8621e-13
7.2 5.6 1.23005e-12
7.4 5.6 3.61695e-12
7.6 5.6 9.8192e-12
7.8 5.6 2.46105e-11
8 5.6 5.69476e-11
8.2 5.6 1.21657e-10
8.4 5.6 2.39939e-10
8.6 5.6 4.36888e-10
8.8 5.6 7.34411e-10
9 5.6 1.13974e-09
9.2 5.6 1.63296e-09
9.4 5.6 2.15992e-09
9.6 5.6 2.63754e-09
9.8 5.6 2.97342e-09
10 5.6 3.09462e-09
10.2 5.6 2.97342e-09
10.4 5.6 2.63754e-09
10.6 5.6 2.15992e-09
10.8 5.6 1.63296e-09
11 5.6 1.13974e-09
11.2 5.6 7.34411e-10
11.4 5.6 4.36888e-10
11.6 5.6 2.39939e-10
11.8 5.6 1.21657e-10
12 5.6 5.69476e-11
12.2 5.6 2.46105e-11
12.4 5.6 9.8192e-12
12.6 5.6 3.61695e-12
12.8 5.6 1.23005e-12
13 5.6 3.8621e-13
13.2 5.6 1.11955e-13
13.4 5.6 2.99633e-14
13.6 5.6 7.40396e-15
13.8 5.6 1.68916e-15
14 5.6 3.55809e-16
14.2 5.6 6.91999e-17
14.4 5.6 1.24263e-17
14.6 5.6 2.0603e-18
14.8 5.6 3.15104e-19
5.2 5.8 1.75485e-18
5.4 5.8 1.14738e-17
5.6 5.8 6.91999e-17
5.8 5.8 3.85353e-16
6 5.8 1.98135e-15
6.2 5.8 9.406e-15
6.4 5.8 4.12276e-14
6.6 5.8 1.66842e-13
6.8 5.8 6.23378e-13
7 5.8 2.15042e-12
7.2 5.8 6.84886e-12
7.4 5.8 2.01387e-11
7.6 5.8 5.46712e-11
7.8 5.8 1.37025e-10
8 5.8 3.17066e-10
8.2 5.8 6.77339e-10
8.4 5.8 1.33588e-09
8.6 5.8 2.43239e-09
8.8 5.8 4.08884e-09
9 5.8 6.34551e-09
9.2 5.8 9.09142e-09
9.4 5.8 1.20253e-08
9.6 5.8 1.46843e-08
9.8 5.8 1.65543e-08
10 5.8 1.72291e-08
10.2 5.8 1.65543e-08
10.4 5.8 1.46843e-08
10.6 5.8 1.20253e-08
10.8 5.8 9.09142e-09
11 5.8 6.34551e-09
11.2 5.8 4.08884e-09
11.4 5.8 2.43239e-09
11.6 5.8 1.33588e-09
11.8 5.8 6.77339e-10
12 5.8 3.17066e-10
12.2 5.8 1.37025e-10
12.4 5.8 5.46712e-11
12.6 5.8 2.01387e-11
12.8 5.8 6.84886e-12
13 5.8 2.15042e-12
13.2 5.8 6.23378e-13
13.4 5.8 1.66842e-13
13.6 5.8 4.12276e-14
13.8 5.8 9.406e-15
14 5.8 1.98135e-15
14.2 5.8 3.85353e-16
14.4 5.8 6.91999e-17
14.6 5.8 1.14738e-17
14.8 5.8 1.75485e-18
5.2 6 9.02343e-18
5.4 6 5.8997e-17
5.6 6 3.55809e-16
5.8 6 1.98135e-15
6 6 1.01871e-14
6.2 6 4.83601e-14
6.4 6 2.11964e-13
6.6 6 8.57771e-13
6.8 6 3.20487e-12
7 6 1.10555e-11
7.2 6 3.52099e-11
7.4 6 1.03531e-10
7.6 6 2.81057e-10
7.8 6 7.04419e-10
8 6 1.62996e-09
8.2 6 3.48201e-09
8.4 6 6.86735e-09
8.6 6 1.25041e-08
8.8 6 2.10192e-08
9 6 3.26197e-08
9.2 6 4.67352e-08
9.4 6 6.18166e-08
9.6 6 7.54856e-08
9.8 6 8.50981e-08
10 6 8.85669e-08
10.2 6 8.50981e-08
10.4 6 7.54856e-08
10.6 6 6.18166e-08
10.8 6 4.67352e-08
11 6 3.26197e-08
11.2 6 2.10192e-08
11.4 6 1.25041e-08
11.6 6 6.86735e-09
11.8 6 3.48201e-09
12 6 1.62996e-09
12.2 6 7.04419e-10
12.4 6 2.81057e-10
12.6 6 1.03531e-10
12.8 6 3.52099e-11
13 6 1.10555e-11
13.2 6 3.20487e-12
13.4 6 8.57771e-13
13.6 6 2.11964e-13
13.8 6 4.83601e-14
14 6 1.01871e-14
14.2 6 1.98135e-15
14.4 6 3.55809e-16
14.6 6 5.8997e-17
14.8 6 9.02343e-18
5.2 6.2 4.28395e-17
5.4 6.2 2.80088e-16
5.6 6.2 1.68916e-15
5.8 6.2 9.406e-15
6 6.2 4.83601e-14
6.2 6.2 2.2957e-13
6.4 6.2 1.00619e-12
6.6 6.2 4.07177e-12
6.8 6.2 1.52131e-11
7 6.2 5.24779e-11
7.2 6.2 1.67132e-10
7.4 6.2 4.91429e-10
7.6 6.2 1.33407e-09
7.8 6.2 3.34357e-09
8 6.2 7.73665e-09
8.2 6.2 1.65273e-08
8.4 6.2 3.25956e-08
8.6 6.2 5.93498e-08
8.8 6.2 9.97656e-08
9 6.2 1.54826e-07
9.2 6.2 2.21823e-07
9.4 6.2 2.93404e-07
9.6 6.2 3.58281e-07
9.8 6.2 4.03905e-07
10 6.2 4.20369e-07
10.2 6.2 4.03905e-07
10.4 6.2 3.58281e-07
10.6 6.2 2.93404e-07
10.8 6.2 2.21823e-07
11 6.2 1.54826e-07
11.2 6.2 9.97656e-08
11.4 6.2 5.93498e-08
11.6 6.2 3.25956e-08
11.8 6.2 1.65273e-08
12 6.2 7.73665e-09
12.2 6.2 3.34357e-09
12.4 6.2 1.33407e-09
12.6 6.2 4.91429e-10
12.8 6.2 1.67132e-10
13 6.2 5.24779e-11
13.2 6.2 1.52131e-11
13.4 6.2 4.07177e-12
13.6 6.2 1.00619e-12
13.8 6.2 2.2957e-13
14 6.2 4.83601e-14
14.2 6.2 9.406e-15
14.4 6.2 1.68916e-15
14.6 6.2 2.80088e-16
14.8 6.2 4.28395e-17
5.2 6.4 1.87782e-16
5.4 6.4 1.22771e-15
5.6 6.4 7.40396e-15
5.8 6.4 4.12276e-14
6 6.4 2.11964e-13
6.2 6.4 1.00619e-12
6.4 6.4 4.41003e-12
6.6 6.4 1.78458e-11
6.8 6.4 6.66751e-11
7 6.4 2.29994e-10
7.2 6.4 7.32479e-10
7.4 6.4 2.15374e-09
7.6 6.4 5.84664e-09
7.8 6.4 1.46533e-08
8 6.4 3.39057e-08
8.2 6.4 7.24302e-08
8.4 6.4 1.42848e-07
8.6 6.4 2.60094e-07
8.8 6.4 4.3721e-07
9 6.4 6.78503e-07
9.2 6.4 9.72103e-07
9.4 6.4 1.28579e-06
9.6 6.4 1.5701e-06
9.8 6.4 1.77004e-06
10 6.4 1.84219e-06
10.2 6.4 1.77004e-06
10.4 6.4 1.5701e-06
10.6 6.4 1.28579e-06
10.8 6.4 9.72103e-07
11 6.4 6.78503e-07
11.2 6.4 4.3721e-07
11.4 6.4 2.60094e-07
11.6 6.4 1.42848e-07
11.8 6.4 7.24302e-08
12 6.4 3.39057e-08
12.2 6.4 1.46533e-08
12.4 6.4 5.84664e-09
12.6 6.4 2.15374e-09
12.8 6.4 7.32479e-10
13 6.4 2.29994e-10
13.2 6.4 6.66751e-11
13.4 6.4 1.78458e-11
13.6 6.4 4.41003e-12
13.8 6.4 1.00619e-12
14 6.4 2.11964e-13
14.2 6.4 4.12276e-14
14.4 6.4 7.40396e-15
14.6 6.4 1.22771e-15
14.8 6.4 1.87782e-16
5.2 6.6 7.59967e-16
5.4 6.6 4.96856e-15
5.6 6.6 2.99633e-14
5.8 6.6 1.66842e-13
6 6.6 8.57771e-13
6.2 6.6 4.07177e-12
6.4 6.6 1.78458e-11
6.6 6.6 7.22147e-11
6.8 6.6 2.69803e-10
7 6.6 9.3067e-10
7.2 6.6 2.96393e-09
7.4 6.6 8.71488e-09
7.6 6.6 2.36577e-08
7.8 6.6 5.9292e-08
8 6.6 1.37193e-07
8.2 6.6 2.93073e-07
8.4 6.6 5.77998e-07
8.6 6.6 1.0524e-06
8.8 6.6 1.76905e-06
9 6.6 2.74536e-06
9.2 6.6 3.93331e-06
9.4 6.6 5.20255e-06
9.6 6.6 6.35292e-06
9.8 6.6 7.16189e-06
10 6.6 7.45382e-06
10.2 6.6 7.16189e-06
10.4 6.6 6.35292e-06
10.6 6.6 5.20255e-06
10.8 6.6 3.93331e-06
11 6.6 2.74536e-06
11.2 6.6 1.76905e-06
11.4 6.6 1.0524e-06
11.6 6.6 5.77998e-07
11.8 6.6 2.93073e-07
12 6.6 1.37193e-07
12.2 6.6 5.9292e-08
12.4 6.6 2.36577e-08
12.6 6.6 8.71488e-09
12.8 6.6 2.96393e-09
13 6.6 9.3067e-10
13.2 6.6 2.69803e-10
13.4 6.6 7.22147e-11
13.6 6.6 1.78458e-11
13.8 6.6 4.07177e-12
14 6.6 8.57771e-13
14.2 6.6 1.66842e-13
14.4 6.6 2.99633e-14
14.6 6.6 4.96856e-15
14.8 6.6 7.59967e-16
5.2 6.8 2.83964e-15
5.4 6.8 1.85649e-14
5.6 6.8 1.11955e-13
5.8 6.8 6.23378e-13
6 6.8 3.20487e-12
6.2 6.8 1.52131e-11
6.4 6.8 6.66751e-11
6.6 6.8 2.69803e-10
6.8 6.8 1.00801e-09
7 6.8 3.47702e-09
7.2 6.8 1.10733e-08
7.4 6.8 3.25585e-08
7.6 6.8 8.83834e-08
7.8 6.8 2.21509e-07
8 6.8 5.12536e-07
8.2 6.8 1.09488e-06
8.4 6.8 2.15931e-06
8.6 6.8 3.93158e-06
8.8 6.8 6.60882e-06
9 6.8 1.02561e-05
9.2 6.8 1.4694e-05
9.4 6.8 1.94356e-05
9.6 6.8 2.3733e-05
9.8 6.8 2.67551e-05
10 6.8 2.78457e-05
10.2 6.8 2.67551e-05
10.4 6.8 2.3733e-05
10.6 6.8 1.94356e-05
10.8 6.8 1.4694e-05
11 6.8 1.02561e-05
11.2 6.8 6.60882e-06
11.4 6.8 3.93158e-06
11.6 6.8 2.15931e-06
11.8 6.8 1.09488e-06
12 6.8 5.12536e-07
12.2 6.8 2.21509e-07
12.4 6.8 8.83834e-08
12.6 6.8 3.25585e-08
12.8 6.8 1.10733e-08
13 6.8 3.47702e-09
13.2 6.8 1.00801e-09
13.4 6.8 2.69803e-10
13.6 6.8 6.66751e-11
13.8 6.8 1.52131e-11
14 6.8 3.20487e-12
14.2 6.8 6.23378e-13
14.4 6.8 1.11955e-13
14.6 6.8 1.85649e-14
14.8 6.8 2.83964e-15
5.2 7 9.79617e-15
5.4 7 6.40443e-14
5.6 7 3.8621e-13
5.8 7 2.15042e-12
6 7 1.10555e-11
6.2 7 5.24779e-11
6.4 7 2.29994e-10
6.6 7 9.3067e-10
6.8 7 3.47702e-09
7 7 1.19935e-08
7.2 7 3.81954e-08
7.4 7 1.12304e-07
7.6 7 3.04859e-07
7.8 7 7.64042e-07
8 7 1.76786e-06
8.2 7 3.77647e-06
8.4 7 7.44787e-06
8.6 7 1.35607e-05
8.8 7 2.27949e-05
9 7 3.53749e-05
9.2 7 5.06818e-05
9.4 7 6.70361e-05
9.6 7 8.18586e-05
9.8 7 9.22821e-05
10 7 9.60436e-05
10.2 7 9.22821e-05
10.4 7 8.18586e-05
10.6 7 6.70361e-05
10.8 7 5.06818e-05
11 7 3.53749e-05
11.2 7 2.27949e-05
11.4 7 1.35607e-05
11.6 7 7.44787e-06
11.8 7 3.77647e-06
12 7 1.76786e-06
12.2 7 7.64042e-07
12.4 7 3.04859e-07
12.6 7 1.12304e-07
12.8 7 3.81954e-08
13 7 1.19935e-08
13.2 7 3.47702e-09
13.4 7 9.3067e-10
13.6 7 2.29994e-10
13.8 7 5.24779e-11
14 7 1.10555e-11
14.2 7 2.15042e-12
14.4 7 3.8621e-13
14.6 7 6.40443e-14
14.8 7 9.79617e-15
5.2 7.2 3.12011e-14
5.4 7.2 2.0398e-13
5.6 7.2 1.23005e-12
5.8 7.2 6.84886e-12
6 7.2 3.52099e-11
6.2 7.2 1.67132e-10
6.4 7.2 7.32479e-10
6.6 7.2 2.96393e-09
6.8 7.2 1.10733e-08
7 7.2 3.81954e-08
7.2 7.2 1.21639e-07
7.4 7.2 3.57646e-07
7.6 7.2 9.70853e-07
7.8 7.2 2.43315e-06
8 7.2 5.62984e-06
8.2 7.2 1.20263e-05
8.4 7.2 2.37179e-05
8.6 7.2 4.31844e-05
8.8 7.2 7.25905e-05
9 7.2 0.000112651
9.2 7.2 0.000161396
9.4 7.2 0.000213475
9.6 7.2 0.000260677
9.8 7.2 0.00029387
10 7.2 0.000305848
10.2 7.2 0.00029387
10.4 7.2 0.000260677
10.6 7.2 0.000213475
10.8 7.2 0.000161396
11 7.2 0.000112651
11.2 7.2 7.25905e-05
11.4 7.2 4.31844e-05
11.6 7.2 2.37179e-05
11.8 7.2 1.20263e-05
12 7.2 5.62984e-06
12.2 7.2 2.43315e-06
12.4 7.2 9.70853e-07
12.6 7.2 3.57646e-07
12.8 7.2 1.21639e-07
13 7.2 3.81954e-08
13.2 7.2 1.10733e-08
13.4 7.2 2.96393e-09
13.6 7.2 7.32479e-10
13.8 7.2 1.67132e-10
14 7.2 3.52099e-11
14.2 7.2 6.84886e-12
14.4 7.2 1.23005e-12
14.6 7.2 2.0398e-13
14.8 7.2 3.12011e-14
5.2 7.4 9.17485e-14
5.4 7.4 5.99809e-13
5.6 7.4 3.61695e-12
5.8 7.4 2.01387e-11
6 7.4 1.03531e-10
6.2 7.4 4.91429e-10
6.4 7.4 2.15374e-09
6.6 7.4 8.71488e-09
6.8 7.4 3.25585e-08
7 7.4 1.12304e-07
7.2 7.4 3.57646e-07
7.4 7.4 1.05156e-06
7.6 7.4 2.8545e-06
7.8 7.4 7.15389e-06
8 7.4 1.65526e-05
8.2 7.4 3.53592e-05
8.4 7.4 6.9734e-05
8.6 7.4 0.000126968
8.8 7.4 0.000213425
9 7.4 0.000331207
9.2 7.4 0.00047452
9.4 7.4 0.000627638
9.6 7.4 0.000766414
9.8 7.4 0.000864005
10 7.4 0.000899223
10.2 7.4 0.000864005
10.4 7.4 0.000766414
10.6 7.4 0.000627638
10.8 7.4 0.00047452
11 7.4 0.000331207
11.2 7.4 0.000213425
11.4 7.4 0.000126968
11.6 7.4 6.9734e-05
11.8 7.4 3.53592e-05
12 7.4 1.65526e-05
12.2 7.4 7.15389e-06
12.4 7.4 2.8545e-06
12.6 7.4 1.05156e-06
12.8 7.4 3.57646e-07
13 7.4 1.12304e-07
13.2 7.4 3.25585e-08
13.4 7.4 8.71488e-09
13.6 7.4 2.15374e-09
13.8 7.4 4.91429e-10
14 7.4 1.03531e-10
14.2 7.4 2.01387e-11
14.4 7.4 3.61695e-12
14.6 7.4 5.99809e-13
14.8 7.4 9.17485e-14
5.2 7.6 2.49082e-13
5.4 7.6 1.62837e-12
5.6 7.6 9.8192e-12
5.8 7.6 5.46712e-11
6 7.6 2.81057e-10
6.2 7.6 1.33407e-09
6.4 7.6 5.84664e-09
6.6 7.6 2.36577e-08
6.8 7.6 8.83834e-08
7 7.6 3.04859e-07
7.2 7.6 9.70853e-07
7.4 7.6 2.8545e-06
7.6 7.6 7.74862e-06
7.8 7.6 1.94193e-05
8 7.6 4.49322e-05
8.2 7.6 9.59822e-05
8.4 7.6 0.000189292
8.6 7.6 0.00034465
8.8 7.6 0.000579334
9 7.6 0.000899047
9.2 7.6 0.00128806
9.4 7.6 0.00170369
9.6 7.6 0.00208039
9.8 7.6 0.0023453
10 7.6 0.00244089
10.2 7.6 0.0023453
10.4 7.6 0.00208039
10.6 7.6 0.00170369
10.8 7.6 0.00128806
11 7.6 0.000899047
11.2 7.6 0.000579334
11.4 7.6 0.00034465
11.6 7.6 0.000189292
11.8 7.6 9.59822e-05
12 7.6 4.49322e-05
12.2 7.6 1.94193e-05
12.4 7.6 7.74862e-06
12.6 7.6 2.8545e-06
12.8 7.6 9.70853e-07
13 7.6 3.04859e-07
13.2 7.6 8.83834e-08
13.4 7.6 2.36577e-08
13.6 7.6 5.84664e-09
13.8 7.6 1.33407e-09
14 7.6 2.81057e-10
14.2 7.6 5.46712e-11
14.4 7.6 9.8192e-12
14.6 7.6 1.62837e-12
14.8 7.6 2.49082e-13
5.2 7.8 6.24305e-13
5.4 7.8 4.08134e-12
5.6 7.8 2.46105e-11
5.8 7.8 1.37025e-10
6 7.8 7.04419e-10
6.2 7.8 3.34357e-09
6.4 7.8 1.46533e-08
6.6 7.8 5.9292e-08
6.8 7.8 2.21509e-07
7 7.8 7.64042e-07
7.2 7.8 2.43315e-06
7.4 7.8 7.15389e-06
7.6 7.8 1.94193e-05
7.8 7.8 4.86679e-05
8 7.8 0.000112607
8.2 7.8 0.000240544
8.4 7.8 0.000474389
8.6 7.8 0.000863734
8.8 7.8 0.00145188
9 7.8 0.00225311
9.2 7.8 0.00322802
9.4 7.8 0.00426963
9.6 7.8 0.00521367
9.8 7.8 0.00587754
10 7.8 0.00611711
10.2 7.8 0.00587754
10.4 7.8 0.00521367
10.6 7.8 0.00426963
10.8 7.8 0.00322802
11 7.8 0.00225311
11.2 7.8 0.00145188
11.4 7.8 0.000863734
11.6 7.8 0.000474389
11.8 7.8 0.000240544
12 7.8 0.000112607
12.2 7.8 4.86679e-05
12.4 7.8 1.94193e-05
12.6 7.8 7.15389e-06
12.8 7.8 2.43315e-06
13 7.8 7.64042e-07
13.2 7.8 2.21509e-07
13.4 7.8 5.9292e-08
13.6 7.8 1.46533e-08
13.8 7.8 3.34357e-09
14 7.8 7.04419e-10
14.2 7.8 1.37025e-10
14.4 7.8 2.46105e-11
14.6 7.8 4.08134e-12
14.8 7.8 6.24305e-13
5.2 8 1.44464e-12
5.4 8 9.44411e-12
5.6 8 5.69476e-11
5.8 8 3.17066e-10
6 8 1.62996e-09
6.2 8 7.73665e-09
6.4 8 3.39057e-08
6.6 8 1.37193e-07
6.8 8 5.12536e-07
7 8 1.76786e-06
7.2 8 5.62984e-06
7.4 8 1.65526e-05
7.6 8 4.49322e-05
7.8 8 0.000112607
8 8 0.000260545
8.2 8 0.000556562
8.4 8 0.00109762
8.6 8 0.00199846
8.8 8 0.00335927
9 8 0.0052131
9.2 8 0.00746877
9.4 8 0.00987876
9.6 8 0.012063
9.8 8 0.013599
10 8 0.0141533
10.2 8 0.013599
10.4 8 0.012063
10.6 8 0.00987876
10.8 8 0.00746877
11 8 0.0052131
11.2 8 0.00335927
11.4 8 0.00199846
11.6 8 0.00109762
11.8 8 0.000556562
12 8 0.000260545
12.2 8 0.000112607
12.4 8 4.49322e-05
12.6 8 1.65526e-05
12.8 8 5.62984e-06
13 8 1.76786e-06
13.2 8 5.12536e-07
13.4 8 1.37193e-07
13.6 8 3.39057e-08
13.8 8 7.73665e-09
14 8 1.62996e-09
14.2 8 3.17066e-10
14.4 8 5.69476e-11
14.6 8 9.44411e-12
14.8 8 1.44464e-12
5.2 8.2 3.08622e-12
5.4 8.2 2.01756e-11
5.6 8.2 1.21657e-10
5.8 8.2 6.77339e-10
6 8.2 3.48201e-09
6.2 8.2 1.65273e-08
6.4 8.2 7.24302e-08
6.6 8.2 2.93073e-07
6.8 8.2 1.09488e-06
7 8.2 3.77647e-06
7.2 8.2 1.20263e-05
7.4 8.2 3.53592e-05
7.6 8.2 9.59822e-05
7.8 8.2 0.000240544
8 8.2 0.000556562
8.2 8.2 0.00118889
8.4 8.2 0.00234465
8.6 8.2 0.00426896
8.8 8.2 0.0071758
9 8.2 0.0111358
9.2 8.2 0.0159541
9.4 8.2 0.0211021
9.6 8.2 0.0257679
9.8 8.2 0.029049
10 8.2 0.030233
10.2 8.2 0.029049
10.4 8.2 0.0257679
10.6 8.2 0.0211021
10.8 8.2 0.0159541
11 8.2 0.0111358
11.2 8.2 0.0071758
11.4 8.2 0.00426896
11.6 8.2 0.00234465
11.8 8.2 0.00118889
12 8.2 0.000556562
12.2 8.2 0.000240544
12.4 8.2 9.59822e-05
12.6 8.2 3.53592e-05
12.8 8.2 1.20263e-05
13 8.2 3.77647e-06
13.2 8.2 1.09488e-06
13.4 8.2 2.93073e-07
13.6 8.2 7.24302e-08
13.8 8.2 1.65273e-08
14 8.2 3.48201e-09
14.2 8.2 6.77339e-10
14.4 8.2 1.21657e-10
14.6 8.2 2.01756e-11
14.8 8.2 3.08622e-12
5.2 8.4 6.08694e-12
5.4 8.4 3.9792e-11
5.6 8.4 2.39939e-10
5.8 8.4 1.33588e-09
6 8.4 6.86735e-09
6.2 8.4 3.25956e-08
6.4 8.4 1.42848e-07
6.6 8.4 5.77998e-07
6.8 8.4 2.15931e-06
7 8.4 7.44787e-06
7.2 8.4 2.37179e-05
7.4 8.4 6.9734e-05
7.6 8.4 0.000189292
7.8 8.4 0.000474389
8 8.4 0.00109762
8.2 8.4 0.00234465
8.4 8.4 0.00462397
8.6 8.4 0.00841894
8.8 8.4 0.0141516
9 8.4 0.0219611
9.2 8.4 0.0314635
9.4 8.4 0.0416159
9.6 8.4 0.0508173
9.8 8.4 0.0572879
10 8.4 0.059623
10.2 8.4 0.0572879
10.4 8.4 0.0508173
10.6 8.4 0.0416159
10.8 8.4 0.0314635
11 8.4 0.0219611
11.2 8.4 0.0141516
11.4 8.4 0.00841894
11.6 8.4 0.00462397
11.8 8.4 0.00234465
12 8.4 0.00109762
12.2 8.4 0.000474389
12.4 8.4 0.000189292
12.6 8.4 6.9734e-05
12.8 8.4 2.37179e-05
13 8.4 7.44787e-06
13.2 8.4 2.15931e-06
13.4 8.4 5.77998e-07
13.6 8.4 1.42848e-07
13.8 8.4 3.25956e-08
14 8.4 6.86735e-09
14.2 8.4 1.33588e-09
14.4 8.4 2.39939e-10
14.6 8.4 3.9792e-11
14.8 8.4 6.08694e-12
5.2 8.6 1.10834e-11
5.4 8.6 7.24547e-11
5.6 8.6 4.36888e-10
5.8 8.6 2.43239e-09
6 8.6 1.25041e-08
6.2 8.6 5.93498e-08
6.4 8.6 2.60094e-07
6.6 8.6 1.0524e-06
6.8 8.6 3.93158e-06
7 8.6 1.35607e-05
7.2 8.6 4.31844e-05
7.4 8.6 0.000126968
7.6 8.6 0.00034465
7.8 8.6 0.000863734
8 8.6 0.00199846
8.2 8.6 0.00426896
8.4 8.6 0.00841894
8.6 8.6 0.0153285
8.8 8.6 0.0257659
9 8.6 0.0399848
9.2 8.6 0.0572857
9.4 8.6 0.0757702
9.6 8.6 0.0925232
9.8 8.6 0.104304
10 8.6 0.108556
10.2 8.6 0.104304
10.4 8.6 0.0925232
10.6 8.6 0.0757702
10.8 8.6 0.0572857
11 8.6 0.0399848
11.2 8.6 0.0257659
11.4 8.6 0.0153285
11.6 8.6 0.00841894
11.8 8.6 0.00426896
12 8.6 0.00199846
12.2 8.6 0.000863734
12.4 8.6 0.00034465
12.6 8.6 0.000126968
12.8 8.6 4.31844e-05
13 8.6 1.35607e-05
13.2 8.6 3.93158e-06
13.4 8.6 1.0524e-06
13.6 8.6 2.60094e-07
13.8 8.6 5.93498e-08
14 8.6 1.25041e-08
14.2 8.6 2.43239e-09
14.4 8.6 4.36888e-10
14.6 8.6 7.24547e-11
14.8 8.6 1.10834e-11
5.2 8.8 1.86314e-11
5.4 8.8 1.21798e-10
5.6 8.8 7.34411e-10
5.8 8.8 4.08884e-09
6 8.8 2.10192e-08
6.2 8.8 9.97656e-08
6.4 8.8 4.3721e-07
6.6 8.8 1.76905e-06
6.8 8.8 6.60882e-06
7 8.8 2.27949e-05
7.2 8.8 7.25905e-05
7.4 8.8 0.000213425
7.6 8.8 0.000579334
7.8 8.8 0.00145188
8 8.8 0.00335927
8.2 8.8 0.0071758
8.4 8.8 0.0141516
8.6 8.8 0.0257659
8.8 8.8 0.0433103
9 8.8 0.067211
9.2 8.8 0.0962923
9.4 8.8 0.127363
9.6 8.8 0.155523
9.8 8.8 0.175326
10 8.8 0.182472
10.2 8.8 0.175326
10.4 8.8 0.155523
10.6 8.8 0.127363
10.8 8.8 0.0962923
11 8.8 0.067211
11.2 8.8 0.0433103
11.4 8.8 0.0257659
11.6 8.8 0.0141516
11.8 8.8 0.0071758
12 8.8 0.00335927
12.2 8.8 0.00145188
12.4 8.8 0.000579334
12.6 8.8 0.000213425
12.8 8.8 7.25905e-05
13 8.8 2.27949e-05
13.2 8.8 6.60882e-06
13.4 8.8 1.76905e-06
13.6 8.8 4.3721e-07
13.8 8.8 9.97656e-08
14 8.8 2.10192e-08
14.2 8.8 4.08884e-09
14.4 8.8 7.34411e-10
14.6 8.8 1.21798e-10
14.8 8.8 1.86314e-11
5.2 9 2.89147e-11
5.4 9 1.89021e-10
5.6 9 1.13974e-09
5.8 9 6.34551e-09
6 9 3.26197e-08
6.2 9 1.54826e-07
6.4 9 6.78503e-07
6.6 9 2.74536e-06
6.8 9 1.02561e-05
7 9 3.53749e-05
7.2 9 0.000112651
7.4 9 0.000331207
7.6 9 0.000899047
7.8 9 0.00225311
8 9 0.0052131
8.2 9 0.0111358
8.4 9 0.0219611
8.6 9 0.0399848
8.8 9 0.067211
9 9 0.104301
9.2 9 0.149431
9.4 9 0.197648
9.6 9 0.241348
9.8 9 0.272079
10 9 0.283169
10.2 9 0.272079
10.4 9 0.241348
10.6 9 0.197648
10.8 9 0.149431
11 9 0.104301
11.2 9 0.067211
11.4 9 0.0399848
11.6 9 0.0219611
11.8 9 0.0111358
12 9 0.0052131
12.2 9 0.00225311
12.4 9 0.000899047
12.6 9 0.000331207
12.8 9 0.000112651
13 9 3.53749e-05
13.2 9 1.02561e-05
13.4 9 2.74536e-06
13.6 9 6.78503e-07
13.8 9 1.54826e-07
14 9 3.26197e-08
14.2 9 6.34551e-09
14.4 9 1.13974e-09
14.6 9 1.89021e-10
14.8 9 2.89147e-11
5.2 9.2 4.14275e-11
5.4 9.2 2.70818e-10
5.6 9.2 1.63296e-09
5.8 9.2 9.09142e-09
6 9.2 4.67352e-08
6.2 9.2 2.21823e-07
6.4 9.2 9.72103e-07
6.6 9.2 3.93331e-06
6.8 9.2 1.4694e-05
7 9.2 5.06818e-05
7.2 9.2 0.000161396
7.4 9.2 0.00047452
7.6 9.2 0.00128806
7.8 9.2 0.00322802
8 9.2 0.00746877
8.2 9.2 0.0159541
8.4 9.2 0.0314635
8.6 9.2 0.0572857
8.8 9.2 0.0962923
9 9.2 0.149431
9.2 9.2 0.214087
9.4 9.2 0.283166
9.6 9.2 0.345775
9.8 9.2 0.389802
10 9.2 0.405691
10.2 9.2 0.389802
10.4 9.2 0.345775
10.6 9.2 0.283166
10.8 9.2 0.214087
11 9.2 0.149431
11.2 9.2 0.0962923
11.4 9.2 0.0572857
11.6 9.2 0.0314635
11.8 9.2 0.0159541
12 9.2 0.00746877
12.2 9.2 0.00322802
12.4 9.2 0.00128806
12.6 9.2 0.00047452
12.8 9.2 0.000161396
13 9.2 5.06818e-05
13.2 9.2 1.4694e-05
13.4 9.2 3.93331e-06
13.6 9.2 9.72103e-07
13.8 9.2 2.21823e-07
14 9.2 4.67352e-08
14.2 9.2 9.09142e-09
14.4 9.2 1.63296e-09
14.6 9.2 2.70818e-10
14.8 9.2 4.14275e-11
5.2 9.4 5.47969e-11
5.4 9.4 3.58215e-10
5.6 9.4 2.15992e-09
5.8 9.4 1.20253e-08
6 9.4 6.18166e-08
6.2 9.4 2.93404e-07
6.4 9.4 1.28579e-06
6.6 9.4 5.20255e-06
6.8 9.4 1.94356e-05
7 9.4 6.70361e-05
7.2 9.4 0.000213475
7.4 9.4 0.000627638
7.6 9.4 0.00170369
7.8 9.4 0.00426963
8 9.4 0.00987876
8.2 9.4 0.0211021
8.4 9.4 0.0416159
8.6 9.4 0.0757702
8.8 9.4 0.127363
9 9.4 0.197648
9.2 9.4 0.283166
9.4 9.4 0.374536
9.6 9.4 0.457346
9.8 9.4 0.51558
10 9.4 0.536594
10.2 9.4 0.51558
10.4 9.4 0.457346
10.6 9.4 0.374536
10.8 9.4 0.283166
11 9.4 0.197648
11.2 9.4 0.127363
11.4 9.4 0.0757702
11.6 9.4 0.0416159
11.8 9.4 0.0211021
12 9.4 0.00987876
12.2 9.4 0.00426963
12.4 9.4 0.00170369
12.6 9.4 0.000627638
12.8 9.4 0.000213475
13 9.4 6.70361e-05
13.2 9.4 1.94356e-05
13.4 9.4 5.20255e-06
13.6 9.4 1.28579e-06
13.8 9.4 2.93404e-07
14 9.4 6.18166e-08
14.2 9.4 1.20253e-08
14.4 9.4 2.15992e-09
14.6 9.4 3.58215e-10
14.8 9.4 5.47969e-11
5.2 9.6 6.69142e-11
5.4 9.6 4.37427e-10
5.6 9.6 2.63754e-09
5.8 9.6 1.46843e-08
6 9.6 7.54856e-08
6.2 9.6 3.58281e-07
6.4 9.6 1.5701e-06
6.6 9.6 6.35292e-06
6.8 9.6 2.3733e-05
7 9.6 8.18586e-05
7.2 9.6 0.000260677
7.4 9.6 0.000766414
7.6 9.6 0.00208039
7.8 9.6 0.00521367
8 9.6 0.012063
8.2 9.6 0.0257679
8.4 9.6 0.0508173
8.6 9.6 0.0925232
8.8 9.6 0.155523
9 9.6 0.241348
9.2 9.6 0.345775
9.4 9.6 0.457346
9.6 9.6 0.558465
9.8 9.6 0.629574
10 9.6 0.655236
10.2 9.6 0.629574
10.4 9.6 0.558465
10.6 9.6 0.457346
10.8 9.6 0.345775
11 9.6 0.241348
11.2 9.6 0.155523
11.4 9.6 0.0925232
11.6 9.6 0.0508173
11.8 9.6 0.0257679
12 9.6 0.012063
12.2 9.6 0.00521367
12.4 9.6 0.00208039
12.6 9.6 0.000766414
12.8 9.6 0.000260677
13 9.6 8.18586e-05
13.2 9.6 2.3733e-05
13.4 9.6 6.35292e-06
13.6 9.6 1.5701e-06
13.8 9.6 3.58281e-07
14 9.6 7.54856e-08
14.2 9.6 1.46843e-08
14.4 9.6 2.63754e-09
14.6 9.6 4.37427e-10
14.8 9.6 6.69142e-11
5.2 9.8 7.54355e-11
5.4 9.8 4.93131e-10
5.6 9.8 2.97342e-09
5.8 9.8 1.65543e-08
6 9.8 8.50981e-08
6.2 9.8 4.03905e-07
6.4 9.8 1.77004e-06
6.6 9.8 7.16189e-06
6.8 9.8 2.67551e-05
7 9.8 9.22821e-05
7.2 9.8 0.00029387
7.4 9.8 0.000864005
7.6 9.8 0.0023453
7.8 9.8 0.00587754
8 9.8 0.013599
8.2 9.8 0.029049
8.4 9.8 0.0572879
8.6 9.8 0.104304
8.8 9.8 0.175326
9 9.8 0.272079
9.2 9.8 0.389802
9.4 9.8 0.51558
9.6 9.8 0.629574
9.8 9.8 0.709738
10 9.8 0.738667
10.2 9.8 0.709738
10.4 9.8 0.629574
10.6 9.8 0.51558
10.8 9.8 0.389802
11 9.8 0.272079
11.2 9.8 0.175326
11.4 9.8 0.104304
11.6 9.8 0.0572879
11.8 9.8 0.029049
12 9.8 0.013599
12.2 9.8 0.00587754
12.4 9.8 0.0023453
12.6 9.8 0.000864005
12.8 9.8 0.00029387
13 9.8 9.22821e-05
13.2 9.8 2.67551e-05
13.4 9.8 7.16189e-06
13.6 9.8 1.77004e-06
13.8 9.8 4.03905e-07
14 9.8 8.50981e-08
14.2 9.8 1.65543e-08
14.4 9.8 2.97342e-09
14.6 9.8 4.93131e-10
14.8 9.8 7.54355e-11
5.2 10 7.85106e-11
5.4 10 5.13234e-10
5.6 10 3.09462e-09
5.8 10 1.72291e-08
6 10 8.85669e-08
6.2 10 4.20369e-07
6.4 10 1.84219e-06
6.6 10 7.45382e-06
6.8 10 2.78457e-05
7 10 9.60436e-05
7.2 10 0.000305848
7.4 10 0.000899223
7.6 10 0.00244089
7.8 10 0.00611711
8 10 0.0141533
8.2 10 0.030233
8.4 10 0.059623
8.6 10 0.108556
8.8 10 0.182472
9 10 0.283169
9.2 10 0.405691
9.4 10 0.536594
9.6 10 0.655236
9.8 10 0.738667
10 10 0.768774
10.2 10 0.738667
10.4 10 0.655236
10.6 10 0.536594
10.8 10 0.405691
11 10 0.283169
11.2 10 0.182472
11.4 10 0.108556
11.6 10 0.059623
11.8 10 0.030233
12 10 0.0141533
12.2 10 0.00611711
12.4 10 0.00244089
12.6 10 0.000899223
12.8 10 0.000305848
13 10 9.60436e-05
13.2 10 2.78457e-05
13.4 10 7.45382e-06
13.6 10 1.84219e-06
13.8 10 4.20369e-07
14 10 8.85669e-08
14.2 10 1.72291e-08
14.4 10 3.09462e-09
14.6 10 5.13234e-10
14.8 10 7.85106e-11
5.2 10.2 7.54355e-11
5.4 10.2 4.93131e-10
5.6 10.2 2.97342e-09
5.8 10.2 1.65543e-08
6 10.2 8.50981e-08
6.2 10.2 4.03905e-07
6.4 10.2 1.77004e-06
6.6 10.2 7.16189e-06
6.8 10.2 2.67551e-05
7 10.2 9.22821e-05
7.2 10.2 0.00029387
7.4 10.2 0.000864005
7.6 10.2 0.0023453
7.8 10.2 0.00587754
8 10.2 0.013599
8.2 10.2 0.029049
8.4 10.2 0.0572879
8.6 10.2 0.104304
8.8 10.2 0.175326
9 10.2 0.272079
9.2 10.2 0.389802
9.4 10.2 0.51558
9.6 10.2 0.629574
9.8 10.2 0.709738
10 10.2 0.738667
10.2 10.2 0.709738
10.4 10.2 0.629574
10.6 10.2 0.51558
10.8 10.2 0.389802
11 10.2 0.272079
11.2 10.2 0.175326
11.4 10.2 0.104304
11.6 10.2 0.0572879
11.8 10.2 0.029049
12 10.2 0.013599
12.2 10.2 0.00587754
12.4 10.2 0.0023453
12.6 10.2 0.000864005
12.8 10.2 0.00029387
13 10.2 9.22821e-05
13.2 10.2 2.67551e-05
13.4 10.2 7.16189e-06
13.6 10.2 1.77004e-06
13.8 10.2 4.03905e-07
14 10.2 8.50981e-08
14.2 10.2 1.65543e-08
14.4 10.2 2.97342e-09
14.6 10.2 4.93131e-10
14.8 10.2 7.54355e-11
5.2 10.4 6.69142e-11
5.4 10.4 4.37427e-10
5.6 10.4 2.63754e-09
5.8 10.4 1.46843e-08
6 10.4 7.54856e-08
6.2 10.4 3.58281e-07
6.4 10.4 1.5701e-06
6.6 10.4 6.35292e-06
6.8 10.4 2.3733e-05
7 10.4 8.18586e-05
7.2 10.4 0.000260677
7.4 10.4 0.000766414
7.6 10.4 0.00208039
7.8 10.4 0.00521367
8 10.4 0.012063
8.2 10.4 0.0257679
8.4 10.4 0.0508173
8.6 10.4 0.0925232
8.8 10.4 0.155523
9 10.4 0.241348
9.2 10.4 0.345775
9.4 10.4 0.457346
9.6 10.4 0.558465
9.8 10.4 0.629574
10 10.4 0.655236
10.2 10.4 0.629574
10.4 10.4 0.558465
10.6 10.4 0.457346
10.8 10.4 0.345775
11 10.4 0.241348
11.2 10.4 0.155523
11.4 10.4 0.0925232
11.6 10.4 0.0508173
11.8 10.4 0.0257679
12 10.4 0.012063
12.2 10.4 0.00521367
12.4 10.4 0.00208039
12.6 10.4 0.000766414
12.8 10.4 0.000260677
13 10.4 8.18586e-05
13.2 10.4 2.3733e-05
13.4 10.4 6.35292e-06
13.6 10.4 1.5701e-06
13.8 10.4 3.58281e-07
14 10.4 7.54856e-08
14.2 10.4 1.46843e-08
14.4 10.4 2.63754e-09
14.6 10.4 4.37427e-10
14.8 10.4 6.69142e-11
5.2 10.6 5.47969e-11
5.4 10.6 3.58215e-10
5.6 10.6 2.15992e-09
5.8 10.6 1.20253e-08
6 10.6 6.18166e-08
6.2 10.6 2.93404e-07
6.4 10.6 1.28579e-06
6.6 10.6 5.20255e-06
6.8 10.6 1.94356e-05
7 10.6 6.70361e-05
7.2 10.6 0.000213475
7.4 10.6 0.000627638
7.6 10.6 0.00170369
7.8 10.6 0.00426963
8 10.6 0.00987876
8.2 10.6 0.0211021
8.4 10.6 0.0416159
8.6 10.6 0.0757702
8.8 10.6 0.127363
9 10.6 0.197648
9.2 10.6 0.283166
9.4 10.6 0.374536
9.6 10.6 0.457346
9.8 10.6 0.51558
10 10.6 0.536594
10.2 10.6 0.51558
10.4 10.6 0.457346
10.6 10.6 0.374536
10.8 10.6 0.283166
11 10.6 0.197648
11.2 10.6 0.127363
11.4 10.6 0.0757702
11.6 10.6 0.0416159
11.8 10.6 0.0211021
12 10.6 0.00987876
12.2 10.6 0.00426963
12.4 10.6 0.00170369
12.6 10.6 0.000627638
12.8 10.6 0.000213475
13 10.6 6.70361e-05
13.2 10.6 1.94356e-05
13.4 10.6 5.20255e-06
13.6 10.6 1.28579e-06
13.8 10.6 2.93404e-07
14 10.6 6.18166e-08
14.2 10.6 1.20253e-08
14.4 10.6 2.15992e-09
14.6 10.6 3.58215e-10
14.8 10.6 5.47969e-11
5.2 10.8 4.14275e-11
5.4 10.8 2.70818e-10
5.6 10.8 1.63296e-09
5.8 10.8 9.09142e-09
6 10.8 4.67352e-08
6.2 10.8 2.21823e-07
6.4 10.8 9.72103e-07
6.6 10.8 3.93331e-06
6.8 10.8 1.4694e-05
7 10.8 5.06818e-05
7.2 10.8 0.000161396
7.4 10.8 0.00047452
7.6 10.8 0.00128806
7.8 10.8 0.00322802
8 10.8 0.00746877
8.2 10.8 0.0159541
8.4 10.8 0.0314635
8.6 10.8 0.0572857
8.8 10.8 0.0962923
9 10.8 0.149431
9.2 10.8 0.214087
9.4 10.8 0.283166
9.6 10.8 0.345775
9.8 10.8 0.389802
10 10.8 0.405691
10.2 10.8 0.389802
10.4 10.8 0.345775
10.6 10.8 0.283166
10.8 10.8 0.214087
11 10.8 0.149431
11.2 10.8 0.0962923
11.4 10.8 0.0572857
11.6 10.8 0.0314635
11.8 10.8 0.0159541
12 10.8 0.00746877
12.2 10.8 0.00322802
12.4 10.8 0.00128806
12.6 10.8 0.00047452
12.8 10.8 0.000161396
13 10.8 5.06818e-05
13.2 10.8 1.4694e-05
13.4 10.8 3.93331e-06
13.6 10.8 9.72103e-07
13.8 10.8 2.21823e-07
14 10.8 4.67352e-08
14.2 10.8 9.09142e-09
14.4 10.8 1.63296e-09
14.6 10.8 2.70818e-10
14.8 10.8 4.14275e-11
5.2 11 2.89147e-11
5.4 11 1.89021e-10
5.6 11 1.13974e-09
5.8 11 6.34551e-09
6 11 3.26197e-08
6.2 11 1.54826e-07
6.4 11 6.78503e-07
6.6 11 2.74536e-06
6.8 11 1.02561e-05
7 11 3.53749e-05
7.2 11 0.000112651
7.4 11 0.000331207
7.6 11 0.000899047
7.8 11 0.00225311
8 11 0.0052131
8.2 11 0.0111358
8.4 11 0.0219611
8.6 11 0.0399848
8.8 11 0.067211
9 11 0.104301
9.2 11 0.149431
9.4 11 0.197648
9.6 11 0.241348
9.8 11 0.272079
10 11 0.283169
10.2 11 0.272079
10.4 11 0.241348
10.6 11 0.197648
10.8 11 0.149431
11 11 0.104301
11.2 11 0.067211
11.4 11 0.0399848
11.6 11 0.0219611
11.8 11 0.0111358
12 11 0.0052131
12.2 11 0.00225311
12.4 11 0.000899047
12.6 11 0.000331207
12.8 11 0.000112651
13 11 3.53749e-05
13.2 11 1.02561e-05
13.4 11 2.74536e-06
13.6 11 6.78503e-07
13.8 11 1.54826e-07
14 11 3.26197e-08
14.2 11 6.34551e-09
14.4 11 1.13974e-09
14.6 11 1.89021e-10
14.8 11 2.89147e-11
5.2 11.2 1.86314e-11
5.4 11.2 1.21798e-10
5.6 11.2 7.34411e-10
5.8 11.2 4.08884e-09
6 11.2 2.10192e-08
6.2 11.2 9.97656e-08
6.4 11.2 4.3721e-07
6.6 11.2 1.76905e-06
6.8 11.2 6.60882e-06
7 11.2 2.27949e-05
7.2 11.2 7.25905e-05
7.4 11.2 0.000213425
7.6 11.2 0.000579334
7.8 11.2 0.00145188
8 11.2 0.00335927
8.2 11.2 0.0071758
8.4 11.2 0.0141516
8.6 11.2 0.0257659
8.8 11.2 0.0433103
9 11.2 0.067211
9.2 11.2 0.0962923
9.4 11.2 0.127363
9.6 11.2 0.155523
9.8 11.2 0.175326
10 11.2 0.182472
10.2 11.2 0.175326
10.4 11.2 0.155523
10.6 11.2 0.127363
10.8 11.2 0.0962923
11 11.2 0.067211
11.2 11.2 0.0433103
11.4 11.2 0.0257659
11.6 11.2 0.0141516
11.8 11.2 0.0071758
12 11.2 0.00335927
12.2 11.2 0.00145188
12.4 11.2 0.000579334
12.6 11.2 0.000213425
12.8 11.2 7.25905e-05
13 11.2 2.27949e-05
13.2 11.2 6.60882e-06
13.4 11.2 1.76905e-06
13.6 11.2 4.3721e-07
13.8 11.2 9.97656e-08
14 11.2 2.10192e-08
14.2 11.2 4.08884e-09
14.4 11.2 7.34411e-10
14.6 11.2 1.21798e-10
14.8 11.2 1.86314e-11
5.2 11.4 1.10834e-11
5.4 11.4 7.24547e-11
5.6 11.4 4.36888e-10
5.8 11.4 2.43239e-09
6 11.4 1.25041e-08
6.2 11.4 5.93498e-08
6.4 11.4 2.60094e-07
6.6 11.4 1.0524e-06
6.8 11.4 3.93158e-06
7 11.4 1.35607e-05
7.2 11.4 4.31844e-05
7.4 11.4 0.000126968
7.6 11.4 0.00034465
7.8 11.4 0.000863734
8 11.4 0.00199846
8.2 11.4 0.00426896
8.4 11.4 0.00841894
8.6 11.4 0.0153285
8.8 11.4 0.0257659
9 11.4 0.0399848
9.2 11.4 0.0572857
9.4 11.4 0.0757702
9.6 11.4 0.0925232
9.8 11.4 0.104304
10 11.4 0.108556
10.2 11.4 0.104304
10.4 11.4 0.0925232
10.6 11.4 0.0757702
10.8 11.4 0.0572857
11 11.4 0.0399848
11.2 11.4 0.0257659
11.4 11.4 0.0153285
11.6 11.4 0.00841894
11.8 11.4 0.00426896
12 11.4 0.00199846
12.2 11.4 0.000863734
12.4 11.4 0.00034465
12.6 11.4 0.000126968
12.8 11.4 4.31844e-05
13 11.4 1.35607e-05
13.2 11.4 3.93158e-06
13.4 11.4 1.0524e-06
13.6 11.4 2.60094e-07
13.8 11.4 5.93498e-08
14 11.4 1.25041e-08
14.2 11.4 2.43239e-09
14.4 11.4 4.36888e-10
14.6 11.4 7.24547e-11
14.8 11.4 1.10834e-11
5.2 11.6 6.08694e-12
5.4 11.6 3.9792e-11
5.6 11.6 2.39939e-10
5.8 11.6 1.33588e-09
6 11.6 6.86735e-09
6.2 11.6 3.25956e-08
6.4 11.6 1.42848e-07
6.6 11.6 5.77998e-07
6.8 11.6 2.15931e-06
7 11.6 7.44787e-06
7.2 11.6 2.37179e-05
7.4 11.6 6.9734e-05
7.6 11.6 0.000189292
7.8 11.6 0.000474389
8 11.6 0.00109762
8.2 11.6 0.00234465
8.4 11.6 0.00462397
8.6 11.6 0.00841894
8.8 11.6 0.0141516
9 11.6 0.0219611
9.2 11.6 0.0314635
9.4 11.6 0.0416159
9.6 11.6 0.0508173
9.8 11.6 0.0572879
10 11.6 0.059623
10.2 11.6 0.0572879
10.4 11.6 0.0508173
10.6 11.6 0.0416159
10.8 11.6 0.0314635
11 11.6 0.0219611
11.2 11.6 0.0141516
11.4 11.6 0.00841894
11.6 11.6 0.00462397
11.8 11.6 0.00234465
12 11.6 0.00109762
12.2 11.6 0.000474389
12.4 11.6 0.000189292
12.6 11.6 6.9734e-05
12.8 11.6 2.37179e-05
13 11.6 7.44787e-06
13.2 11.6 2.15931e-06
13.4 11.6 5.77998e-07
13.6 11.6 1.42848e-07
13.8 11.6 3.25956e-08
14 11.6 6.86735e-09
14.2 11.6 1.33588e-09
14.4 11.6 2.39939e-10
14.6 11.6 3.9792e-11
14.8 11.6 6.08694e-12
5.2 11.8 3.08622e-12
5.4 11.8 2.01756e-11
5.6 11.8 1.21657e-10
5.8 11.8 6.77339e-10
6 11.8 3.48201e-09
6.2 11.8 1.65273e-08
6.4 11.8 7.24302e-08
6.6 11.8 2.93073e-07
6.8 11.8 1.09488e-06
7 11.8 3.77647e-06
7.2 11.8 1.20263e-05
7.4 11.8 3.53592e-05
7.6 11.8 9.59822e-05
7.8 11.8 0.000240544
8 11.8 0.000556562
8.2 11.8 0.00118889
8.4 11.8 0.00234465
8.6 11.8 0.00426896
8.8 11.8 0.0071758
9 11.8 0.0111358
9.2 11.8 0.0159541
9.4 11.8 0.0211021
9.6 11.8 0.0257679
9.8 11.8 0.029049
10 11.8 0.030233
10.2 11.8 0.029049
10.4 11.8 0.0257679
10.6 11.8 0.0211021
10.8 11.8 0.0159541
11 11.8 0.0111358
11.2 11.8 0.0071758
11.4 11.8 0.00426896
11.6 11.8 0.00234465
11.8 11.8 0.00118889
12 11.8 0.000556562
12.2 11.8 0.000240544
12.4 11.8 9.59822e-05
12.6 11.8 3.53592e-05
12.8 11.8 1.20263e-05
13 11.8 3.77647e-06
13.2 11.8 1.09488e-06
13.4 11.8 2.93073e-07
13.6 11.8 7.24302e-08
13.8 11.8 1.65273e-08
14 11.8 3.48201e-09
14.2 11.8 6.77339e-10
14.4 11.8 1.21657e-10
14.6 11.8 2.01756e-11
14.8 11.8 3.08622e-12
5.2 12 1.44464e-12
5.4 12 9.44411e-12
5.6 12 5.69476e-11
5.8 12 3.17066e-10
6 12 1.62996e-09
6.2 12 7.73665e-09
6.4 12 3.39057e-08
6.6 12 1.37193e-07
6.8 12 5.12536e-07
7 12 1.76786e-06
7.2 12 5.62984e-06
7.4 12 1.65526e-05
7.6 12 4.49322e-05
7.8 12 0.000112607
8 12 0.000260545
8.2 12 0.000556562
8.4 12 0.00109762
8.6 12 0.00199846
8.8 12 0.00335927
9 12 0.0052131
9.2 12 0.00746877
9.4 12 0.00987876
9.6 12 0.012063
9.8 12 0.013599
10 12 0.0141533
10.2 12 0.013599
10.4 12 0.012063
10.6 12 0.00987876
10.8 12 0.00746877
11 12 0.0052131
11.2 12 0.00335927
11.4 12 0.00199846
11.6 12 0.00109762
11.8 12 0.000556562
12 12 0.000260545
12.2 12 0.000112607
12.4 12 4.49322e-05
12.6 12 1.65526e-05
12.8 12 5.62984e-06
13 12 1.76786e-06
13.2 12 5.12536e-07
13.4 12 1.37193e-07
13.6 12 3.39057e-08
13.8 12 7.73665e-09
14 12 1.62996e-09
14.2 12 3.17066e-10
14.4 12 5.69476e-11
14.6 12 9.44411e-12
14.8 12 1.44464e-12
5.2 12.2 6.24305e-13
5.4 12.2 4.08134e-12
5.6 12.2 2.46105e-11
5.8 12.2 1.37025e-10
6 12.2 7.04419e-10
6.2 12.2 3.34357e-09
6.4 12.2 1.46533e-08
6.6 12.2 5.9292e-08
6.8 12.2 2.21509e-07
7 12.2 7.64042e-07
7.2 12.2 2.43315e-06
7.4 12.2 7.15389e-06
7.6 12.2 1.94193e-05
7.8 12.2 4.86679e-05
8 12.2 0.000112607
8.2 12.2 0.000240544
8.4 12.2 0.000474389
8.6 12.2 0.000863734
8.8 12.2 0.00145188
9 12.2 0.00225311
9.2 12.2 0.00322802
9.4 12.2 0.00426963
9.6 12.2 0.00521367
9.8 12.2 0.00587754
10 12.2 0.00611711
10.2 12.2 0.00587754
10.4 12.2 0.00521367
10.6 12.2 0.00426963
10.8 12.2 0.00322802
11 12.2 0.00225311
11.2 12.2 0.00145188
11.4 12.2 0.000863734
11.6 12.2 0.000474389
11.8 12.2 0.000240544
12 12.2 0.000112607
12.2 12.2 4.86679e-05
12.4 12.2 1.94193e-05
12.6 12.2 7.15389e-06
12.8 12.2 2.43315e-06
13 12.2 7.64042e-07
13.2 12.2 2.21509e-07
13.4 12.2 5.9292e-08
13.6 12.2 1.46533e-08
13.8 12.2 3.34357e-09
14 12.2 7.04419e-10
14.2 12.2 1.37025e-10
14.4 12.2 2.46105e-11
14.6 12.2 4.08134e-12
14.8 12.2 6.24305e-13
5.2 12.4 2.49082e-13
5.4 12.4 1.62837e-12
5.6 12.4 9.8192e-12
5.8 12.4 5.46712e-11
6 12.4 2.81057e-10
6.2 12.4 1.33407e-09
6.4 12.4 5.84664e-09
6.6 12.4 2.36577e-08
6.8 12.4 8.83834e-08
7 12.4 3.04859e-07
7.2 12.4 9.70853e-07
7.4 12.4 2.8545e-06
7.6 12.4 7.74862e-06
7.8 12.4 1.94193e-05
8 12.4 4.49322e-05
8.2 12.4 9.59822e-05
8.4 12.4 0.000189292
8.6 12.4 0.00034465
8.8 12.4 0.000579334
9 12.4 0.000899047
9.2 12.4 0.00128806
9.4 12.4 0.00170369
9.6 12.4 0.00208039
9.8 12.4 0.0023453
10 12.4 0.00244089
10.2 12.4 0.0023453
10.4 12.4 0.00208039
10.6 12.4 0.00170369
10.8 12.4 0.00128806
11 12.4 0.000899047
11.2 12.4 0.000579334
11.4 12.4 0.00034465
11.6 12.4 0.000189292
11.8 12.4 9.59822e-05
12 12.4 4.49322e-05
12.2 12.4 1.94193e-05
12.4 12.4 7.74862e-06
12.6 12.4 2.8545e-06
12.8 12.4 9.70853e-07
13 12.4 3.04859e-07
13.2 12.4 8.83834e-08
13.4 12.4 2.36577e-08
13.6 12.4 5.84664e-09
13.8 12.4 1.33407e-09
14 12.4 2.81057e-10
14.2 12.4 5.46712e-11
14.4 12.4 9.8192e-12
14.6 12.4 1.62837e-12
14.8 12.4 2.49082e-13
5.2 12.6 9.17485e-14
5.4 12.6 5.99809e-13
5.6 12.6 3.61695e-12
5.8 12.6 2.01387e-11
6 12.6 1.03531e-10
6.2 12.6 4.91429e-10
6.4 12.6 2.15374e-09
6.6 12.6 8.71488e-09
6.8 12.6 3.25585e-08
7 12.6 1.12304e-07
7.2 12.6 3.57646e-07
7.4 12.6 1.05156e-06
7.6 12.6 2.8545e-06
7.8 12.6 7.15389e-06
8 12.6 1.65526e-05
8.2 12.6 3.53592e-05
8.4 12.6 6.9734e-05
8.6 12.6 0.000126968
8.8 12.6 0.000213425
9 12.6 0.000331207
9.2 12.6 0.00047452
9.4 12.6 0.000627638
9.6 12.6 0.000766414
9.8 12.6 0.000864005
10 12.6 0.000899223
10.2 12.6 0.000864005
10.4 12.6 0.000766414
10.6 12.6 0.000627638
10.8 12.6 0.00047452
11 12.6 0.000331207
11.2 12.6 0.000213425
11.4 12.6 0.000126968
11.6 12.6 6.9734e-05
11.8 12.6 3.53592e-05
12 12.6 1.65526e-05
12.2 12.6 7.15389e-06
12.4 12.6 2.8545e-06
12.6 12.6 1.05156e-06
12.8 12.6 3.57646e-07
13 12.6 1.12304e-07
13.2 12.6 3.25585e-08
13.4 12.6 8.71488e-09
13.6 12.6 2.15374e-09
13.8 12.6 4.91429e-10
14 12.6 1.03531e-10
14.2 12.6 2.01387e-11
14.4 12.6 3.61695e-12
14.6 12.6 5.99809e-13
14.8 12.6 9.17485e-14
5.2 12.8 3.12011e-14
5.4 12.8 2.0398e-13
5.6 12.8 1.23005e-12
5.8 12.8 6.84886e-12
6 12.8 3.52099e-11
6.2 12.8 1.67132e-10
6.4 12.8 7.32479e-10
6.6 12.8 2.96393e-09
6.8 12.8 1.10733e-08
7 12.8 3.81954e-08
7.2 12.8 1.21639e-07
7.4 12.8 3.57646e-07
7.6 12.8 9.70853e-07
7.8 12.8 2.43315e-06
8 12.8 5.62984e-06
8.2 12.8 1.20263e-05
8.4 12.8 2.37179e-05
8.6 12.8 4.31844e-05
8.8 12.8 7.25905e-05
9 12.8 0.000112651
9.2 12.8 0.000161396
9.4 12.8 0.000213475
9.6 12.8 0.000260677
9.8 12.8 0.00029387
10 12.8 0.000305848
10.2 12.8 0.00029387
10.4 12.8 0.000260677
10.6 12.8 0.000213475
10.8 12.8 0.000161396
11 12.8 0.000112651
11.2 12.8 7.25905e-05
11.4 12.8 4.31844e-05
11.6 12.8 2.37179e-05
11.8 12.8 1.20263e-05
12 12.8 5.62984e-06
12.2 12.8 2.43315e-06
12.4 12.8 9.70853e-07
12.6 12.8 3.57646e-07
12.8 12.8 1.21639e-07
13 12.8 3.81954e-08
13.2 12.8 1.10733e-08
13.4 12.8 2.96393e-09
13.6 12.8 7.32479e-10
13.8 12.8 1.67132e-10
14 12.8 3.52099e-11
14.2 12.8 6.84886e-12
14.4 12.8 1.23005e-12
14.6 12.8 2.0398e-13
14.8 12.8 3.12011e-14
5.2 13 9.79617e-15
5.4 13 6.40443e-14
5.6 13 3.8621e-13
5.8 13 2.15042e-12
6 13 1.10555e-11
6.2 13 5.24779e-11
6.4 13 2.29994e-10
6.6 13 9.3067e-10
6.8 13 3.47702e-09
7 13 1.19935e-08
7.2 13 3.81954e-08
7.4 13 1.12304e-07
7.6 13 3.04859e-07
7.8 13 7.64042e-07
8 13 1.76786e-06
8.2 13 3.77647e-06
8.4 13 7.44787e-06
8.6 13 1.35607e-05
8.8 13 2.27949e-05
9 13 3.53749e-05
9.2 13 5.06818e-05
9.4 13 6.70361e-05
9.6 13 8.18586e-05
9.8 13 9.22821e-05
10 13 9.60436e-05
10.2 13 9.22821e-05
10.4 13 8.18586e-05
10.6 13 6.70361e-05
10.8 13 5.06818e-05
11 13 3.53749e-05
11.2 13 2.27949e-05
11.4 13 1.35607e-05
11.6 13 7.44787e-06
11.8 13 3.77647e-06
12 13 1.76786e-06
12.2 13 7.64042e-07
12.4 13 3.04859e-07
12.6 13 1.12304e-07
12.8 13 3.81954e-08
13 13 1.19935e-08
13.2 13 3.47702e-09
13.4 13 9.3067e-10
13.6 13 2.29994e-10
13.8 13 5.24779e-11
14 13 1.10555e-11
14.2 13 2.15042e-12
14.4 13 3.8621e-13
14.6 13 6.40443e-14
14.8 13 9.79617e-15
5.2 13.2 2.83964e-15
5.4 13.2 1.85649e-14
5.6 13.2 1.11955e-13
5.8 13.2 6.23378e-13
6 13.2 3.20487e-12
6.2 13.2 1.52131e-11
6.4 13.2 6.66751e-11
6.6 13.2 2.69803e-10
6.8 13.2 1.00801e-09
7 13.2 3.47702e-09
7.2 13.2 1.10733e-08
7.4 13.2 3.25585e-08
7.6 13.2 8.83834e-08
7.8 13.2 2.21509e-07
8 13.2 5.12536e-07
8.2 13.2 1.09488e-06
8.4 13.2 2.15931e-06
8.6 13.2 3.93158e-06
8.8 13.2 6.60882e-06
9 13.2 1.02561e-05
9.2 13.2 1.4694e-05
9.4 13.2 1.94356e-05
9.6 13.2 2.3733e-05
9.8 13.2 2.67551e-05
10 13.2 2.78457e-05
10.2 13.2 2.67551e-05
10.4 13.2 2.3733e-05
10.6 13.2 1.94356e-05
10.8 13.2 1.4694e-05
11 13.2 1.02561e-05
11.2 13.2 6.60882e-06
11.4 13.2 3.93158e-06
11.6 13.2 2.15931e-06
11.8 13.2 1.09488e-06
12 13.2 5.12536e-07
12.2 13.2 2.21509e-07
12.4 13.2 8.83834e-08
12.6 13.2 3.25585e-08
12.8 13.2 1.10733e-08
13 13.2 3.47702e-09
13.2 13.2 1.00801e-09
13.4 13.2 2.69803e-10
13.6 13.2 6.66751e-11
13.8 13.2 1.52131e-11
14 13.2 3.20487e-12
14.2 13.2 6.23378e-13
14.4 13.2 1.11955e-13
14.6 13.2 1.85649e-14
14.8 13.2 2.83964e-15
5.2 13.4 7.59967e-16
5.4 13.4 4.96856e-15
5.6 13.4 2.99633e-14
5.8 13.4 1.66842e-13
6 13.4 8.57771e-13
6.2 13.4 4.07177e-12
6.4 13.4 1.78458e-11
6.6 13.4 7.22147e-11
6.8 13.4 2.69803e-10
7 13.4 9.3067e-10
7.2 13.4 2.96393e-09
7.4 13.4 8.71488e-09
7.6 13.4 2.36577e-08
7.8 13.4 5.9292e-08
8 13.4 1.37193e-07
8.2 13.4 2.93073e-07
8.4 13.4 5.77998e-07
8.6 13.4 1.0524e-06
8.8 13.4 1.76905e-06
9 13.4 2.74536e-06
9.2 13.4 3.93331e-06
9.4 13.4 5.20255e-06
9.6 13.4 6.35292e-06
9.8 13.4 7.16189e-06
10 13.4 7.45382e-06
10.2 13.4 7.16189e-06
10.4 13.4 6.35292e-06
10.6 13.4 5.20255e-06
10.8 13.4 3.93331e-06
11 13.4 2.74536e-06
11.2 13.4 1.76905e-06
11.4 13.4 1.0524e-06
11.6 13.4 5.77998e-07
11.8 13.4 2.93073e-07
12 13.4 1.37193e-07
12.2 13.4 5.9292e-08
12.4 13.4 2.36577e-08
12.6 13.4 8.71488e-09
12.8 13.4 2.96393e-09
13 13.4 9.3067e-10
13.2 13.4 2.69803e-10
13.4 13.4 7.22147e-11
13.6 13.4 1.78458e-11
13.8 13.4 4.07177e-12
14 13.4 8.57771e-13
14.2 13.4 1.66842e-13
14.4 13.4 2.99633e-14
14.6 13.4 4.96856e-15
14.8 13.4 7.59967e-16
5.2 13.6 1.87782e-16
5.4 13.6 1.22771e-15
5.6 13.6 7.40396e-15
5.8 13.6 4.12276e-14
6 13.6 2.11964e-13
6.2 13.6 1.00619e-12
6.4 13.6 4.41003e-12
6.6 13.6 1.78458e-11
6.8 13.6 6.66751e-11
7 13.6 2.29994e-10
7.2 13.6 7.32479e-10
7.4 13.6 2.15374e-09
7.6 13.6 5.84664e-09
7.8 13.6 1.46533e-08
8 13.6 3.39057e-08
8.2 13.6 7.24302e-08
8.4 13.6 1.42848e-07
8.6 13.6 2.60094e-07
8.8 13.6 4.3721e-07
9 13.6 6.78503e-07
9.2 13.6 9.72103e-07
9.4 13.6 1.28579e-06
9.6 13.6 1.5701e-06
9.8 13.6 1.77004e-06
10 13.6 1.84219e-06
10.2 13.6 1.77004e-06
10.4 13.6 1.5701e-06
10.6 13.6 1.28579e-06
10.8 13.6 9.72103e-07
11 13.6 6.78503e-07
11.2 13.6 4.3721e-07
11.4 13.6 2.60094e-07
11.6 13.6 1.42848e-07
11.8 13.6 7.24302e-08
12 13.6 3.39057e-08
12.2 13.6 1.46533e-08
12.4 13.6 5.84664e-09
12.6 13.6 2.15374e-09
12.8 13.6 7.32479e-10
13 13.6 2.29994e-10
13.2 13.6 6.66751e-11
13.4 13.6 1.78458e-11
13.6 13.6 4.41003e-12
13.8 13.6 1.00619e-12
14 13.6 2.11964e-13
14.2 13.6 4.12276e-14
14.4 13.6 7.40396e-15
14.6 13.6 1.22771e-15
14.8 13.6 1.87782e-16
5.2 13.8 4.28395e-17
5.4 13.8 2.80088e-16
5.6 13.8 1.68916e-15
5.8 13.8 9.406e-15
6 13.8 4.83601e-14
6.2 13.8 2.2957e-13
6.4 13.8 1.00619e-12
6.6 13.8 4.07177e-12
6.8 13.8 1.52131e-11
7 13.8 5.24779e-11
7.2 13.8 1.67132e-10
7.4 13.8 4.91429e-10
7.6 13.8 1.33407e-09
7.8 13.8 3.34357e-09
8 13.8 7.73665e-09
8.2 13.8 1.65273e-08
8.4 13.8 3.25956e-08
8.6 13.8 5.93498e-08
8.8 13.8 9.97656e-08
9 13.8 1.54826e-07
9.2 13.8 2.21823e-07
9.4 13.8 2.93404e-07
9.6 13.8 3.58281e-07
9.8 13.8 4.03905e-07
10 13.8 4.20369e-07
10.2 13.8 4.03905e-07
10.4 13.8 3.58281e-07
10.6 13.8 2.93404e-07
10.8 13.8 2.21823e-07
11 13.8 1.54826e-07
11.2 13.8 9.97656e-08
11.4 13.8 5.93498e-08
11.6 13.8 3.25956e-08
11.8 13.8 1.65273e-08
12 13.8 7.73665e-09
12.2 13.8 3.34357e-09
12.4 13.8 1.33407e-09
12.6 13.8 4.91429e-10
12.8 13.8 1.67132e-10
13 13.8 5.24779e-11
13.2 13.8 1.52131e-11
13.4 13.8 4.07177e-12
13.6 13.8 1.00619e-12
13.8 13.8 2.2957e-13
14 13.8 4.83601e-14
14.2 13.8 9.406e-15
14.4 13.8 1.68916e-15
14.6 13.8 2.80088e-16
14.8 13.8 4.28395e-17
5.2 14 9.02343e-18
5.4 14 5.8997e-17
5.6 14 3.55809e-16
5.8 14 1.98135e-15
6 14 1.01871e-14
6.2 14 4.83601e-14
6.4 14 2.11964e-13
6.6 14 8.57771e-13
6.8 14 3.20487e-12
7 14 1.10555e-11
7.2 14 3.52099e-11
7.4 14 1.03531e-10
7.6 14 2.81057e-10
7.8 14 7.04419e-10
8 14 1.62996e-09
8.2 14 3.48201e-09
8.4 14 6.86735e-09
8.6 14 1.25041e-08
8.8 14 2.10192e-08
9 14 3.26197e-08
9.2 14 4.67352e-08
9.4 14 6.18166e-08
9.6 14 7.54856e-08
9.8 14 8.50981e-08
10 14 8.85669e-08
10.2 14 8.50981e-08
10.4 14 7.54856e-08
10.6 14 6.18166e-08
10.8 14 4.67352e-08
11 14 3.26197e-08
11.2 14 2.10192e-08
11.4 14 1.25041e-08
11.6 14 6.86735e-09
11.8 14 3.48201e-09
12 14 1.62996e-09
12.2 14 7.04419e-10
12.4 14 2.81057e-10
12.6 14 1.03531e-10
12.8 14 3.52099e-11
13 14 1.10555e-11
13.2 14 3.20487e-12
13.4 14 8.57771e-13
13.6 14 2.11964e-13
13.8 14 4.83601e-14
14 14 1.01871e-14
14.2 14 1.98135e-15
14.4 14 3.55809e-16
14.6 14 5.8997e-17
14.8 14 9.02343e-18
5.2 14.2 1.75485e-18
5.4 14.2 1.14738e-17
5.6 14.2 6.91999e-17
5.8 14.2 3.85353e-16
6 14.2 1.98135e-15
6.2 14.2 9.406e-15
6.4 14.2 4.12276e-14
6.6 14.2 1.66842e-13
6.8 14.2 6.23378e-13
7 14.2 2.15042e-12
7.2 14.2 6.84886e-12
7.4 14.2 2.01387e-11
7.6 14.2 5.46712e-11
7.8 14.2 1.37025e-10
8 14.2 3.17066e-10
8.2 14.2 6.77339e-10
8.4 14.2 1.33588e-09
8.6 14.2 2.43239e-09
8.8 14.2 4.08884e-09
9 14.2 6.34551e-09
9.2 14.2 9.09142e-09
9.4 14.2 1.20253e-08
9.6 14.2 1.46843e-08
9.8 14.2 1.65543e-08
10 14.2 1.72291e-08
10.2 14.2 1.65543e-08
10.4 14.2 1.46843e-08
10.6 14.2 1.20253e-08
10.8 14.2 9.09142e-09
11 14.2 6.34551e-09
11.2 14.2 4.08884e-09
11.4 14.2 2.43239e-09
11.6 14.2 1.33588e-09
11.8 14.2 6.77339e-10
12 14.2 3.17066e-10
12.2 14.2 1.37025e-10
12.4 14.2 5.46712e-11
12.6 14.2 2.01387e-11
12.8 14.2 6.84886e-12
13 14.2 2.15042e-12
13.2 14.2 6.23378e-13
13.4 14.2 1.66842e-13
13.6 14.2 4.12276e-14
13.8 14.2 9.406e-15
14 14.2 1.98135e-15
14.2 14.2 3.85353e-16
14.4 14.2 6.91999e-17
14.6 14.2 1.14738e-17
14.8 14.2 1.75485e-18
5.2 14.4 3.15104e-19
5.4 14.4 2.0603e-18
5.6 14.4 1.24263e-17
5.8 14.4 6.91999e-17
6 14.4 3.55809e-16
6.2 14.4 1.68916e-15
6.4 14.4 7.40396e-15
6.6 14.4 2.99633e-14
6.8 14.4 1.11955e-13
7 14.4 3.8621e-13
7.2 14.4 1.23005e-12
7.4 14.4 3.61695e-12
7.6 14.4 9.8192e-12
7.8 14.4 2.46105e-11
8 14.4 5.69476e-11
8.2 14.4 1.21657e-10
8.4 14.4 2.39939e-10
8.6 14.4 4.36888e-10
8.8 14.4 7.34411e-10
9 14.4 1.13974e-09
9.2 14.4 1.63296e-09
9.4 14.4 2.15992e-09
9.6 14.4 2.63754e-09
9.8 14.4 2.97342e-09
10 14.4 3.09462e-09
10.2 14.4 2.97342e-09
10.4 14.4 2.63754e-09
10.6 14.4 2.15992e-09
10.8 14.4 1.63296e-09
11 14.4 1.13974e-09
11.2 14.4 7.34411e-10
11.4 14.4 4.36888e-10
11.6 14.4 2.39939e-10
11.8 14.4 1.21657e-10
12 14.4 5.69476e-11
12.2 14.4 2.46105e-11
12.4 14.4 9.8192e-12
12.6 14.4 3.61695e-12
12.8 14.4 1.23005e-12
13 14.4 3.8621e-13
13.2 14.4 1.11955e-13
13.4 14.4 2.99633e-14
13.6 14.4 7.40396e-15
13.8 14.4 1.68916e-15
14 14.4 3.55809e-16
14.2 14.4 6.91999e-17
14.4 14.4 1.24263e-17
14.6 14.4 2.0603e-18
14.8 14.4 3.15104e-19
5.2 14.6 5.2242e-20
5.4 14.6 3.4159e-19
5.6 14.6 2.0603e-18
5.8 14.6 1.14738e-17
6 14.6 5.8997e-17
6.2 14.6 2.80088e-16
6.4 14.6 1.22771e-15
6.6 14.6 4.96856e-15
6.8 14.6 1.85649e-14
7 14.6 6.40443e-14
7.2 14.6 2.0398e-13
7.4 14.6 5.99809e-13
7.6 14.6 1.62837e-12
7.8 14.6 4.08134e-12
8 14.6 9.44411e-12
8.2 14.6 2.01756e-11
8.4 14.6 3.9792e-11
8.6 14.6 7.24547e-11
8.8 14.6 1.21798e-10
9 14.6 1.89021e-10
9.2 14.6 2.70818e-10
9.4 14.6 3.58215e-10
9.6 14.6 4.37427e-10
9.8 14.6 4.93131e-10
10 14.6 5.13234e-10
10.2 14.6 4.93131e-10
10.4 14.6 4.37427e-10
10.6 14.6 3.58215e-10
10.8 14.6 2.70818e-10
11 14.6 1.89021e-10
11.2 14.6 1.21798e-10
11.4 14.6 7.24547e-11
11.6 14.6 3.9792e-11
11.8 14.6 2.01756e-11
12 14.6 9.44411e-12
12.2 14.6 4.08134e-12
12.4 14.6 1.62837e-12
12.6 14.6 5.99809e-13
12.8 14.6 2.0398e-13
13 14.6 6.40443e-14
13.2 14.6 1.85649e-14
13.4 14.6 4.96856e-15
13.6 14.6 1.22771e-15
13.8 14.6 2.80088e-16
14 14.6 5.8997e-17
14.2 14.6 1.14738e-17
14.4 14.6 2.0603e-18
14.6 14.6 3.4159e-19
14.8 14.6 5.2242e-20
5.2 14.8 7.98964e-21
5.4 14.8 5.2242e-20
5.6 14.8 3.15104e-19
5.8 14.8 1.75485e-18
6 14.8 9.02343e-18
6.2 14.8 4.28395e-17
6.4 14.8 1.87782e-16
6.6 14.8 7.59967e-16
6.8 14.8 2.83964e-15
7 14.8 9.79617e-15
7.2 14.8 3.12011e-14
7.4 14.8 9.17485e-14
7.6 14.8 2.49082e-13
7.8 14.8 6.24305e-13
8 14.8 1.44464e-12
8.2 14.8 3.08622e-12
8.4 14.8 6.08694e-12
8.6 14.8 1.10834e-11
8.8 14.8 1.86314e-11
9 14.8 2.89147e-11
9.2 14.8 4.14275e-11
9.4 14.8 5.47969e-11
9.6 14.8 6.69142e-11
9.8 14.8 7.54355e-11
10 14.8 7.85106e-11
10.2 14.8 7.54355e-11
10.4 14.8 6.69142e-11
10.6 14.8 5.47969e-11
10.8 14.8 4.14275e-11
11 14.8 2.89147e-11
11.2 14.8 1.86314e-11
11.4 14.8 1.10834e-11
11.6 14.8 6.08694e-12
11.8 14.8 3.08622e-12
12 14.8 1.44464e-12
12.2 14.8 6.24305e-13
12.4 14.8 2.49082e-13
12.6 14.8 9.17485e-14
12.8 14.8 3.12011e-14
13 14.8 9.79617e-15
13.2 14.8 2.83964e-15
13.4 14.8 7.59967e-16
13.6 14.8 1.87782e-16
13.8 14.8 4.28395e-17
14 14.8 9.02343e-18
14.2 14.8 1.75485e-18
14.4 14.8 3.15104e-19
14.6 14.8 5.2242e-20
14.8 14.8 7.98964e-21

