5.2 5.2 3.10303e-21
5.4 5.2 2.0217e-20
5.6 5.2 1.21375e-19
5.8 5.2 6.73037e-19
6 5.2 3.44694e-18
6.2 5.2 1.63043e-17
6.4 5.2 7.12247e-17
6.6 5.2 2.87348e-16
6.8 5.2 1.0706e-15
7 5.2 3.68359e-15
7.2 5.2 1.17041e-14
7.4 5.2 3.43411e-14
7.6 5.2 9.30452e-14
7.8 5.2 2.32793e-13
8 5.2 5.37818e-13
8.2 5.2 1.14732e-12
8.4 5.2 2.26e-12
8.6 5.2 4.11062e-12
8.8 5.2 6.90359e-12
9 5.2 1.07055e-11
9.2 5.2 1.53286e-11
9.4 5.2 2.02654e-11
9.6 5.2 2.47381e-11
9.8 5.2 2.78826e-11
10 5.2 2.90172e-11
10.2 5.2 2.78826e-11
10.4 5.2 2.47381e-11
10.6 5.2 2.02654e-11
10.8 5.2 1.53286e-11
11 5.2 1.07055e-11
11.2 5.2 6.90359e-12
11.4 5.2 4.11062e-12
11.6 5.2 2.26e-12
11.8 5.2 1.14732e-12
12 5.2 5.37818e-13
12.2 5.2 2.32793e-13
12.4 5.2 9.30452e-14
12.6 5.2 3.43411e-14
12.8 5.2 1.17041e-14
13 5.2 3.68359e-15
13.2 5.2 1.0706e-15
13.4 5.2 2.87348e-16
13.6 5.2 7.12247e-17
13.8 5.2 1.63043e-17
14 5.2 3.44694e-18
14.2 5.2 6.73037e-19
14.4 5.2 1.21375e-19
14.6 5.2 2.0217e-20
14.8 5.2 3.10303e-21
5.2 5.4 2.0217e-20
5.4 5.4 1.31713e-19
5.6 5.4 7.90706e-19
5.8 5.4 4.38431e-18
6 5.4 2.2453e-17
6.2 5.4 1.06199e-16
6.4 5.4 4.63908e-16
6.6 5.4 1.87151e-15
6.8 5.4 6.97258e-15
7 5.4 2.39897e-14
7.2 5.4 7.62213e-14
7.4 5.4 2.23636e-13
7.6 5.4 6.05912e-13
7.8 5.4 1.51592e-12
8 5.4 3.50212e-12
8.2 5.4 7.47087e-12
8.4 5.4 1.4716e-11
8.6 5.4 2.67659e-11
8.8 5.4 4.49515e-11
9 5.4 6.97063e-11
9.2 5.4 9.98074e-11
9.4 5.4 1.31951e-10
9.6 5.4 1.61073e-10
9.8 5.4 1.81547e-10
10 5.4 1.88934e-10
10.2 5.4 1.81547e-10
10.4 5.4 1.61073e-10
10.6 5.4 1.31951e-10
10.8 5.4 9.98074e-11
11 5.4 6.97063e-11
11.2 5.4 4.49515e-11
11.4 5.4 2.67659e-11
11.6 5.4 1.4716e-11
11.8 5.4 7.47087e-12
12 5.4 3.50212e-12
12.2 5.4 1.51592e-12
12.4 5.4 6.05912e-13
12.6 5.4 2.23636e-13
12.8 5.4 7.62213e-14
13 5.4 2.39897e-14
13.2 5.4 6.97258e-15
13.4 5.4 1.87151e-15
13.6 5.4 4.63908e-16
13.8 5.4 1.06199e-16
14 5.4 2.2453e-17
14.2 5.4 4.38431e-18
14.4 5.4 7.90706e-19
14.6 5.4 1.31713e-19
14.8 5.4 2.0217e-20
5.2 5.6 1.21375e-19
5.4 5.6 7.90706e-19
5.6 5.6 4.74644e-18
5.8 5.6 2.63162e-17
6 5.6 1.34762e-16
6.2 5.6 6.37367e-16
6.4 5.6 2.78403e-15
6.6 5.6 1.12308e-14
6.8 5.6 4.184e-14
7 5.6 1.43947e-13
7.2 5.6 4.57339e-13
7.4 5.6 1.3418e-12
7.6 5.6 3.63531e-12
7.8 5.6 9.09482e-12
8 5.6 2.10106e-11
8.2 5.6 4.48195e-11
8.4 5.6 8.8283e-11
8.6 5.6 1.60569e-10
8.8 5.6 2.6966e-10
9 5.6 4.18156e-10
9.2 5.6 5.9872e-10
9.4 5.6 7.91537e-10
9.6 5.6 9.66224e-10
9.8 5.6 1.08904e-09
10 5.6 1.13335e-09
10.2 5.6 1.08904e-09
10.4 5.6 9.66224e-10
10.6 5.6 7.91537e-10
10.8 5.6 5.9872e-10
11 5.6 4.18156e-10
11.2 5.6 2.6966e-10
11.4 5.6 1.60569e-10
11.6 5.6 8.8283e-11
11.8 5.6 4.48195e-11
12 5.6 2.10106e-11
12.2 5.6 9.09482e-12
12.4 5.6 3.63531e-12
12.6 5.6 1.3418e-12
12.8 5.6 4.57339e-13
13 5.6 1.43947e-13
13.2 5.6 4.184e-14
13.4 5.6 1.12308e-14
13.6 5.6 2.78403e-15
13.8 5.6 6.37367e-16
14 5.6 1.34762e-16
14.2 5.6 2.63162e-17
14.4 5.6 4.74644e-18
14.6 5.6 7.90706e-19
14.8 5.6 1.21375e-19
5.2 5.8 6.73037e-19
5.4 5.8 4.38431e-18
5.6 5.8 2.63162e-17
5.8 5.8 1.45899e-16
6 5.8 7.47083e-16
6.2 5.8 3.53317e-15
6.4 5.8 1.54322e-14
6.6 5.8 6.22506e-14
6.8 5.8 2.31902e-13
7 5.8 7.97808e-13
7.2 5.8 2.53464e-12
7.4 5.8 7.43618e-12
7.6 5.8 2.01461e-11
7.8 5.8 5.04e-11
8 5.8 1.1643e-10
8.2 5.8 2.48361e-10
8.4 5.8 4.89197e-10
8.6 5.8 8.89736e-10
8.8 5.8 1.4942e-09
9 5.8 2.317e-09
9.2 5.8 3.31748e-09
9.4 5.8 4.38583e-09
9.6 5.8 5.35372e-09
9.8 5.8 6.03418e-09
10 5.8 6.27971e-09
10.2 5.8 6.03418e-09
10.4 5.8 5.35372e-09
10.6 5.8 4.38583e-09
10.8 5.8 3.31748e-09
11 5.8 2.317e-09
11.2 5.8 1.4942e-09
11.4 5.8 8.89736e-10
11.6 5.8 4.89197e-10
11.8 5.8 2.48361e-10
12 5.8 1.1643e-10
12.2 5.8 5.04e-11
12.4 5.8 2.01461e-11
12.6 5.8 7.43618e-12
12.8 5.8 2.53464e-12
13 5.8 7.97808e-13
13.2 5.8 2.31902e-13
13.4 5.8 6.22506e-14
13.6 5.8 1.54322e-14
13.8 5.8 3.53317e-15
14 5.8 7.47083e-16
14.2 5.8 1.45899e-16
14.4 5.8 2.63162e-17
14.6 5.8 4.38431e-18
14.8 5.8 6.73037e-19
5.2 6 3.44694e-18
5.4 6 2.2453e-17
5.6 6 1.34762e-16
5.8 6 7.47083e-16
6 6 3.82527e-15
6.2 6 1.80898e-14
6.4 6 7.90088e-14
6.6 6 3.18693e-13
6.8 6 1.18718e-12
7 6 4.08406e-12
7.2 6 1.29746e-11
7.4 6 3.8064e-11
7.6 6 1.0312e-10
7.8 6 2.57971e-10
8 6 5.95929e-10
8.2 6 1.27117e-09
8.4 6 2.50379e-09
8.6 6 4.55373e-09
8.8 6 7.64734e-09
9 6 1.18583e-08
9.2 6 1.69785e-08
9.4 6 2.2446e-08
9.6 6 2.73994e-08
9.8 6 3.08819e-08
10 6 3.21384e-08
10.2 6 3.08819e-08
10.4 6 2.73994e-08
10.6 6 2.2446e-08
10.8 6 1.69785e-08
11 6 1.18583e-08
11.2 6 7.64734e-09
11.4 6 4.55373e-09
11.6 6 2.50379e-09
11.8 6 1.27117e-09
12 6 5.95929e-10
12.2 6 2.57971e-10
12.4 6 1.0312e-10
12.6 6 3.8064e-11
12.8 6 1.29746e-11
13 6 4.08406e-12
13.2 6 1.18718e-12
13.4 6 3.18693e-13
13.6 6 7.90088e-14
13.8 6 1.80898e-14
14 6 3.82527e-15
14.2 6 7.47083e-16
14.4 6 1.34762e-16
14.6 6 2.2453e-17
14.8 6 3.44694e-18
5.2 6.2 1.63043e-17
5.4 6.2 1.06199e-16
5.6 6.2 6.37367e-16
5.8 6.2 3.53317e-15
6 6.2 1.80898e-14
6.2 6.2 8.55434e-14
6.4 6.2 3.73601e-13
6.6 6.2 1.50691e-12
6.8 6.2 5.61322e-12
7 6.2 1.93096e-11
7.2 6.2 6.13426e-11
7.4 6.2 1.79957e-10
7.6 6.2 4.87512e-10
7.8 6.2 1.21956e-09
8 6.2 2.8172e-09
8.2 6.2 6.00923e-09
8.4 6.2 1.1836e-08
8.6 6.2 2.15262e-08
8.8 6.2 3.61497e-08
9 6.2 5.60546e-08
9.2 6.2 8.02574e-08
9.4 6.2 1.06102e-07
9.6 6.2 1.29516e-07
9.8 6.2 1.45977e-07
10 6.2 1.51916e-07
10.2 6.2 1.45977e-07
10.4 6.2 1.29516e-07
10.6 6.2 1.06102e-07
10.8 6.2 8.02574e-08
11 6.2 5.60546e-08
11.2 6.2 3.61497e-08
11.4 6.2 2.15262e-08
11.6 6.2 1.1836e-08
11.8 6.2 6.00923e-09
12 6.2 2.8172e-09
12.2 6.2 1.21956e-09
12.4 6.2 4.87512e-10
12.6 6.2 1.79957e-10
12.8 6.2 6.13426e-11
13 6.2 1.93096e-11
13.2 6.2 5.61322e-12
13.4 6.2 1.50691e-12
13.6 6.2 3.73601e-13
13.8 6.2 8.55434e-14
14 6.2 1.80898e-14
14.2 6.2 3.53317e-15
14.4 6.2 6.37367e-16
14.6 6.2 1.06199e-16
14.8 6.2 1.63043e-17
5.2 6.4 7.12247e-17
5.4 6.4 4.63908e-16
5.6 6.4 2.78403e-15
5.8 6.4 1.54322e-14
6 6.4 7.90088e-14
6.2 6.4 3.73601e-13
6.4 6.4 1.63159e-12
6.6 6.4 6.5807e-12
6.8 6.4 2.45122e-11
7 6.4 8.43198e-11
7.2 6.4 2.67858e-10
7.4 6.4 7.85778e-10
7.6 6.4 2.12866e-09
7.8 6.4 5.32493e-09
8 6.4 1.23004e-08
8.2 6.4 2.62369e-08
8.4 6.4 5.16762e-08
8.6 6.4 9.39827e-08
8.8 6.4 1.57826e-07
9 6.4 2.44727e-07
9.2 6.4 3.50391e-07
9.4 6.4 4.6322e-07
9.6 6.4 5.65439e-07
9.8 6.4 6.37301e-07
10 6.4 6.63231e-07
10.2 6.4 6.37301e-07
10.4 6.4 5.65439e-07
10.6 6.4 4.6322e-07
10.8 6.4 3.50391e-07
11 6.4 2.44727e-07
11.2 6.4 1.57826e-07
11.4 6.4 9.39827e-08
11.6 6.4 5.16762e-08
11.8 6.4 2.62369e-08
12 6.4 1.23004e-08
12.2 6.4 5.32493e-09
12.4 6.4 2.12866e-09
12.6 6.4 7.85778e-10
12.8 6.4 2.67858e-10
13 6.4 8.43198e-11
13.2 6.4 2.45122e-11
13.4 6.4 6.5807e-12
13.6 6.4 1.63159e-12
13.8 6.4 3.73601e-13
14 6.4 7.90088e-14
14.2 6.4 1.54322e-14
14.4 6.4 2.78403e-15
14.6 6.4 4.63908e-16
14.8 6.4 7.12247e-17
5.2 6.6 2.87348e-16
5.4 6.6 1.87151e-15
5.6 6.6 1.12308e-14
5.8 6.6 6.22506e-14
6 6.6 3.18693e-13
6.2 6.6 1.50691e-12
6.4 6.6 6.5807e-12
6.6 6.6 2.65411e-11
6.8 6.6 9.88584e-11
7 6.6 3.40054e-10
7.2 6.6 1.08022e-09
7.4 6.6 3.1688e-09
7.6 6.6 8.58402e-09
7.8 6.6 2.14729e-08
8 6.6 4.96005e-08
8.2 6.6 1.05797e-07
8.4 6.6 2.08375e-07
8.6 6.6 3.78963e-07
8.8 6.6 6.36391e-07
9 6.6 9.86785e-07
9.2 6.6 1.41283e-06
9.4 6.6 1.86776e-06
9.6 6.6 2.27991e-06
9.8 6.6 2.56966e-06
10 6.6 2.67421e-06
10.2 6.6 2.56966e-06
10.4 6.6 2.27991e-06
10.6 6.6 1.86776e-06
10.8 6.6 1.41283e-06
11 6.6 9.86785e-07
11.2 6.6 6.36391e-07
11.4 6.6 3.78963e-07
11.6 6.6 2.08375e-07
11.8 6.6 1.05797e-07
12 6.6 4.96005e-08
12.2 6.6 2.14729e-08
12.4 6.6 8.58402e-09
12.6 6.6 3.1688e-09
12.8 6.6 1.08022e-09
13 6.6 3.40054e-10
13.2 6.6 9.88584e-11
13.4 6.6 2.65411e-11
13.6 6.6 6.5807e-12
13.8 6.6 1.50691e-12
14 6.6 3.18693e-13
14.2 6.6 6.22506e-14
14.4 6.6 1.12308e-14
14.6 6.6 1.87151e-15
14.8 6.6 2.87348e-16
5.2 6.8 1.0706e-15
5.4 6.8 6.97258e-15
5.6 6.8 4.184e-14
5.8 6.8 2.31902e-13
6 6.8 1.18718e-12
6.2 6.8 5.61322e-12
6.4 6.8 2.45122e-11
6.6 6.8 9.88584e-11
6.8 6.8 3.6821e-10
7 6.8 1.26654e-09
7.2 6.8 4.02319e-09
7.4 6.8 1.18017e-08
7.6 6.8 3.19691e-08
7.8 6.8 7.99689e-08
8 6.8 1.84718e-07
8.2 6.8 3.93995e-07
8.4 6.8 7.7599e-07
8.6 6.8 1.41125e-06
8.8 6.8 2.36988e-06
9 6.8 3.67469e-06
9.2 6.8 5.26119e-06
9.4 6.8 6.95528e-06
9.6 6.8 8.49002e-06
9.8 6.8 9.56899e-06
10 6.8 9.9583e-06
10.2 6.8 9.56899e-06
10.4 6.8 8.49002e-06
10.6 6.8 6.95528e-06
10.8 6.8 5.26119e-06
11 6.8 3.67469e-06
11.2 6.8 2.36988e-06
11.4 6.8 1.41125e-06
11.6 6.8 7.7599e-07
11.8 6.8 3.93995e-07
12 6.8 1.84718e-07
12.2 6.8 7.99689e-08
12.4 6.8 3.19691e-08
12.6 6.8 1.18017e-08
12.8 6.8 4.02319e-09
13 6.8 1.26654e-09
13.2 6.8 3.6821e-10
13.4 6.8 9.88584e-11
13.6 6.8 2.45122e-11
13.8 6.8 5.61322e-12
14 6.8 1.18718e-12
14.2 6.8 2.31902e-13
14.4 6.8 4.184e-14
14.6 6.8 6.97258e-15
14.8 6.8 1.0706e-15
5.2 7 3.68359e-15
5.4 7 2.39897e-14
5.6 7 1.43947e-13
5.8 7 7.97808e-13
6 7 4.08406e-12
6.2 7 1.93096e-11
6.4 7 8.43198e-11
6.6 7 3.40054e-10
6.8 7 1.26654e-09
7 7 4.35641e-09
7.2 7 1.38379e-08
7.4 7 4.05915e-08
7.6 7 1.09954e-07
7.8 7 2.7504e-07
8 7 6.35299e-07
8.2 7 1.35504e-06
8.4 7 2.66878e-06
8.6 7 4.8535e-06
8.8 7 8.1503e-06
9 7 1.26376e-05
9.2 7 1.80936e-05
9.4 7 2.39196e-05
9.6 7 2.91976e-05
9.8 7 3.29081e-05
10 7 3.4247e-05
10.2 7 3.29081e-05
10.4 7 2.91976e-05
10.6 7 2.39196e-05
10.8 7 1.80936e-05
11 7 1.26376e-05
11.2 7 8.1503e-06
11.4 7 4.8535e-06
11.6 7 2.66878e-06
11.8 7 1.35504e-06
12 7 6.35299e-07
12.2 7 2.7504e-07
12.4 7 1.09954e-07
12.6 7 4.05915e-08
12.8 7 1.38379e-08
13 7 4.35641e-09
13.2 7 1.26654e-09
13.4 7 3.40054e-10
13.6 7 8.43198e-11
13.8 7 1.93096e-11
14 7 4.08406e-12
14.2 7 7.97808e-13
14.4 7 1.43947e-13
14.6 7 2.39897e-14
14.8 7 3.68359e-15
5.2 7.2 1.17041e-14
5.4 7.2 7.62213e-14
5.6 7.2 4.57339e-13
5.8 7.2 2.53464e-12
6 7.2 1.29746e-11
6.2 7.2 6.13426e-11
6.4 7.2 2.67858e-10
6.6 7.2 1.08022e-09
6.8 7.2 4.02319e-09
7 7.2 1.38379e-08
7.2 7.2 4.39546e-08
7.4 7.2 1.28932e-07
7.6 7.2 3.49244e-07
7.8 7.2 8.73586e-07
8 7.2 2.01781e-06
8.2 7.2 4.30378e-06
8.4 7.2 8.47628e-06
8.6 7.2 1.5415e-05
8.8 7.2 2.58856e-05
9 7.2 4.01371e-05
9.2 7.2 5.74652e-05
9.4 7.2 7.5968e-05
9.6 7.2 9.27305e-05
9.8 7.2 0.000104515
10 7.2 0.000108767
10.2 7.2 0.000104515
10.4 7.2 9.27305e-05
10.6 7.2 7.5968e-05
10.8 7.2 5.74652e-05
11 7.2 4.01371e-05
11.2 7.2 2.58856e-05
11.4 7.2 1.5415e-05
11.6 7.2 8.47628e-06
11.8 7.2 4.30378e-06
12 7.2 2.01781e-06
12.2 7.2 8.73586e-07
12.4 7.2 3.49244e-07
12.6 7.2 1.28932e-07
12.8 7.2 4.39546e-08
13 7.2 1.38379e-08
13.2 7.2 4.02319e-09
13.4 7.2 1.08022e-09
13.6 7.2 2.67858e-10
13.8 7.2 6.13426e-11
14 7.2 1.29746e-11
14.2 7.2 2.53464e-12
14.4 7.2 4.57339e-13
14.6 7.2 7.62213e-14
14.8 7.2 1.17041e-14
5.2 7.4 3.43411e-14
5.4 7.4 2.23636e-13
5.6 7.4 1.3418e-12
5.8 7.4 7.43618e-12
6 7.4 3.8064e-11
6.2 7.4 1.79957e-10
6.4 7.4 7.85778e-10
6.6 7.4 3.1688e-09
6.8 7.4 1.18017e-08
7 7.4 4.05915e-08
7.2 7.4 1.28932e-07
7.4 7.4 3.78187e-07
7.6 7.4 1.0244e-06
7.8 7.4 2.56236e-06
8 7.4 5.91847e-06
8.2 7.4 1.26233e-05
8.4 7.4 2.48613e-05
8.6 7.4 4.52124e-05
8.8 7.4 7.59223e-05
9 7.4 0.000117721
9.2 7.4 0.000168543
9.4 7.4 0.00022281
9.6 7.4 0.000271973
9.8 7.4 0.000306535
10 7.4 0.000319006
10.2 7.4 0.000306535
10.4 7.4 0.000271973
10.6 7.4 0.00022281
10.8 7.4 0.000168543
11 7.4 0.000117721
11.2 7.4 7.59223e-05
11.4 7.4 4.52124e-05
11.6 7.4 2.48613e-05
11.8 7.4 1.26233e-05
12 7.4 5.91847e-06
12.2 7.4 2.56236e-06
12.4 7.4 1.0244e-06
12.6 7.4 3.78187e-07
12.8 7.4 1.28932e-07
13 7.4 4.05915e-08
13.2 7.4 1.18017e-08
13.4 7.4 3.1688e-09
13.6 7.4 7.85778e-10
13.8 7.4 1.79957e-10
14 7.4 3.8064e-11
14.2 7.4 7.43618e-12
14.4 7.4 1.3418e-12
14.6 7.4 2.23636e-13
14.8 7.4 3.43411e-14
5.2 7.6 9.30452e-14
5.4 7.6 6.05912e-13
5.6 7.6 3.63531e-12
5.8 7.6 2.01461e-11
6 7.6 1.0312e-10
6.2 7.6 4.87512e-10
6.4 7.6 2.12866e-09
6.6 7.6 8.58402e-09
6.8 7.6 3.19691e-08
7 7.6 1.09954e-07
7.2 7.6 3.49244e-07
7.4 7.6 1.0244e-06
7.6 7.6 2.77476e-06
7.8 7.6 6.94049e-06
8 7.6 1.60308e-05
8.2 7.6 3.41911e-05
8.4 7.6 6.7338e-05
8.6 7.6 0.000122459
8.8 7.6 0.000205636
9 7.6 0.000318847
9.2 7.6 0.000456495
9.4 7.6 0.000603475
9.6 7.6 0.000736628
9.8 7.6 0.000830237
10 7.6 0.000864013
10.2 7.6 0.000830237
10.4 7.6 0.000736628
10.6 7.6 0.000603475
10.8 7.6 0.000456495
11 7.6 0.000318847
11.2 7.6 0.000205636
11.4 7.6 0.000122459
11.6 7.6 6.7338e-05
11.8 7.6 3.41911e-05
12 7.6 1.60308e-05
12.2 7.6 6.94049e-06
12.4 7.6 2.77476e-06
12.6 7.6 1.0244e-06
12.8 7.6 3.49244e-07
13 7.6 1.09954e-07
13.2 7.6 3.19691e-08
13.4 7.6 8.58402e-09
13.6 7.6 2.12866e-09
13.8 7.6 4.87512e-10
14 7.6 1.0312e-10
14.2 7.6 2.01461e-11
14.4 7.6 3.63531e-12
14.6 7.6 6.05912e-13
14.8 7.6 9.30452e-14
5.2 7.8 2.32793e-13
5.4 7.8 1.51592e-12
5.6 7.8 9.09482e-12
5.8 7.8 5.04e-11
6 7.8 2.57971e-10
6.2 7.8 1.21956e-09
6.4 7.8 5.32493e-09
6.6 7.8 2.14729e-08
6.8 7.8 7.99689e-08
7 7.8 2.7504e-07
7.2 7.8 8.73586e-07
7.4 7.8 2.56236e-06
7.6 7.8 6.94049e-06
7.8 7.8 1.736e-05
8 7.8 4.00967e-05
8.2 7.8 8.55191e-05
8.4 7.8 0.000168425
8.6 7.8 0.00030629
8.8 7.8 0.000514327
9 7.8 0.00079748
9.2 7.8 0.00114175
9.4 7.8 0.00150936
9.6 7.8 0.00184239
9.8 7.8 0.00207651
10 7.8 0.00216099
10.2 7.8 0.00207651
10.4 7.8 0.00184239
10.6 7.8 0.00150936
10.8 7.8 0.00114175
11 7.8 0.00079748
11.2 7.8 0.000514327
11.4 7.8 0.00030629
11.6 7.8 0.000168425
11.8 7.8 8.55191e-05
12 7.8 4.00967e-05
12.2 7.8 1.736e-05
12.4 7.8 6.94049e-06
12.6 7.8 2.56236e-06
12.8 7.8 8.73586e-07
13 7.8 2.7504e-07
13.2 7.8 7.99689e-08
13.4 7.8 2.14729e-08
13.6 7.8 5.32493e-09
13.8 7.8 1.21956e-09
14 7.8 2.57971e-10
14.2 7.8 5.04e-11
14.4 7.8 9.09482e-12
14.6 7.8 1.51592e-12
14.8 7.8 2.32793e-13
5.2 8 5.37818e-13
5.4 8 3.50212e-12
5.6 8 2.10106e-11
5.8 8 1.1643e-10
6 8 5.95929e-10
6.2 8 2.8172e-09
6.4 8 1.23004e-08
6.6 8 4.96005e-08
6.8 8 1.84718e-07
7 8 6.35299e-07
7.2 8 2.01781e-06
7.4 8 5.91847e-06
7.6 8 1.60308e-05
7.8 8 4.00967e-05
8 8 9.26114e-05
8.2 8 0.000197522
8.4 8 0.000389005
8.6 8 0.000707423
8.8 8 0.00118791
9 8 0.00184188
9.2 8 0.00263701
9.4 8 0.00348603
9.6 8 0.00425519
9.8 8 0.00479592
10 8 0.00499102
10.2 8 0.00479592
10.4 8 0.00425519
10.6 8 0.00348603
10.8 8 0.00263701
11 8 0.00184188
11.2 8 0.00118791
11.4 8 0.000707423
11.6 8 0.000389005
11.8 8 0.000197522
12 8 9.26114e-05
12.2 8 4.00967e-05
12.4 8 1.60308e-05
12.6 8 5.91847e-06
12.8 8 2.01781e-06
13 8 6.35299e-07
13.2 8 1.84718e-07
13.4 8 4.96005e-08
13.6 8 1.23004e-08
13.8 8 2.8172e-09
14 8 5.95929e-10
14.2 8 1.1643e-10
14.4 8 2.10106e-11
14.6 8 3.50212e-12
14.8 8 5.37818e-13
5.2 8.2 1.14732e-12
5.4 8.2 7.47087e-12
5.6 8.2 4.48195e-11
5.8 8.2 2.48361e-10
6 8.2 1.27117e-09
6.2 8.2 6.00923e-09
6.4 8.2 2.62369e-08
6.6 8.2 1.05797e-07
6.8 8.2 3.93995e-07
7 8.2 1.35504e-06
7.2 8.2 4.30378e-06
7.4 8.2 1.26233e-05
7.6 8.2 3.41911e-05
7.8 8.2 8.55191e-05
8 8.2 0.000197522
8.2 8.2 0.000421272
8.4 8.2 0.000829659
8.6 8.2 0.00150876
8.8 8.2 0.00253351
9 8.2 0.00392825
9.2 8.2 0.00562403
9.4 8.2 0.00743475
9.6 8.2 0.00907513
9.8 8.2 0.0102283
10 8.2 0.0106444
10.2 8.2 0.0102283
10.4 8.2 0.00907513
10.6 8.2 0.00743475
10.8 8.2 0.00562403
11 8.2 0.00392825
11.2 8.2 0.00253351
11.4 8.2 0.00150876
11.6 8.2 0.000829659
11.8 8.2 0.000421272
12 8.2 0.000197522
12.2 8.2 8.55191e-05
12.4 8.2 3.41911e-05
12.6 8.2 1.26233e-05
12.8 8.2 4.30378e-06
13 8.2 1.35504e-06
13.2 8.2 3.93995e-07
13.4 8.2 1.05797e-07
13.6 8.2 2.62369e-08
13.8 8.2 6.00923e-09
14 8.2 1.27117e-09
14.2 8.2 2.48361e-10
14.4 8.2 4.48195e-11
14.6 8.2 7.47087e-12
14.8 8.2 1.14732e-12
5.2 8.4 2.26e-12
5.4 8.4 1.4716e-11
5.6 8.4 8.8283e-11
5.8 8.4 4.89197e-10
6 8.4 2.50379e-09
6.2 8.4 1.1836e-08
6.4 8.4 5.16762e-08
6.6 8.4 2.08375e-07
6.8 8.4 7.7599e-07
7 8.4 2.66878e-06
7.2 8.4 8.47628e-06
7.4 8.4 2.48613e-05
7.6 8.4 6.7338e-05
7.8 8.4 0.000168425
8 8.4 0.000389005
8.2 8.4 0.000829659
8.4 8.4 0.00163393
8.6 8.4 0.00297134
8.8 8.4 0.00498944
9 8.4 0.00773619
9.2 8.4 0.0110758
9.4 8.4 0.0146417
9.6 8.4 0.0178722
9.8 8.4 0.0201433
10 8.4 0.0209627
10.2 8.4 0.0201433
10.4 8.4 0.0178722
10.6 8.4 0.0146417
10.8 8.4 0.0110758
11 8.4 0.00773619
11.2 8.4 0.00498944
11.4 8.4 0.00297134
11.6 8.4 0.00163393
11.8 8.4 0.000829659
12 8.4 0.000389005
12.2 8.4 0.000168425
12.4 8.4 6.7338e-05
12.6 8.4 2.48613e-05
12.8 8.4 8.47628e-06
13 8.4 2.66878e-06
13.2 8.4 7.7599e-07
13.4 8.4 2.08375e-07
13.6 8.4 5.16762e-08
13.8 8.4 1.1836e-08
14 8.4 2.50379e-09
14.2 8.4 4.89197e-10
14.4 8.4 8.8283e-11
14.6 8.4 1.4716e-11
14.8 8.4 2.26e-12
5.2 8.6 4.11062e-12
5.4 8.6 2.67659e-11
5.6 8.6 1.60569e-10
5.8 8.6 8.89736e-10
6 8.6 4.55373e-09
6.2 8.6 2.15262e-08
6.4 8.6 9.39827e-08
6.6 8.6 3.78963e-07
6.8 8.6 1.41125e-06
7 8.6 4.8535e-06
7.2 8.6 1.5415e-05
7.4 8.6 4.52124e-05
7.6 8.6 0.000122459
7.8 8.6 0.00030629
8 8.6 0.000707423
8.2 8.6 0.00150876
8.4 8.6 0.00297134
8.6 8.6 0.00540344
8.8 8.6 0.00907334
9 8.6 0.0140683
9.2 8.6 0.0201413
9.4 8.6 0.0266259
9.6 8.6 0.0325005
9.8 8.6 0.0366304
10 8.6 0.0381205
10.2 8.6 0.0366304
10.4 8.6 0.0325005
10.6 8.6 0.0266259
10.8 8.6 0.0201413
11 8.6 0.0140683
11.2 8.6 0.00907334
11.4 8.6 0.00540344
11.6 8.6 0.00297134
11.8 8.6 0.00150876
12 8.6 0.000707423
12.2 8.6 0.00030629
12.4 8.6 0.000122459
12.6 8.6 4.52124e-05
12.8 8.6 1.5415e-05
13 8.6 4.8535e-06
13.2 8.6 1.41125e-06
13.4 8.6 3.78963e-07
13.6 8.6 9.39827e-08
13.8 8.6 2.15262e-08
14 8.6 4.55373e-09
14.2 8.6 8.89736e-10
14.4 8.6 1.60569e-10
14.6 8.6 2.67659e-11
14.8 8.6 4.11062e-12
5.2 8.8 6.90359e-12
5.4 8.8 4.49515e-11
5.6 8.8 2.6966e-10
5.8 8.8 1.4942e-09
6 8.8 7.64734e-09
6.2 8.8 3.61497e-08
6.4 8.8 1.57826e-07
6.6 8.8 6.36391e-07
6.8 8.8 2.36988e-06
7 8.8 8.1503e-06
7.2 8.8 2.58856e-05
7.4 8.8 7.59223e-05
7.6 8.8 0.000205636
7.8 8.8 0.000514327
8 8.8 0.00118791
8.2 8.8 0.00253351
8.4 8.8 0.00498944
8.6 8.8 0.00907334
8.8 8.8 0.0152357
9 8.8 0.023623
9.2 8.8 0.0338206
9.4 8.8 0.0447093
9.6 8.8 0.0545735
9.8 8.8 0.0615082
10 8.8 0.0640104
10.2 8.8 0.0615082
10.4 8.8 0.0545735
10.6 8.8 0.0447093
10.8 8.8 0.0338206
11 8.8 0.023623
11.2 8.8 0.0152357
11.4 8.8 0.00907334
11.6 8.8 0.00498944
11.8 8.8 0.00253351
12 8.8 0.00118791
12.2 8.8 0.000514327
12.4 8.8 0.000205636
12.6 8.8 7.59223e-05
12.8 8.8 2.58856e-05
13 8.8 8.1503e-06
13.2 8.8 2.36988e-06
13.4 8.8 6.36391e-07
13.6 8.8 1.57826e-07
13.8 8.8 3.61497e-08
14 8.8 7.64734e-09
14.2 8.8 1.4942e-09
14.4 8.8 2.6966e-10
14.6 8.8 4.49515e-11
14.8 8.8 6.90359e-12
5.2 9 1.07055e-11
5.4 9 6.97063e-11
5.6 9 4.18156e-10
5.8 9 2.317e-09
6 9 1.18583e-08
6.2 9 5.60546e-08
6.4 9 2.44727e-07
6.6 9 9.86785e-07
6.8 9 3.67469e-06
7 9 1.26376e-05
7.2 9 4.01371e-05
7.4 9 0.000117721
7.6 9 0.000318847
7.8 9 0.00079748
8 9 0.00184188
8.2 9 0.00392825
8.4 9 0.00773619
8.6 9 0.0140683
8.8 9 0.023623
9 9 0.0366275
9.2 9 0.0524387
9.4 9 0.0693214
9.6 9 0.0846158
9.8 9 0.0953679
10 9 0.0992475
10.2 9 0.0953679
10.4 9 0.0846158
10.6 9 0.0693214
10.8 9 0.0524387
11 9 0.0366275
11.2 9 0.023623
11.4 9 0.0140683
11.6 9 0.00773619
11.8 9 0.00392825
12 9 0.00184188
12.2 9 0.00079748
12.4 9 0.000318847
12.6 9 0.000117721
12.8 9 4.01371e-05
13 9 1.26376e-05
13.2 9 3.67469e-06
13.4 9 9.86785e-07
13.6 9 2.44727e-07
13.8 9 5.60546e-08
14 9 1.18583e-08
14.2 9 2.317e-09
14.4 9 4.18156e-10
14.6 9 6.97063e-11
14.8 9 1.07055e-11
5.2 9.2 1.53286e-11
5.4 9.2 9.98074e-11
5.6 9.2 5.9872e-10
5.8 9.2 3.31748e-09
6 9.2 1.69785e-08
6.2 9.2 8.02574e-08
6.4 9.2 3.50391e-07
6.6 9.2 1.41283e-06
6.8 9.2 5.26119e-06
7 9.2 1.80936e-05
7.2 9.2 5.74652e-05
7.4 9.2 0.000168543
7.6 9.2 0.000456495
7.8 9.2 0.00114175
8 9.2 0.00263701
8.2 9.2 0.00562403
8.4 9.2 0.0110758
8.6 9.2 0.0201413
8.8 9.2 0.0338206
9 9.2 0.0524387
9.2 9.2 0.0750751
9.4 9.2 0.0992455
9.6 9.2 0.121142
9.8 9.2 0.136535
10 9.2 0.14209
10.2 9.2 0.136535
10.4 9.2 0.121142
10.6 9.2 0.0992455
10.8 9.2 0.0750751
11 9.2 0.0524387
11.2 9.2 0.0338206
11.4 9.2 0.0201413
11.6 9.2 0.0110758
11.8 9.2 0.00562403
12 9.2 0.00263701
12.2 9.2 0.00114175
12.4 9.2 0.000456495
12.6 9.2 0.000168543
12.8 9.2 5.74652e-05
13 9.2 1.80936e-05
13.2 9.2 5.26119e-06
13.4 9.2 1.41283e-06
13.6 9.2 3.50391e-07
13.8 9.2 8.02574e-08
14 9.2 1.69785e-08
14.2 9.2 3.31748e-09
14.4 9.2 5.9872e-10
14.6 9.2 9.98074e-11
14.8 9.2 1.53286e-11
5.2 9.4 2.02654e-11
5.4 9.4 1.31951e-10
5.6 9.4 7.91537e-10
5.8 9.4 4.38583e-09
6 9.4 2.2446e-08
6.2 9.4 1.06102e-07
6.4 9.4 4.6322e-07
6.6 9.4 1.86776e-06
6.8 9.4 6.95528e-06
7 9.4 2.39196e-05
7.2 9.4 7.5968e-05
7.4 9.4 0.00022281
7.6 9.4 0.000603475
7.8 9.4 0.00150936
8 9.4 0.00348603
8.2 9.4 0.00743475
8.4 9.4 0.0146417
8.6 9.4 0.0266259
8.8 9.4 0.0447093
9 9.4 0.0693214
9.2 9.4 0.0992455
9.4 9.4 0.131197
9.6 9.4 0.160143
9.8 9.4 0.180493
10 9.4 0.187835
10.2 9.4 0.180493
10.4 9.4 0.160143
10.6 9.4 0.131197
10.8 9.4 0.0992455
11 9.4 0.0693214
11.2 9.4 0.0447093
11.4 9.4 0.0266259
11.6 9.4 0.0146417
11.8 9.4 0.00743475
12 9.4 0.00348603
12.2 9.4 0.00150936
12.4 9.4 0.000603475
12.6 9.4 0.00022281
12.8 9.4 7.5968e-05
13 9.4 2.39196e-05
13.2 9.4 6.95528e-06
13.4 9.4 1.86776e-06
13.6 9.4 4.6322e-07
13.8 9.4 1.06102e-07
14 9.4 2.2446e-08
14.2 9.4 4.38583e-09
14.4 9.4 7.91537e-10
14.6 9.4 1.31951e-10
14.8 9.4 2.02654e-11
5.2 9.6 2.47381e-11
5.4 9.6 1.61073e-10
5.6 9.6 9.66224e-10
5.8 9.6 5.35372e-09
6 9.6 2.73994e-08
6.2 9.6 1.29516e-07
6.4 9.6 5.65439e-07
6.6 9.6 2.27991e-06
6.8 9.6 8.49002e-06
7 9.6 2.91976e-05
7.2 9.6 9.27305e-05
7.4 9.6 0.000271973
7.6 9.6 0.000736628
7.8 9.6 0.00184239
8 9.6 0.00425519
8.2 9.6 0.00907513
8.4 9.6 0.0178722
8.6 9.6 0.0325005
8.8 9.6 0.0545735
9 9.6 0.0846158
9.2 9.6 0.121142
9.4 9.6 0.160143
9.6 9.6 0.195475
9.8 9.6 0.220314
10 9.6 0.229276
10.2 9.6 0.220314
10.4 9.6 0.195475
10.6 9.6 0.160143
10.8 9.6 0.121142
11 9.6 0.0846158
11.2 9.6 0.0545735
11.4 9.6 0.0325005
11.6 9.6 0.0178722
11.8 9.6 0.00907513
12 9.6 0.00425519
12.2 9.6 0.00184239
12.4 9.6 0.000736628
12.6 9.6 0.000271973
12.8 9.6 9.27305e-05
13 9.6 2.91976e-05
13.2 9.6 8.49002e-06
13.4 9.6 2.27991e-06
13.6 9.6 5.65439e-07
13.8 9.6 1.29516e-07
14 9.6 2.73994e-08
14.2 9.6 5.35372e-09
14.4 9.6 9.66224e-10
14.6 9.6 1.61073e-10
14.8 9.6 2.47381e-11
5.2 9.8 2.78826e-11
5.4 9.8 1.81547e-10
5.6 9.8 1.08904e-09
5.8 9.8 6.03418e-09
6 9.8 3.08819e-08
6.2 9.8 1.45977e-07
6.4 9.8 6.37301e-07
6.6 9.8 2.56966e-06
6.8 9.8 9.56899e-06
7 9.8 3.29081e-05
7.2 9.8 0.000104515
7.4 9.8 0.000306535
7.6 9.8 0.000830237
7.8 9.8 0.00207651
8 9.8 0.00479592
8.2 9.8 0.0102283
8.4 9.8 0.0201433
8.6 9.8 0.0366304
8.8 9.8 0.0615082
9 9.8 0.0953679
9.2 9.8 0.136535
9.4 9.8 0.180493
9.6 9.8 0.220314
9.8 9.8 0.248309
10 9.8 0.25841
10.2 9.8 0.248309
10.4 9.8 0.220314
10.6 9.8 0.180493
10.8 9.8 0.136535
11 9.8 0.0953679
11.2 9.8 0.0615082
11.4 9.8 0.0366304
11.6 9.8 0.0201433
11.8 9.8 0.0102283
12 9.8 0.00479592
12.2 9.8 0.00207651
12.4 9.8 0.000830237
12.6 9.8 0.000306535
12.8 9.8 0.000104515
13 9.8 3.29081e-05
13.2 9.8 9.56899e-06
13.4 9.8 2.56966e-06
13.6 9.8 6.37301e-07
13.8 9.8 1.45977e-07
14 9.8 3.08819e-08
14.2 9.8 6.03418e-09
14.4 9.8 1.08904e-09
14.6 9.8 1.81547e-10
14.8 9.8 2.78826e-11
5.2 10 2.90172e-11
5.4 10 1.88934e-10
5.6 10 1.13335e-09
5.8 10 6.27971e-09
6 10 3.21384e-08
6.2 10 1.51916e-07
6.4 10 6.63231e-07
6.6 10 2.67421e-06
6.8 10 9.9583e-06
7 10 3.4247e-05
7.2 10 0.000108767
7.4 10 0.000319006
7.6 10 0.000864013
7.8 10 0.00216099
8 10 0.00499102
8.2 10 0.0106444
8.4 10 0.0209627
8.6 10 0.0381205
8.8 10 0.0640104
9 10 0.0992475
9.2 10 0.14209
9.4 10 0.187835
9.6 10 0.229276
9.8 10 0.25841
10 10 0.268922
10.2 10 0.25841
10.4 10 0.229276
10.6 10 0.187835
10.8 10 0.14209
11 10 0.0992475
11.2 10 0.0640104
11.4 10 0.0381205
11.6 10 0.0209627
11.8 10 0.0106444
12 10 0.00499102
12.2 10 0.00216099
12.4 10 0.000864013
12.6 10 0.000319006
12.8 10 0.000108767
13 10 3.4247e-05
13.2 10 9.9583e-06
13.4 10 2.67421e-06
13.6 10 6.63231e-07
13.8 10 1.51916e-07
14 10 3.21384e-08
14.2 10 6.27971e-09
14.4 10 1.13335e-09
14.6 10 1.88934e-10
14.8 10 2.90172e-11
5.2 10.2 2.78826e-11
5.4 10.2 1.81547e-10
5.6 10.2 1.08904e-09
5.8 10.2 6.03418e-09
6 10.2 3.08819e-08
6.2 10.2 1.45977e-07
6.4 10.2 6.37301e-07
6.6 10.2 2.56966e-06
6.8 10.2 9.56899e-06
7 10.2 3.29081e-05
7.2 10.2 0.000104515
7.4 10.2 0.000306535
7.6 10.2 0.000830237
7.8 10.2 0.00207651
8 10.2 0.00479592
8.2 10.2 0.0102283
8.4 10.2 0.0201433
8.6 10.2 0.0366304
8.8 10.2 0.0615082
9 10.2 0.0953679
9.2 10.2 0.136535
9.4 10.2 0.180493
9.6 10.2 0.220314
9.8 10.2 0.248309
10 10.2 0.25841
10.2 10.2 0.248309
10.4 10.2 0.220314
10.6 10.2 0.180493
10.8 10.2 0.136535
11 10.2 0.0953679
11.2 10.2 0.0615082
11.4 10.2 0.0366304
11.6 10.2 0.0201433
11.8 10.2 0.0102283
12 10.2 0.00479592
12.2 10.2 0.00207651
12.4 10.2 0.000830237
12.6 10.2 0.000306535
12.8 10.2 0.000104515
13 10.2 3.29081e-05
13.2 10.2 9.56899e-06
13.4 10.2 2.56966e-06
13.6 10.2 6.37301e-07
13.8 10.2 1.45977e-07
14 10.2 3.08819e-08
14.2 10.2 6.03418e-09
14.4 10.2 1.08904e-09
14.6 10.2 1.81547e-10
14.8 10.2 2.78826e-11
5.2 10.4 2.47381e-11
5.4 10.4 1.61073e-10
5.6 10.4 9.66224e-10
5.8 10.4 5.35372e-09
6 10.4 2.73994e-08
6.2 10.4 1.29516e-07
6.4 10.4 5.65439e-07
6.6 10.4 2.27991e-06
6.8 10.4 8.49002e-06
7 10.4 2.91976e-05
7.2 10.4 9.27305e-05
7.4 10.4 0.000271973
7.6 10.4 0.000736628
7.8 10.4 0.00184239
8 10.4 0.00425519
8.2 10.4 0.00907513
8.4 10.4 0.0178722
8.6 10.4 0.0325005
8.8 10.4 0.0545735
9 10.4 0.0846158
9.2 10.4 0.121142
9.4 10.4 0.160143
9.6 10.4 0.195475
9.8 10.4 0.220314
10 10.4 0.229276
10.2 10.4 0.220314
10.4 10.4 0.195475
10.6 10.4 0.160143
10.8 10.4 0.121142
11 10.4 0.0846158
11.2 10.4 0.0545735
11.4 10.4 0.0325005
11.6 10.4 0.0178722
11.8 10.4 0.00907513
12 10.4 0.00425519
12.2 10.4 0.00184239
12.4 10.4 0.000736628
12.6 10.4 0.000271973
12.8 10.4 9.27305e-05
13 10.4 2.91976e-05
13.2 10.4 8.49002e-06
13.4 10.4 2.27991e-06
13.6 10.4 5.65439e-07
13.8 10.4 1.29516e-07
14 10.4 2.73994e-08
14.2 10.4 5.35372e-09
14.4 10.4 9.66224e-10
14.6 10.4 1.61073e-10
14.8 10.4 2.47381e-11
5.2 10.6 2.02654e-11
5.4 10.6 1.31951e-10
5.6 10.6 7.91537e-10
5.8 10.6 4.38583e-09
6 10.6 2.2446e-08
6.2 10.6 1.06102e-07
6.4 10.6 4.6322e-07
6.6 10.6 1.86776e-06
6.8 10.6 6.95528e-06
7 10.6 2.39196e-05
7.2 10.6 7.5968e-05
7.4 10.6 0.00022281
7.6 10.6 0.000603475
7.8 10.6 0.00150936
8 10.6 0.00348603
8.2 10.6 0.00743475
8.4 10.6 0.0146417
8.6 10.6 0.0266259
8.8 10.6 0.0447093
9 10.6 0.0693214
9.2 10.6 0.0992455
9.4 10.6 0.131197
9.6 10.6 0.160143
9.8 10.6 0.180493
10 10.6 0.187835
10.2 10.6 0.180493
10.4 10.6 0.160143
10.6 10.6 0.131197
10.8 10.6 0.0992455
11 10.6 0.0693214
11.2 10.6 0.0447093
11.4 10.6 0.0266259
11.6 10.6 0.0146417
11.8 10.6 0.00743475
12 10.6 0.00348603
12.2 10.6 0.00150936
12.4 10.6 0.000603475
12.6 10.6 0.00022281
12.8 10.6 7.5968e-05
13 10.6 2.39196e-05
13.2 10.6 6.95528e-06
13.4 10.6 1.86776e-06
13.6 10.6 4.6322e-07
13.8 10.6 1.06102e-07
14 10.6 2.2446e-08
14.2 10.6 4.38583e-09
14.4 10.6 7.91537e-10
14.6 10.6 1.31951e-10
14.8 10.6 2.02654e-11
5.2 10.8 1.53286e-11
5.4 10.8 9.98074e-11
5.6 10.8 5.9872e-10
5.8 10.8 3.31748e-09
6 10.8 1.69785e-08
6.2 10.8 8.02574e-08
6.4 10.8 3.50391e-07
6.6 10.8 1.41283e-06
6.8 10.8 5.26119e-06
7 10.8 1.80936e-05
7.2 10.8 5.74652e-05
7.4 10.8 0.000168543
7.6 10.8 0.000456495
7.8 10.8 0.00114175
8 10.8 0.00263701
8.2 10.8 0.00562403
8.4 10.8 0.0110758
8.6 10.8 0.0201413
8.8 10.8 0.0338206
9 10.8 0.0524387
9.2 10.8 0.0750751
9.4 10.8 0.0992455
9.6 10.8 0.121142
9.8 10.8 0.136535
10 10.8 0.14209
10.2 10.8 0.136535
10.4 10.8 0.121142
10.6 10.8 0.0992455
10.8 10.8 0.0750751
11 10.8 0.0524387
11.2 10.8 0.0338206
11.4 10.8 0.0201413
11.6 10.8 0.0110758
11.8 10.8 0.00562403
12 10.8 0.00263701
12.2 10.8 0.00114175
12.4 10.8 0.000456495
12.6 10.8 0.000168543
12.8 10.8 5.74652e-05
13 10.8 1.80936e-05
13.2 10.8 5.26119e-06
13.4 10.8 1.41283e-06
13.6 10.8 3.50391e-07
13.8 10.8 8.02574e-08
14 10.8 1.69785e-08
14.2 10.8 3.31748e-09
14.4 10.8 5.9872e-10
14.6 10.8 9.98074e-11
14.8 10.8 1.53286e-11
5.2 11 1.07055e-11
5.4 11 6.97063e-11
5.6 11 4.18156e-10
5.8 11 2.317e-09
6 11 1.18583e-08
6.2 11 5.60546e-08
6.4 11 2.44727e-07
6.6 11 9.86785e-07
6.8 11 3.67469e-06
7 11 1.26376e-05
7.2 11 4.01371e-05
7.4 11 0.000117721
7.6 11 0.000318847
7.8 11 0.00079748
8 11 0.00184188
8.2 11 0.00392825
8.4 11 0.00773619
8.6 11 0.0140683
8.8 11 0.023623
9 11 0.0366275
9.2 11 0.0524387
9.4 11 0.0693214
9.6 11 0.0846158
9.8 11 0.0953679
10 11 0.0992475
10.2 11 0.0953679
10.4 11 0.0846158
10.6 11 0.0693214
10.8 11 0.0524387
11 11 0.0366275
11.2 11 0.023623
11.4 11 0.0140683
11.6 11 0.00773619
11.8 11 0.00392825
12 11 0.00184188
12.2 11 0.00079748
12.4 11 0.000318847
12.6 11 0.000117721
12.8 11 4.01371e-05
13 11 1.26376e-05
13.2 11 3.67469e-06
13.4 11 9.86785e-07
13.6 11 2.44727e-07
13.8 11 5.60546e-08
14 11 1.18583e-08
14.2 11 2.317e-09
14.4 11 4.18156e-10
14.6 11 6.97063e-11
14.8 11 1.07055e-11
5.2 11.2 6.90359e-12
5.4 11.2 4.49515e-11
5.6 11.2 2.6966e-10
5.8 11.2 1.4942e-09
6 11.2 7.64734e-09
6.2 11.2 3.61497e-08
6.4 11.2 1.57826e-07
6.6 11.2 6.36391e-07
6.8 11.2 2.36988e-06
7 11.2 8.1503e-06
7.2 11.2 2.58856e-05
7.4 11.2 7.59223e-05
7.6 11.2 0.000205636
7.8 11.2 0.000514327
8 11.2 0.00118791
8.2 11.2 0.00253351
8.4 11.2 0.00498944
8.6 11.2 0.00907334
8.8 11.2 0.0152357
9 11.2 0.023623
9.2 11.2 0.0338206
9.4 11.2 0.0447093
9.6 11.2 0.0545735
9.8 11.2 0.0615082
10 11.2 0.0640104
10.2 11.2 0.0615082
10.4 11.2 0.0545735
10.6 11.2 0.0447093
10.8 11.2 0.0338206
11 11.2 0.023623
11.2 11.2 0.0152357
11.4 11.2 0.00907334
11.6 11.2 0.00498944
11.8 11.2 0.00253351
12 11.2 0.00118791
12.2 11.2 0.000514327
12.4 11.2 0.000205636
12.6 11.2 7.59223e-05
12.8 11.2 2.58856e-05
13 11.2 8.1503e-06
13.2 11.2 2.36988e-06
13.4 11.2 6.36391e-07
13.6 11.2 1.57826e-07
13.8 11.2 3.61497e-08
14 11.2 7.64734e-09
14.2 11.2 1.4942e-09
14.4 11.2 2.6966e-10
14.6 11.2 4.49515e-11
14.8 11.2 6.90359e-12
5.2 11.4 4.11062e-12
5.4 11.4 2.67659e-11
5.6 11.4 1.60569e-10
5.8 11.4 8.89736e-10
6 11.4 4.55373e-09
6.2 11.4 2.15262e-08
6.4 11.4 9.39827e-08
6.6 11.4 3.78963e-07
6.8 11.4 1.41125e-06
7 11.4 4.8535e-06
7.2 11.4 1.5415e-05
7.4 11.4 4.52124e-05
7.6 11.4 0.000122459
7.8 11.4 0.00030629
8 11.4 0.000707423
8.2 11.4 0.00150876
8.4 11.4 0.00297134
8.6 11.4 0.00540344
8.8 11.4 0.00907334
9 11.4 0.0140683
9.2 11.4 0.0201413
9.4 11.4 0.0266259
9.6 11.4 0.0325005
9.8 11.4 0.0366304
10 11.4 0.0381205
10.2 11.4 0.0366304
10.4 11.4 0.0325005
10.6 11.4 0.0266259
10.8 11.4 0.0201413
11 11.4 0.0140683
11.2 11.4 0.00907334
11.4 11.4 0.00540344
11.6 11.4 0.00297134
11.8 11.4 0.00150876
12 11.4 0.000707423
12.2 11.4 0.00030629
12.4 11.4 0.000122459
12.6 11.4 4.52124e-05
12.8 11.4 1.5415e-05
13 11.4 4.8535e-06
13.2 11.4 1.41125e-06
13.4 11.4 3.78963e-07
13.6 11.4 9.39827e-08
13.8 11.4 2.15262e-08
14 11.4 4.55373e-09
14.2 11.4 8.89736e-10
14.4 11.4 1.60569e-10
14.6 11.4 2.67659e-11
14.8 11.4 4.11062e-12
5.2 11.6 2.26e-12
5.4 11.6 1.4716e-11
5.6 11.6 8.8283e-11
5.8 11.6 4.89197e-10
6 11.6 2.50379e-09
6.2 11.6 1.1836e-08
6.4 11.6 5.16762e-08
6.6 11.6 2.08375e-07
6.8 11.6 7.7599e-07
7 11.6 2.66878e-06
7.2 11.6 8.47628e-06
7.4 11.6 2.48613e-05
7.6 11.6 6.7338e-05
7.8 11.6 0.000168425
8 11.6 0.000389005
8.2 11.6 0.000829659
8.4 11.6 0.00163393
8.6 11.6 0.00297134
8.8 11.6 0.00498944
9 11.6 0.00773619
9.2 11.6 0.0110758
9.4 11.6 0.0146417
9.6 11.6 0.0178722
9.8 11.6 0.0201433
10 11.6 0.0209627
10.2 11.6 0.0201433
10.4 11.6 0.0178722
10.6 11.6 0.0146417
10.8 11.6 0.0110758
11 11.6 0.00773619
11.2 11.6 0.00498944
11.4 11.6 0.00297134
11.6 11.6 0.00163393
11.8 11.6 0.000829659
12 11.6 0.000389005
12.2 11.6 0.000168425
12.4 11.6 6.7338e-05
12.6 11.6 2.48613e-05
12.8 11.6 8.47628e-06
13 11.6 2.66878e-06
13.2 11.6 7.7599e-07
13.4 11.6 2.08375e-07
13.6 11.6 5.16762e-08
13.8 11.6 1.1836e-08
14 11.6 2.50379e-09
14.2 11.6 4.89197e-10
14.4 11.6 8.8283e-11
14.6 11.6 1.4716e-11
14.8 11.6 2.26e-12
5.2 11.8 1.14732e-12
5.4 11.8 7.47087e-12
5.6 11.8 4.48195e-11
5.8 11.8 2.48361e-10
6 11.8 1.27117e-09
6.2 11.8 6.00923e-09
6.4 11.8 2.62369e-08
6.6 11.8 1.05797e-07
6.8 11.8 3.93995e-07
7 11.8 1.35504e-06
7.2 11.8 4.30378e-06
7.4 11.8 1.26233e-05
7.6 11.8 3.41911e-05
7.8 11.8 8.55191e-05
8 11.8 0.000197522
8.2 11.8 0.000421272
8.4 11.8 0.000829659
8.6 11.8 0.00150876
8.8 11.8 0.00253351
9 11.8 0.00392825
9.2 11.8 0.00562403
9.4 11.8 0.00743475
9.6 11.8 0.00907513
9.8 11.8 0.0102283
10 11.8 0.0106444
10.2 11.8 0.0102283
10.4 11.8 0.00907513
10.6 11.8 0.00743475
10.8 11.8 0.00562403
11 11.8 0.00392825
11.2 11.8 0.00253351
11.4 11.8 0.00150876
11.6 11.8 0.000829659
11.8 11.8 0.000421272
12 11.8 0.000197522
12.2 11.8 8.55191e-05
12.4 11.8 3.41911e-05
12.6 11.8 1.26233e-05
12.8 11.8 4.30378e-06
13 11.8 1.35504e-06
13.2 11.8 3.93995e-07
13.4 11.8 1.05797e-07
13.6 11.8 2.62369e-08
13.8 11.8 6.00923e-09
14 11.8 1.27117e-09
14.2 11.8 2.48361e-10
14.4 11.8 4.48195e-11
14.6 11.8 7.47087e-12
14.8 11.8 1.14732e-12
5.2 12 5.37818e-13
5.4 12 3.50212e-12
5.6 12 2.10106e-11
5.8 12 1.1643e-10
6 12 5.95929e-10
6.2 12 2.8172e-09
6.4 12 1.23004e-08
6.6 12 4.96005e-08
6.8 12 1.84718e-07
7 12 6.35299e-07
7.2 12 2.01781e-06
7.4 12 5.91847e-06
7.6 12 1.60308e-05
7.8 12 4.00967e-05
8 12 9.26114e-05
8.2 12 0.000197522
8.4 12 0.000389005
8.6 12 0.000707423
8.8 12 0.00118791
9 12 0.00184188
9.2 12 0.00263701
9.4 12 0.00348603
9.6 12 0.00425519
9.8 12 0.00479592
10 12 0.00499102
10.2 12 0.00479592
10.4 12 0.00425519
10.6 12 0.00348603
10.8 12 0.00263701
11 12 0.00184188
11.2 12 0.00118791
11.4 12 0.000707423
11.6 12 0.000389005
11.8 12 0.000197522
12 12 9.26114e-05
12.2 12 4.00967e-05
12.4 12 1.60308e-05
12.6 12 5.91847e-06
12.8 12 2.01781e-06
13 12 6.35299e-07
13.2 12 1.84718e-07
13.4 12 4.96005e-08
13.6 12 1.23004e-08
13.8 12 2.8172e-09
14 12 5.95929e-10
14.2 12 1.1643e-10
14.4 12 2.10106e-11
14.6 12 3.50212e-12
14.8 12 5.37818e-13
5.2 12.2 2.32793e-13
5.4 12.2 1.51592e-12
5.6 12.2 9.09482e-12
5.8 12.2 5.04e-11
6 12.2 2.57971e-10
6.2 12.2 1.21956e-09
6.4 12.2 5.32493e-09
6.6 12.2 2.14729e-08
6.8 12.2 7.99689e-08
7 12.2 2.7504e-07
7.2 12.2 8.73586e-07
7.4 12.2 2.56236e-06
7.6 12.2 6.94049e-06
7.8 12.2 1.736e-05
8 12.2 4.00967e-05
8.2 12.2 8.55191e-05
8.4 12.2 0.000168425
8.6 12.2 0.00030629
8.8 12.2 0.000514327
9 12.2 0.00079748
9.2 12.2 0.00114175
9.4 12.2 0.00150936
9.6 12.2 0.00184239
9.8 12.2 0.00207651
10 12.2 0.00216099
10.2 12.2 0.00207651
10.4 12.2 0.00184239
10.6 12.2 0.00150936
10.8 12.2 0.00114175
11 12.2 0.00079748
11.2 12.2 0.000514327
11.4 12.2 0.00030629
11.6 12.2 0.000168425
11.8 12.2 8.55191e-05
12 12.2 4.00967e-05
12.2 12.2 1.736e-05
12.4 12.2 6.94049e-06
12.6 12.2 2.56236e-06
12.8 12.2 8.73586e-07
13 12.2 2.7504e-07
13.2 12.2 7.99689e-08
13.4 12.2 2.14729e-08
13.6 12.2 5.32493e-09
13.8 12.2 1.21956e-09
14 12.2 2.57971e-10
14.2 12.2 5.04e-11
14.4 12.2 9.09482e-12
14.6 12.2 1.51592e-12
14.8 12.2 2.32793e-13
5.2 12.4 9.30452e-14
5.4 12.4 6.05912e-13
5.6 12.4 3.63531e-12
5.8 12.4 2.01461e-11
6 12.4 1.0312e-10
6.2 12.4 4.87512e-10
6.4 12.4 2.12866e-09
6.6 12.4 8.58402e-09
6.8 12.4 3.19691e-08
7 12.4 1.09954e-07
7.2 12.4 3.49244e-07
7.4 12.4 1.0244e-06
7.6 12.4 2.77476e-06
7.8 12.4 6.94049e-06
8 12.4 1.60308e-05
8.2 12.4 3.41911e-05
8.4 12.4 6.7338e-05
8.6 12.4 0.000122459
8.8 12.4 0.000205636
9 12.4 0.000318847
9.2 12.4 0.000456495
9.4 12.4 0.000603475
9.6 12.4 0.000736628
9.8 12.4 0.000830237
10 12.4 0.000864013
10.2 12.4 0.000830237
10.4 12.4 0.000736628
10.6 12.4 0.000603475
10.8 12.4 0.000456495
11 12.4 0.000318847
11.2 12.4 0.000205636
11.4 12.4 0.000122459
11.6 12.4 6.7338e-05
11.8 12.4 3.41911e-05
12 12.4 1.60308e-05
12.2 12.4 6.94049e-06
12.4 12.4 2.77476e-06
12.6 12.4 1.0244e-06
12.8 12.4 3.49244e-07
13 12.4 1.09954e-07
13.2 12.4 3.19691e-08
13.4 12.4 8.58402e-09
13.6 12.4 2.12866e-09
13.8 12.4 4.87512e-10
14 12.4 1.0312e-10
14.2 12.4 2.01461e-11
14.4 12.4 3.63531e-12
14.6 12.4 6.05912e-13
14.8 12.4 9.30452e-14
5.2 12.6 3.43411e-14
5.4 12.6 2.23636e-13
5.6 12.6 1.3418e-12
5.8 12.6 7.43618e-12
6 12.6 3.8064e-11
6.2 12.6 1.79957e-10
6.4 12.6 7.85778e-10
6.6 12.6 3.1688e-09
6.8 12.6 1.18017e-08
7 12.6 4.05915e-08
7.2 12.6 1.28932e-07
7.4 12.6 3.78187e-07
7.6 12.6 1.0244e-06
7.8 12.6 2.56236e-06
8 12.6 5.91847e-06
8.2 12.6 1.26233e-05
8.4 12.6 2.48613e-05
8.6 12.6 4.52124e-05
8.8 12.6 7.59223e-05
9 12.6 0.000117721
9.2 12.6 0.000168543
9.4 12.6 0.00022281
9.6 12.6 0.000271973
9.8 12.6 0.000306535
10 12.6 0.000319006
10.2 12.6 0.000306535
10.4 12.6 0.000271973
10.6 12.6 0.00022281
10.8 12.6 0.000168543
11 12.6 0.000117721
11.2 12.6 7.59223e-05
11.4 12.6 4.52124e-05
11.6 12.6 2.48613e-05
11.8 12.6 1.26233e-05
12 12.6 5.91847e-06
12.2 12.6 2.56236e-06
12.4 12.6 1.0244e-06
12.6 12.6 3.78187e-07
12.8 12.6 1.28932e-07
13 12.6 4.05915e-08
13.2 12.6 1.18017e-08
13.4 12.6 3.1688e-09
13.6 12.6 7.85778e-10
13.8 12.6 1.79957e-10
14 12.6 3.8064e-11
14.2 12.6 7.43618e-12
14.4 12.6 1.3418e-12
14.6 12.6 2.23636e-13
14.8 12.6 3.43411e-14
5.2 12.8 1.17041e-14
5.4 12.8 7.62213e-14
5.6 12.8 4.57339e-13
5.8 12.8 2.53464e-12
6 12.8 1.29746e-11
6.2 12.8 6.13426e-11
6.4 12.8 2.67858e-10
6.6 12.8 1.08022e-09
6.8 12.8 4.02319e-09
7 12.8 1.38379e-08
7.2 12.8 4.39546e-08
7.4 12.8 1.28932e-07
7.6 12.8 3.49244e-07
7.8 12.8 8.73586e-07
8 12.8 2.01781e-06
8.2 12.8 4.30378e-06
8.4 12.8 8.47628e-06
8.6 12.8 1.5415e-05
8.8 12.8 2.58856e-05
9 12.8 4.01371e-05
9.2 12.8 5.74652e-05
9.4 12.8 7.5968e-05
9.6 12.8 9.27305e-05
9.8 12.8 0.000104515
10 12.8 0.000108767
10.2 12.8 0.000104515
10.4 12.8 9.27305e-05
10.6 12.8 7.5968e-05
10.8 12.8 5.74652e-05
11 12.8 4.01371e-05
11.2 12.8 2.58856e-05
11.4 12.8 1.5415e-05
11.6 12.8 8.47628e-06
11.8 12.8 4.30378e-06
12 12.8 2.01781e-06
12.2 12.8 8.73586e-07
12.4 12.8 3.49244e-07
12.6 12.8 1.28932e-07
12.8 12.8 4.39546e-08
13 12.8 1.38379e-08
13.2 12.8 4.02319e-09
13.4 12.8 1.08022e-09
13.6 12.8 2.67858e-10
13.8 12.8 6.13426e-11
14 12.8 1.29746e-11
14.2 12.8 2.53464e-12
14.4 12.8 4.57339e-13
14.6 12.8 7.62213e-14
14.8 12.8 1.17041e-14
5.2 13 3.68359e-15
5.4 13 2.39897e-14
5.6 13 1.43947e-13
5.8 13 7.97808e-13
6 13 4.08406e-12
6.2 13 1.93096e-11
6.4 13 8.43198e-11
6.6 13 3.40054e-10
6.8 13 1.26654e-09
7 13 4.35641e-09
7.2 13 1.38379e-08
7.4 13 4.05915e-08
7.6 13 1.09954e-07
7.8 13 2.7504e-07
8 13 6.35299e-07
8.2 13 1.35504e-06
8.4 13 2.66878e-06
8.6 13 4.8535e-06
8.8 13 8.1503e-06
9 13 1.26376e-05
9.2 13 1.80936e-05
9.4 13 2.39196e-05
9.6 13 2.91976e-05
9.8 13 3.29081e-05
10 13 3.4247e-05
10.2 13 3.29081e-05
10.4 13 2.91976e-05
10.6 13 2.39196e-05
10.8 13 1.80936e-05
11 13 1.26376e-05
11.2 13 8.1503e-06
11.4 13 4.8535e-06
11.6 13 2.66878e-06
11.8 13 1.35504e-06
12 13 6.35299e-07
12.2 13 2.7504e-07
12.4 13 1.09954e-07
12.6 13 4.05915e-08
12.8 13 1.38379e-08
13 13 4.35641e-09
13.2 13 1.26654e-09
13.4 13 3.40054e-10
13.6 13 8.43198e-11
13.8 13 1.93096e-11
14 13 4.08406e-12
14.2 13 7.97808e-13
14.4 13 1.43947e-13
14.6 13 2.39897e-14
14.8 13 3.68359e-15
5.2 13.2 1.0706e-15
5.4 13.2 6.97258e-15
5.6 13.2 4.184e-14
5.8 13.2 2.31902e-13
6 13.2 1.18718e-12
6.2 13.2 5.61322e-12
6.4 13.2 2.45122e-11
6.6 13.2 9.88584e-11
6.8 13.2 3.6821e-10
7 13.2 1.26654e-09
7.2 13.2 4.02319e-09
7.4 13.2 1.18017e-08
7.6 13.2 3.19691e-08
7.8 13.2 7.99689e-08
8 13.2 1.84718e-07
8.2 13.2 3.93995e-07
8.4 13.2 7.7599e-07
8.6 13.2 1.41125e-06
8.8 13.2 2.36988e-06
9 13.2 3.67469e-06
9.2 13.2 5.26119e-06
9.4 13.2 6.95528e-06
9.6 13.2 8.49002e-06
9.8 13.2 9.56899e-06
10 13.2 9.9583e-06
10.2 13.2 9.56899e-06
10.4 13.2 8.49002e-06
10.6 13.2 6.95528e-06
10.8 13.2 5.26119e-06
11 13.2 3.67469e-06
11.2 13.2 2.36988e-06
11.4 13.2 1.41125e-06
11.6 13.2 7.7599e-07
11.8 13.2 3.93995e-07
12 13.2 1.84718e-07
12.2 13.2 7.99689e-08
12.4 13.2 3.19691e-08
12.6 13.2 1.18017e-08
12.8 13.2 4.02319e-09
13 13.2 1.26654e-09
13.2 13.2 3.6821e-10
13.4 13.2 9.88584e-11
13.6 13.2 2.45122e-11
13.8 13.2 5.61322e-12
14 13.2 1.18718e-12
14.2 13.2 2.31902e-13
14.4 13.2 4.184e-14
14.6 13.2 6.97258e-15
14.8 13.2 1.0706e-15
5.2 13.4 2.87348e-16
5.4 13.4 1.87151e-15
5.6 13.4 1.12308e-14
5.8 13.4 6.22506e-14
6 13.4 3.18693e-13
6.2 13.4 1.50691e-12
6.4 13.4 6.5807e-12
6.6 13.4 2.65411e-11
6.8 13.4 9.88584e-11
7 13.4 3.40054e-10
7.2 13.4 1.08022e-09
7.4 13.4 3.1688e-09
7.6 13.4 8.58402e-09
7.8 13.4 2.14729e-08
8 13.4 4.96005e-08
8.2 13.4 1.05797e-07
8.4 13.4 2.08375e-07
8.6 13.4 3.78963e-07
8.8 13.4 6.36391e-07
9 13.4 9.86785e-07
9.2 13.4 1.41283e-06
9.4 13.4 1.86776e-06
9.6 13.4 2.27991e-06
9.8 13.4 2.56966e-06
10 13.4 2.67421e-06
10.2 13.4 2.56966e-06
10.4 13.4 2.27991e-06
10.6 13.4 1.86776e-06
10.8 13.4 1.41283e-06
11 13.4 9.86785e-07
11.2 13.4 6.36391e-07
11.4 13.4 3.78963e-07
11.6 13.4 2.08375e-07
11.8 13.4 1.05797e-07
12 13.4 4.96005e-08
12.2 13.4 2.14729e-08
12.4 13.4 8.58402e-09
12.6 13.4 3.1688e-09
12.8 13.4 1.08022e-09
13 13.4 3.40054e-10
13.2 13.4 9.88584e-11
13.4 13.4 2.65411e-11
13.6 13.4 6.5807e-12
13.8 13.4 1.50691e-12
14 13.4 3.18693e-13
14.2 13.4 6.22506e-14
14.4 13.4 1.12308e-14
14.6 13.4 1.87151e-15
14.8 13.4 2.87348e-16
5.2 13.6 7.12247e-17
5.4 13.6 4.63908e-16
5.6 13.6 2.78403e-15
5.8 13.6 1.54322e-14
6 13.6 7.90088e-14
6.2 13.6 3.73601e-13
6.4 13.6 1.63159e-12
6.6 13.6 6.5807e-12
6.8 13.6 2.45122e-11
7 13.6 8.43198e-11
7.2 13.6 2.67858e-10
7.4 13.6 7.85778e-10
7.6 13.6 2.12866e-09
7.8 13.6 5.32493e-09
8 13.6 1.23004e-08
8.2 13.6 2.62369e-08
8.4 13.6 5.16762e-08
8.6 13.6 9.39827e-08
8.8 13.6 1.57826e-07
9 13.6 2.44727e-07
9.2 13.6 3.50391e-07
9.4 13.6 4.6322e-07
9.6 13.6 5.65439e-07
9.8 13.6 6.37301e-07
10 13.6 6.63231e-07
10.2 13.6 6.37301e-07
10.4 13.6 5.65439e-07
10.6 13.6 4.6322e-07
10.8 13.6 3.50391e-07
11 13.6 2.44727e-07
11.2 13.6 1.57826e-07
11.4 13.6 9.39827e-08
11.6 13.6 5.16762e-08
11.8 13.6 2.62369e-08
12 13.6 1.23004e-08
12.2 13.6 5.32493e-09
12.4 13.6 2.12866e-09
12.6 13.6 7.85778e-10
12.8 13.6 2.67858e-10
13 13.6 8.43198e-11
13.2 13.6 2.45122e-11
13.4 13.6 6.5807e-12
13.6 13.6 1.63159e-12
13.8 13.6 3.73601e-13
14 13.6 7.90088e-14
14.2 13.6 1.54322e-14
14.4 13.6 2.78403e-15
14.6 13.6 4.63908e-16
14.8 13.6 7.12247e-17
5.2 13.8 1.63043e-17
5.4 13.8 1.06199e-16
5.6 13.8 6.37367e-16
5.8 13.8 3.53317e-15
6 13.8 1.80898e-14
6.2 13.8 8.55434e-14
6.4 13.8 3.73601e-13
6.6 13.8 1.50691e-12
6.8 13.8 5.61322e-12
7 13.8 1.93096e-11
7.2 13.8 6.13426e-11
7.4 13.8 1.79957e-10
7.6 13.8 4.87512e-10
7.8 13.8 1.21956e-09
8 13.8 2.8172e-09
8.2 13.8 6.00923e-09
8.4 13.8 1.1836e-08
8.6 13.8 2.15262e-08
8.8 13.8 3.61497e-08
9 13.8 5.60546e-08
9.2 13.8 8.02574e-08
9.4 13.8 1.06102e-07
9.6 13.8 1.29516e-07
9.8 13.8 1.45977e-07
10 13.8 1.51916e-07
10.2 13.8 1.45977e-07
10.4 13.8 1.29516e-07
10.6 13.8 1.06102e-07
10.8 13.8 8.02574e-08
11 13.8 5.60546e-08
11.2 13.8 3.61497e-08
11.4 13.8 2.15262e-08
11.6 13.8 1.1836e-08
11.8 13.8 6.00923e-09
12 13.8 2.8172e-09
12.2 13.8 1.21956e-09
12.4 13.8 4.87512e-10
12.6 13.8 1.79957e-10
12.8 13.8 6.13426e-11
13 13.8 1.93096e-11
13.2 13.8 5.61322e-12
13.4 13.8 1.50691e-12
13.6 13.8 3.73601e-13
13.8 13.8 8.55434e-14
14 13.8 1.80898e-14
14.2 13.8 3.53317e-15
14.4 13.8 6.37367e-16
14.6 13.8 1.06199e-16
14.8 13.8 1.63043e-17
5.2 14 3.44694e-18
5.4 14 2.2453e-17
5.6 14 1.34762e-16
5.8 14 7.47083e-16
6 14 3.82527e-15
6.2 14 1.80898e-14
6.4 14 7.90088e-14
6.6 14 3.18693e-13
6.8 14 1.18718e-12
7 14 4.08406e-12
7.2 14 1.29746e-11
7.4 14 3.8064e-11
7.6 14 1.0312e-10
7.8 14 2.57971e-10
8 14 5.95929e-10
8.2 14 1.27117e-09
8.4 14 2.50379e-09
8.6 14 4.55373e-09
8.8 14 7.64734e-09
9 14 1.18583e-08
9.2 14 1.69785e-08
9.4 14 2.2446e-08
9.6 14 2.73994e-08
9.8 14 3.08819e-08
10 14 3.21384e-08
10.2 14 3.08819e-08
10.4 14 2.73994e-08
10.6 14 2.2446e-08
10.8 14 1.69785e-08
11 14 1.18583e-08
11.2 14 7.64734e-09
11.4 14 4.55373e-09
11.6 14 2.50379e-09
11.8 14 1.27117e-09
12 14 5.95929e-10
12.2 14 2.57971e-10
12.4 14 1.0312e-10
12.6 14 3.8064e-11
12.8 14 1.29746e-11
13 14 4.08406e-12
13.2 14 1.18718e-12
13.4 14 3.18693e-13
13.6 14 7.90088e-14
13.8 14 1.80898e-14
14 14 3.82527e-15
14.2 14 7.47083e-16
14.4 14 1.34762e-16
14.6 14 2.2453e-17
14.8 14 3.44694e-18
5.2 14.2 6.73037e-19
5.4 14.2 4.38431e-18
5.6 14.2 2.63162e-17
5.8 14.2 1.45899e-16
6 14.2 7.47083e-16
6.2 14.2 3.53317e-15
6.4 14.2 1.54322e-14
6.6 14.2 6.22506e-14
6.8 14.2 2.31902e-13
7 14.2 7.97808e-13
7.2 14.2 2.53464e-12
7.4 14.2 7.43618e-12
7.6 14.2 2.01461e-11
7.8 14.2 5.04e-11
8 14.2 1.1643e-10
8.2 14.2 2.48361e-10
8.4 14.2 4.89197e-10
8.6 14.2 8.89736e-10
8.8 14.2 1.4942e-09
9 14.2 2.317e-09
9.2 14.2 3.31748e-09
9.4 14.2 4.38583e-09
9.6 14.2 5.35372e-09
9.8 14.2 6.03418e-09
10 14.2 6.27971e-09
10.2 14.2 6.03418e-09
10.4 14.2 5.35372e-09
10.6 14.2 4.38583e-09
10.8 14.2 3.31748e-09
11 14.2 2.317e-09
11.2 14.2 1.4942e-09
11.4 14.2 8.89736e-10
11.6 14.2 4.89197e-10
11.8 14.2 2.48361e-10
12 14.2 1.1643e-10
12.2 14.2 5.04e-11
12.4 14.2 2.01461e-11
12.6 14.2 7.43618e-12
12.8 14.2 2.53464e-12
13 14.2 7.97808e-13
13.2 14.2 2.31902e-13
13.4 14.2 6.22506e-14
13.6 14.2 1.54322e-14
13.8 14.2 3.53317e-15
14 14.2 7.47083e-16
14.2 14.2 1.45899e-16
14.4 14.2 2.63162e-17
14.6 14.2 4.38431e-18
14.8 14.2 6.73037e-19
5.2 14.4 1.21375e-19
5.4 14.4 7.90706e-19
5.6 14.4 4.74644e-18
5.8 14.4 2.63162e-17
6 14.4 1.34762e-16
6.2 14.4 6.37367e-16
6.4 14.4 2.78403e-15
6.6 14.4 1.12308e-14
6.8 14.4 4.184e-14
7 14.4 1.43947e-13
7.2 14.4 4.57339e-13
7.4 14.4 1.3418e-12
7.6 14.4 3.63531e-12
7.8 14.4 9.09482e-12
8 14.4 2.10106e-11
8.2 14.4 4.48195e-11
8.4 14.4 8.8283e-11
8.6 14.4 1.60569e-10
8.8 14.4 2.6966e-10
9 14.4 4.18156e-10
9.2 14.4 5.9872e-10
9.4 14.4 7.91537e-10
9.6 14.4 9.66224e-10
9.8 14.4 1.08904e-09
10 14.4 1.13335e-09
10.2 14.4 1.08904e-09
10.4 14.4 9.66224e-10
10.6 14.4 7.91537e-10
10.8 14.4 5.9872e-10
11 14.4 4.18156e-10
11.2 14.4 2.6966e-10
11.4 14.4 1.60569e-10
11.6 14.4 8.8283e-11
11.8 14.4 4.48195e-11
12 14.4 2.10106e-11
12.2 14.4 9.09482e-12
12.4 14.4 3.63531e-12
12.6 14.4 1.3418e-12
12.8 14.4 4.57339e-13
13 14.4 1.43947e-13
13.2 14.4 4.184e-14
13.4 14.4 1.12308e-14
13.6 14.4 2.78403e-15
13.8 14.4 6.37367e-16
14 14.4 1.34762e-16
14.2 14.4 2.63162e-17
14.4 14.4 4.74644e-18
14.6 14.4 7.90706e-19
14.8 14.4 1.21375e-19
5.2 14.6 2.0217e-20
5.4 14.6 1.31713e-19
5.6 14.6 7.90706e-19
5.8 14.6 4.38431e-18
6 14.6 2.2453e-17
6.2 14.6 1.06199e-16
6.4 14.6 4.63908e-16
6.6 14.6 1.87151e-15
6.8 14.6 6.97258e-15
7 14.6 2.39897e-14
7.2 14.6 7.62213e-14
7.4 14.6 2.23636e-13
7.6 14.6 6.05912e-13
7.8 14.6 1.51592e-12
8 14.6 3.50212e-12
8.2 14.6 7.47087e-12
8.4 14.6 1.4716e-11
8.6 14.6 2.67659e-11
8.8 14.6 4.49515e-11
9 14.6 6.97063e-11
9.2 14.6 9.98074e-11
9.4 14.6 1.31951e-10
9.6 14.6 1.61073e-10
9.8 14.6 1.81547e-10
10 14.6 1.88934e-10
10.2 14.6 1.81547e-10
10.4 14.6 1.61073e-10
10.6 14.6 1.31951e-10
10.8 14.6 9.98074e-11
11 14.6 6.97063e-11
11.2 14.6 4.49515e-11
11.4 14.6 2.67659e-11
11.6 14.6 1.4716e-11
11.8 14.6 7.47087e-12
12 14.6 3.50212e-12
12.2 14.6 1.51592e-12
12.4 14.6 6.05912e-13
12.6 14.6 2.23636e-13
12.8 14.6 7.62213e-14
13 14.6 2.39897e-14
13.2 14.6 6.97258e-15
13.4 14.6 1.87151e-15
13.6 14.6 4.63908e-16
13.8 14.6 1.06199e-16
14 14.6 2.2453e-17
14.2 14.6 4.38431e-18
14.4 14.6 7.90706e-19
14.6 14.6 1.31713e-19
14.8 14.6 2.0217e-20
5.2 14.8 3.10303e-21
5.4 14.8 2.0217e-20
5.6 14.8 1.21375e-19
5.8 14.8 6.73037e-19
6 14.8 3.44694e-18
6.2 14.8 1.63043e-17
6.4 14.8 7.12247e-17
6.6 14.8 2.87348e-16
6.8 14.8 1.0706e-15
7 14.8 3.68359e-15
7.2 14.8 1.17041e-14
7.4 14.8 3.43411e-14
7.6 14.8 9.30452e-14
7.8 14.8 2.32793e-13
8 14.8 5.37818e-13
8.2 14.8 1.14732e-12
8.4 14.8 2.26e-12
8.6 14.8 4.11062e-12
8.8 14.8 6.90359e-12
9 14.8 1.07055e-11
9.2 14.8 1.53286e-11
9.4 14.8 2.02654e-11
9.6 14.8 2.47381e-11
9.8 14.8 2.78826e-11
10 14.8 2.90172e-11
10.2 14.8 2.78826e-11
10.4 14.8 2.47381e-11
10.6 14.8 2.02654e-11
10.8 14.8 1.53286e-11
11 14.8 1.07055e-11
11.2 14.8 6.90359e-12
11.4 14.8 4.11062e-12
11.6 14.8 2.26e-12
11.8 14.8 1.14732e-12
12 14.8 5.37818e-13
12.2 14.8 2.32793e-13
12.4 14.8 9.30452e-14
12.6 14.8 3.43411e-14
12.8 14.8 1.17041e-14
13 14.8 3.68359e-15
13.2 14.8 1.0706e-15
13.4 14.8 2.87348e-16
13.6 14.8 7.12247e-17
13.8 14.8 1.63043e-17
14 14.8 3.44694e-18
14.2 14.8 6.73037e-19
14.4 14.8 1.21375e-19
14.6 14.8 2.0217e-20
14.8 14.8 3.10303e-21

