5.2 5.2 6.72763e-21
5.4 5.2 4.39615e-20
5.6 5.2 2.64934e-19
5.8 5.2 1.47429e-18
6 5.2 7.57525e-18
6.2 5.2 3.59399e-17
6.4 5.2 1.57441e-16
6.6 5.2 6.36809e-16
6.8 5.2 2.37821e-15
7 5.2 8.20038e-15
7.2 5.2 2.61069e-14
7.4 5.2 7.67383e-14
7.6 5.2 2.08256e-13
7.8 5.2 5.21808e-13
8 5.2 1.20711e-12
8.2 5.2 2.57811e-12
8.4 5.2 5.08363e-12
8.6 5.2 9.25468e-12
8.8 5.2 1.55547e-11
9 5.2 2.41364e-11
9.2 5.2 3.45773e-11
9.4 5.2 4.57319e-11
9.6 5.2 5.58412e-11
9.8 5.2 6.295e-11
10 5.2 6.55153e-11
10.2 5.2 6.295e-11
10.4 5.2 5.58412e-11
10.6 5.2 4.57319e-11
10.8 5.2 3.45773e-11
11 5.2 2.41364e-11
11.2 5.2 1.55547e-11
11.4 5.2 9.25468e-12
11.6 5.2 5.08363e-12
11.8 5.2 2.57811e-12
12 5.2 1.20711e-12
12.2 5.2 5.21808e-13
12.4 5.2 2.08256e-13
12.6 5.2 7.67383e-14
12.8 5.2 2.61069e-14
13 5.2 8.20038e-15
13.2 5.2 2.37821e-15
13.4 5.2 6.36809e-16
13.6 5.2 1.57441e-16
13.8 5.2 3.59399e-17
14 5.2 7.57525e-18
14.2 5.2 1.47429e-18
14.4 5.2 2.64934e-19
14.6 5.2 4.39615e-20
14.8 5.2 6.72763e-21
5.2 5.4 4.39615e-20
5.4 5.4 2.87259e-19
5.6 5.4 1.73112e-18
5.8 5.4 9.63293e-18
6 5.4 4.94952e-17
6.2 5.4 2.34819e-16
6.4 5.4 1.02864e-15
6.6 5.4 4.16051e-15
6.8 5.4 1.55374e-14
7 5.4 5.35742e-14
7.2 5.4 1.70558e-13
7.4 5.4 5.01327e-13
7.6 5.4 1.36051e-12
7.8 5.4 3.40886e-12
8 5.4 7.8857e-12
8.2 5.4 1.68419e-11
8.4 5.4 3.32094e-11
8.6 5.4 6.04568e-11
8.8 5.4 1.01611e-10
9 5.4 1.57671e-10
9.2 5.4 2.25875e-10
9.4 5.4 2.98741e-10
9.6 5.4 3.64778e-10
9.8 5.4 4.11216e-10
10 5.4 4.27973e-10
10.2 5.4 4.11216e-10
10.4 5.4 3.64778e-10
10.6 5.4 2.98741e-10
10.8 5.4 2.25875e-10
11 5.4 1.57671e-10
11.2 5.4 1.01611e-10
11.4 5.4 6.04568e-11
11.6 5.4 3.32094e-11
11.8 5.4 1.68419e-11
12 5.4 7.8857e-12
12.2 5.4 3.40886e-12
12.4 5.4 1.36051e-12
12.6 5.4 5.01327e-13
12.8 5.4 1.70558e-13
13 5.4 5.35742e-14
13.2 5.4 1.55374e-14
13.4 5.4 4.16051e-15
13.6 5.4 1.02864e-15
13.8 5.4 2.34819e-16
14 5.4 4.94952e-17
14.2 5.4 9.63293e-18
14.4 5.4 1.73112e-18
14.6 5.4 2.87259e-19
14.8 5.4 4.39615e-20
5.2 5.6 2.64934e-19
5.4 5.6 1.73112e-18
5.6 5.6 1.04319e-17
5.8 5.6 5.80469e-17
6 5.6 2.98242e-16
6.2 5.6 1.4149e-15
6.4 5.6 6.19787e-15
6.6 5.6 2.50677e-14
6.8 5.6 9.36133e-14
7 5.6 3.22778e-13
7.2 5.6 1.02757e-12
7.4 5.6 3.02032e-12
7.6 5.6 8.19645e-12
7.8 5.6 2.05365e-11
8 5.6 4.75063e-11
8.2 5.6 1.01461e-10
8.4 5.6 2.00061e-10
8.6 5.6 3.64202e-10
8.8 5.6 6.12118e-10
9 5.6 9.49819e-10
9.2 5.6 1.36068e-09
9.4 5.6 1.79962e-09
9.6 5.6 2.19742e-09
9.8 5.6 2.47716e-09
10 5.6 2.5781e-09
10.2 5.6 2.47716e-09
10.4 5.6 2.19742e-09
10.6 5.6 1.79962e-09
10.8 5.6 1.36068e-09
11 5.6 9.49819e-10
11.2 5.6 6.12118e-10
11.4 5.6 3.64202e-10
11.6 5.6 2.00061e-10
11.8 5.6 1.01461e-10
12 5.6 4.75063e-11
12.2 5.6 2.05365e-11
12.4 5.6 8.19645e-12
12.6 5.6 3.02032e-12
12.8 5.6 1.02757e-12
13 5.6 3.22778e-13
13.2 5.6 9.36133e-14
13.4 5.6 2.50677e-14
13.6 5.6 6.19787e-15
13.8 5.6 1.4149e-15
14 5.6 2.98242e-16
14.2 5.6 5.80469e-17
14.4 5.6 1.04319e-17
14.6 5.6 1.73112e-18
14.8 5.6 2.64934e-19
5.2 5.8 1.47429e-18
5.4 5.8 9.63293e-18
5.6 5.8 5.80469e-17
5.8 5.8 3.22984e-16
6 5.8 1.65942e-15
6.2 5.8 7.87229e-15
6.4 5.8 3.44831e-14
6.6 5.8 1.39466e-13
6.8 5.8 5.20812e-13
7 5.8 1.79572e-12
7.2 5.8 5.71659e-12
7.4 5.8 1.68024e-11
7.6 5.8 4.55971e-11
7.8 5.8 1.14244e-10
8 5.8 2.64272e-10
8.2 5.8 5.64407e-10
8.4 5.8 1.11289e-09
8.6 5.8 2.02595e-09
8.8 5.8 3.40502e-09
9 5.8 5.2835e-09
9.2 5.8 7.56895e-09
9.4 5.8 1.00106e-08
9.6 5.8 1.22233e-08
9.8 5.8 1.37794e-08
10 5.8 1.43409e-08
10.2 5.8 1.37794e-08
10.4 5.8 1.22233e-08
10.6 5.8 1.00106e-08
10.8 5.8 7.56895e-09
11 5.8 5.2835e-09
11.2 5.8 3.40502e-09
11.4 5.8 2.02595e-09
11.6 5.8 1.11289e-09
11.8 5.8 5.64407e-10
12 5.8 2.64272e-10
12.2 5.8 1.14244e-10
12.4 5.8 4.55971e-11
12.6 5.8 1.68024e-11
12.8 5.8 5.71659e-12
13 5.8 1.79572e-12
13.2 5.8 5.20812e-13
13.4 5.8 1.39466e-13
13.6 5.8 3.44831e-14
13.8 5.8 7.87229e-15
14 5.8 1.65942e-15
14.2 5.8 3.22984e-16
14.4 5.8 5.80469e-17
14.6 5.8 9.63293e-18
14.8 5.8 1.47429e-18
5.2 6 7.57525e-18
5.4 6 4.94952e-17
5.6 6 2.98242e-16
5.8 6 1.65942e-15
6 6 8.52551e-15
6.2 6 4.04439e-14
6.4 6 1.77153e-13
6.6 6 7.16473e-13
6.8 6 2.67549e-12
7 6 9.2247e-12
7.2 6 2.93659e-11
7.4 6 8.63118e-11
7.6 6 2.34223e-10
7.8 6 5.86839e-10
8 6 1.35748e-09
8.2 6 2.89914e-09
8.4 6 5.71644e-09
8.6 6 1.04063e-08
8.8 6 1.74898e-08
9 6 2.71385e-08
9.2 6 3.88774e-08
9.4 6 5.14184e-08
9.6 6 6.2784e-08
9.8 6 7.07762e-08
10 6 7.36603e-08
10.2 6 7.07762e-08
10.4 6 6.2784e-08
10.6 6 5.14184e-08
10.8 6 3.88774e-08
11 6 2.71385e-08
11.2 6 1.74898e-08
11.4 6 1.04063e-08
11.6 6 5.71644e-09
11.8 6 2.89914e-09
12 6 1.35748e-09
12.2 6 5.86839e-10
12.4 6 2.34223e-10
12.6 6 8.63118e-11
12.8 6 2.93659e-11
13 6 9.2247e-12
13.2 6 2.67549e-12
13.4 6 7.16473e-13
13.6 6 1.77153e-13
13.8 6 4.04439e-14
14 6 8.52551e-15
14.2 6 1.65942e-15
14.4 6 2.98242e-16
14.6 6 4.94952e-17
14.8 6 7.57525e-18
5.2 6.2 3.59399e-17
5.4 6.2 2.34819e-16
5.6 6.2 1.4149e-15
5.8 6.2 7.87229e-15
6 6.2 4.04439e-14
6.2 6.2 1.91856e-13
6.4 6.2 8.40349e-13
6.6 6.2 3.39862e-12
6.8 6.2 1.2691e-11
7 6.2 4.37561e-11
7.2 6.2 1.39291e-10
7.4 6.2 4.09395e-10
7.6 6.2 1.11096e-09
7.8 6.2 2.78343e-09
8 6.2 6.43857e-09
8.2 6.2 1.37506e-08
8.4 6.2 2.71128e-08
8.6 6.2 4.93564e-08
8.8 6.2 8.29522e-08
9 6.2 1.28714e-07
9.2 6.2 1.84389e-07
9.4 6.2 2.43868e-07
9.6 6.2 2.97772e-07
9.8 6.2 3.35677e-07
10 6.2 3.49356e-07
10.2 6.2 3.35677e-07
10.4 6.2 2.97772e-07
10.6 6.2 2.43868e-07
10.8 6.2 1.84389e-07
11 6.2 1.28714e-07
11.2 6.2 8.29522e-08
11.4 6.2 4.93564e-08
11.6 6.2 2.71128e-08
11.8 6.2 1.37506e-08
12 6.2 6.43857e-09
12.2 6.2 2.78343e-09
12.4 6.2 1.11096e-09
12.6 6.2 4.09395e-10
12.8 6.2 1.39291e-10
13 6.2 4.37561e-11
13.2 6.2 1.2691e-11
13.4 6.2 3.39862e-12
13.6 6.2 8.40349e-13
13.8 6.2 1.91856e-13
14 6.2 4.04439e-14
14.2 6.2 7.87229e-15
14.4 6.2 1.4149e-15
14.6 6.2 2.34819e-16
14.8 6.2 3.59399e-17
5.2 6.4 1.57441e-16
5.4 6.4 1.02864e-15
5.6 6.4 6.19787e-15
5.8 6.4 3.44831e-14
6 6.4 1.77153e-13
6.2 6.4 8.40349e-13
6.4 6.4 3.68074e-12
6.6 6.4 1.48857e-11
6.8 6.4 5.55849e-11
7 6.4 1.91642e-10
7.2 6.4 6.10053e-10
7.4 6.4 1.79301e-09
7.6 6.4 4.86554e-09
7.8 6.4 1.21902e-08
8 6.4 2.81977e-08
8.2 6.4 6.02202e-08
8.4 6.4 1.18738e-07
8.6 6.4 2.16151e-07
8.8 6.4 3.63278e-07
9 6.4 5.63683e-07
9.2 6.4 8.07501e-07
9.4 6.4 1.06798e-06
9.6 6.4 1.30404e-06
9.8 6.4 1.47003e-06
10 6.4 1.52993e-06
10.2 6.4 1.47003e-06
10.4 6.4 1.30404e-06
10.6 6.4 1.06798e-06
10.8 6.4 8.07501e-07
11 6.4 5.63683e-07
11.2 6.4 3.63278e-07
11.4 6.4 2.16151e-07
11.6 6.4 1.18738e-07
11.8 6.4 6.02202e-08
12 6.4 2.81977e-08
12.2 6.4 1.21902e-08
12.4 6.4 4.86554e-09
12.6 6.4 1.79301e-09
12.8 6.4 6.10053e-10
13 6.4 1.91642e-10
13.2 6.4 5.55849e-11
13.4 6.4 1.48857e-11
13.6 6.4 3.68074e-12
13.8 6.4 8.40349e-13
14 6.4 1.77153e-13
14.2 6.4 3.44831e-14
14.4 6.4 6.19787e-15
14.6 6.4 1.02864e-15
14.8 6.4 1.57441e-16
5.2 6.6 6.36809e-16
5.4 6.6 4.16051e-15
5.6 6.6 2.50677e-14
5.8 6.6 1.39466e-13
6 6.6 7.16473e-13
6.2 6.6 3.39862e-12
6.4 6.6 1.48857e-11
6.6 6.6 6.01999e-11
6.8 6.6 2.24789e-10
7 6.6 7.75002e-10
7.2 6.6 2.46703e-09
7.4 6.6 7.25075e-09
7.6 6.6 1.96755e-08
7.8 6.6 4.92947e-08
8 6.6 1.14025e-07
8.2 6.6 2.43515e-07
8.4 6.6 4.80143e-07
8.6 6.6 8.74046e-07
8.8 6.6 1.46897e-06
9 6.6 2.27933e-06
9.2 6.6 3.26523e-06
9.4 6.6 4.31848e-06
9.6 6.6 5.27301e-06
9.8 6.6 5.94422e-06
10 6.6 6.18644e-06
10.2 6.6 5.94422e-06
10.4 6.6 5.27301e-06
10.6 6.6 4.31848e-06
10.8 6.6 3.26523e-06
11 6.6 2.27933e-06
11.2 6.6 1.46897e-06
11.4 6.6 8.74046e-07
11.6 6.6 4.80143e-07
11.8 6.6 2.43515e-07
12 6.6 1.14025e-07
12.2 6.6 4.92947e-08
12.4 6.6 1.96755e-08
12.6 6.6 7.25075e-09
12.8 6.6 2.46703e-09
13 6.6 7.75002e-10
13.2 6.6 2.24789e-10
13.4 6.6 6.01999e-11
13.6 6.6 1.48857e-11
13.8 6.6 3.39862e-12
14 6.6 7.16473e-13
14.2 6.6 1.39466e-13
14.4 6.6 2.50677e-14
14.6 6.6 4.16051e-15
14.8 6.6 6.36809e-16
5.2 6.8 2.37821e-15
5.4 6.8 1.55374e-14
5.6 6.8 9.36133e-14
5.8 6.8 5.20812e-13
6 6.8 2.67549e-12
6.2 6.8 1.2691e-11
6.4 6.8 5.55849e-11
6.6 6.8 2.24789e-10
6.8 6.8 8.3936e-10
7 6.8 2.89381e-09
7.2 6.8 9.21159e-09
7.4 6.8 2.70731e-08
7.6 6.8 7.34645e-08
7.8 6.8 1.84055e-07
8 6.8 4.2574e-07
8.2 6.8 9.09212e-07
8.4 6.8 1.7927e-06
8.6 6.8 3.26339e-06
8.8 6.8 5.48461e-06
9 6.8 8.51016e-06
9.2 6.8 1.21911e-05
9.4 6.8 1.61235e-05
9.6 6.8 1.96872e-05
9.8 6.8 2.21933e-05
10 6.8 2.30976e-05
10.2 6.8 2.21933e-05
10.4 6.8 1.96872e-05
10.6 6.8 1.61235e-05
10.8 6.8 1.21911e-05
11 6.8 8.51016e-06
11.2 6.8 5.48461e-06
11.4 6.8 3.26339e-06
11.6 6.8 1.7927e-06
11.8 6.8 9.09212e-07
12 6.8 4.2574e-07
12.2 6.8 1.84055e-07
12.4 6.8 7.34645e-08
12.6 6.8 2.70731e-08
12.8 6.8 9.21159e-09
13 6.8 2.89381e-09
13.2 6.8 8.3936e-10
13.4 6.8 2.24789e-10
13.6 6.8 5.55849e-11
13.8 6.8 1.2691e-11
14 6.8 2.67549e-12
14.2 6.8 5.20812e-13
14.4 6.8 9.36133e-14
14.6 6.8 1.55374e-14
14.8 6.8 2.37821e-15
5.2 7 8.20038e-15
5.4 7 5.35742e-14
5.6 7 3.22778e-13
5.8 7 1.79572e-12
6 7 9.2247e-12
6.2 7 4.37561e-11
6.4 7 1.91642e-10
6.6 7 7.75002e-10
6.8 7 2.89381e-09
7 7 9.97666e-09
7.2 7 3.17574e-08
7.4 7 9.3335e-08
7.6 7 2.53267e-07
7.8 7 6.34519e-07
8 7 1.4677e-06
8.2 7 3.13441e-06
8.4 7 6.18011e-06
8.6 7 1.12501e-05
8.8 7 1.89073e-05
9 7 2.93373e-05
9.2 7 4.20265e-05
9.4 7 5.55825e-05
9.6 7 6.78678e-05
9.8 7 7.65067e-05
10 7 7.96242e-05
10.2 7 7.65067e-05
10.4 7 6.78678e-05
10.6 7 5.55825e-05
10.8 7 4.20265e-05
11 7 2.93373e-05
11.2 7 1.89073e-05
11.4 7 1.12501e-05
11.6 7 6.18011e-06
11.8 7 3.13441e-06
12 7 1.4677e-06
12.2 7 6.34519e-07
12.4 7 2.53267e-07
12.6 7 9.3335e-08
12.8 7 3.17574e-08
13 7 9.97666e-09
13.2 7 2.89381e-09
13.4 7 7.75002e-10
13.6 7 1.91642e-10
13.8 7 4.37561e-11
14 7 9.2247e-12
14.2 7 1.79572e-12
14.4 7 3.22778e-13
14.6 7 5.35742e-14
14.8 7 8.20038e-15
5.2 7.2 2.61069e-14
5.4 7.2 1.70558e-13
5.6 7.2 1.02757e-12
5.8 7.2 5.71659e-12
6 7.2 2.93659e-11
6.2 7.2 1.39291e-10
6.4 7.2 6.10053e-10
6.6 7.2 2.46703e-09
6.8 7.2 9.21159e-09
7 7.2 3.17574e-08
7.2 7.2 1.01088e-07
7.4 7.2 2.97095e-07
7.6 7.2 8.06168e-07
7.8 7.2 2.0197e-06
8 7.2 4.67174e-06
8.2 7.2 9.97685e-06
8.4 7.2 1.96712e-05
8.6 7.2 3.58086e-05
8.8 7.2 6.01812e-05
9 7.2 9.3379e-05
9.2 7.2 0.000133768
9.4 7.2 0.000176915
9.6 7.2 0.000216018
9.8 7.2 0.000243515
10 7.2 0.000253437
10.2 7.2 0.000243515
10.4 7.2 0.000216018
10.6 7.2 0.000176915
10.8 7.2 0.000133768
11 7.2 9.3379e-05
11.2 7.2 6.01812e-05
11.4 7.2 3.58086e-05
11.6 7.2 1.96712e-05
11.8 7.2 9.97685e-06
12 7.2 4.67174e-06
12.2 7.2 2.0197e-06
12.4 7.2 8.06168e-07
12.6 7.2 2.97095e-07
12.8 7.2 1.01088e-07
13 7.2 3.17574e-08
13.2 7.2 9.21159e-09
13.4 7.2 2.46703e-09
13.6 7.2 6.10053e-10
13.8 7.2 1.39291e-10
14 7.2 2.93659e-11
14.2 7.2 5.71659e-12
14.4 7.2 1.02757e-12
14.6 7.2 1.70558e-13
14.8 7.2 2.61069e-14
5.2 7.4 7.67383e-14
5.4 7.4 5.01327e-13
5.6 7.4 3.02032e-12
5.8 7.4 1.68024e-11
6 7.4 8.63118e-11
6.2 7.4 4.09395e-10
6.4 7.4 1.79301e-09
6.6 7.4 7.25075e-09
6.8 7.4 2.70731e-08
7 7.4 9.3335e-08
7.2 7.4 2.97095e-07
7.4 7.4 8.73144e-07
7.6 7.4 2.36926e-06
7.8 7.4 5.9357e-06
8 7.4 1.37297e-05
8.2 7.4 2.93206e-05
8.4 7.4 5.78105e-05
8.6 7.4 0.000105235
8.8 7.4 0.000176861
9 7.4 0.000274423
9.2 7.4 0.000393116
9.4 7.4 0.000519917
9.6 7.4 0.000634832
9.8 7.4 0.000715638
10 7.4 0.000744798
10.2 7.4 0.000715638
10.4 7.4 0.000634832
10.6 7.4 0.000519917
10.8 7.4 0.000393116
11 7.4 0.000274423
11.2 7.4 0.000176861
11.4 7.4 0.000105235
11.6 7.4 5.78105e-05
11.8 7.4 2.93206e-05
12 7.4 1.37297e-05
12.2 7.4 5.9357e-06
12.4 7.4 2.36926e-06
12.6 7.4 8.73144e-07
12.8 7.4 2.97095e-07
13 7.4 9.3335e-08
13.2 7.4 2.70731e-08
13.4 7.4 7.25075e-09
13.6 7.4 1.79301e-09
13.8 7.4 4.09395e-10
14 7.4 8.63118e-11
14.2 7.4 1.68024e-11
14.4 7.4 3.02032e-12
14.6 7.4 5.01327e-13
14.8 7.4 7.67383e-14
5.2 7.6 2.08256e-13
5.4 7.6 1.36051e-12
5.6 7.6 8.19645e-12
5.8 7.6 4.55971e-11
6 7.6 2.34223e-10
6.2 7.6 1.11096e-09
6.4 7.6 4.86554e-09
6.6 7.6 1.96755e-08
6.8 7.6 7.34645e-08
7 7.6 2.53267e-07
7.2 7.6 8.06168e-07
7.4 7.6 2.36926e-06
7.6 7.6 6.4289e-06
7.8 7.6 1.61062e-05
8 7.6 3.72544e-05
8.2 7.6 7.95588e-05
8.4 7.6 0.000156863
8.6 7.6 0.000285544
8.8 7.6 0.000479892
9 7.6 0.000744611
9.2 7.6 0.00106667
9.4 7.6 0.00141072
9.6 7.6 0.00172252
9.8 7.6 0.00194178
10 7.6 0.0020209
10.2 7.6 0.00194178
10.4 7.6 0.00172252
10.6 7.6 0.00141072
10.8 7.6 0.00106667
11 7.6 0.000744611
11.2 7.6 0.000479892
11.4 7.6 0.000285544
11.6 7.6 0.000156863
11.8 7.6 7.95588e-05
12 7.6 3.72544e-05
12.2 7.6 1.61062e-05
12.4 7.6 6.4289e-06
12.6 7.6 2.36926e-06
12.8 7.6 8.06168e-07
13 7.6 2.53267e-07
13.2 7.6 7.34645e-08
13.4 7.6 1.96755e-08
13.6 7.6 4.86554e-09
13.8 7.6 1.11096e-09
14 7.6 2.34223e-10
14.2 7.6 4.55971e-11
14.4 7.6 8.19645e-12
14.6 7.6 1.36051e-12
14.8 7.6 2.08256e-13
5.2 7.8 5.21808e-13
5.4 7.8 3.40886e-12
5.6 7.8 2.05365e-11
5.8 7.8 1.14244e-10
6 7.8 5.86839e-10
6.2 7.8 2.78343e-09
6.4 7.8 1.21902e-08
6.6 7.8 4.92947e-08
6.8 7.8 1.84055e-07
7 7.8 6.34519e-07
7.2 7.8 2.0197e-06
7.4 7.8 5.9357e-06
7.6 7.8 1.61062e-05
7.8 7.8 4.03503e-05
8 7.8 9.33316e-05
8.2 7.8 0.000199314
8.4 7.8 0.000392978
8.6 7.8 0.000715351
8.8 7.8 0.00120223
9 7.8 0.0018654
9.2 7.8 0.00267221
9.4 7.8 0.00353413
9.6 7.8 0.00431525
9.8 7.8 0.00486452
10 7.8 0.00506273
10.2 7.8 0.00486452
10.4 7.8 0.00431525
10.6 7.8 0.00353413
10.8 7.8 0.00267221
11 7.8 0.0018654
11.2 7.8 0.00120223
11.4 7.8 0.000715351
11.6 7.8 0.000392978
11.8 7.8 0.000199314
12 7.8 9.33316e-05
12.2 7.8 4.03503e-05
12.4 7.8 1.61062e-05
12.6 7.8 5.9357e-06
12.8 7.8 2.0197e-06
13 7.8 6.34519e-07
13.2 7.8 1.84055e-07
13.4 7.8 4.92947e-08
13.6 7.8 1.21902e-08
13.8 7.8 2.78343e-09
14 7.8 5.86839e-10
14.2 7.8 1.14244e-10
14.4 7.8 2.05365e-11
14.6 7.8 3.40886e-12
14.8 7.8 5.21808e-13
5.2 8 1.20711e-12
5.4 8 7.8857e-12
5.6 8 4.75063e-11
5.8 8 2.64272e-10
6 8 1.35748e-09
6.2 8 6.43857e-09
6.4 8 2.81977e-08
6.6 8 1.14025e-07
6.8 8 4.2574e-07
7 8 1.4677e-06
7.2 8 4.67174e-06
7.4 8 1.37297e-05
7.6 8 3.72544e-05
7.8 8 9.33316e-05
8 8 0.000215878
8.2 8 0.000461015
8.4 8 0.00090896
8.6 8 0.0016546
8.8 8 0.00278075
9 8 0.00431465
9.2 8 0.00618078
9.4 8 0.00817437
9.6 8 0.00998107
9.8 8 0.0112515
10 8 0.01171
10.2 8 0.0112515
10.4 8 0.00998107
10.6 8 0.00817437
10.8 8 0.00618078
11 8 0.00431465
11.2 8 0.00278075
11.4 8 0.0016546
11.6 8 0.00090896
11.8 8 0.000461015
12 8 0.000215878
12.2 8 9.33316e-05
12.4 8 3.72544e-05
12.6 8 1.37297e-05
12.8 8 4.67174e-06
13 8 1.4677e-06
13.2 8 4.2574e-07
13.4 8 1.14025e-07
13.6 8 2.81977e-08
13.8 8 6.43857e-09
14 8 1.35748e-09
14.2 8 2.64272e-10
14.4 8 4.75063e-11
14.6 8 7.8857e-12
14.8 8 1.20711e-12
5.2 8.2 2.57811e-12
5.4 8.2 1.68419e-11
5.6 8.2 1.01461e-10
5.8 8.2 5.64407e-10
6 8.2 2.89914e-09
6.2 8.2 1.37506e-08
6.4 8.2 6.02202e-08
6.6 8.2 2.43515e-07
6.8 8.2 9.09212e-07
7 8.2 3.13441e-06
7.2 8.2 9.97685e-06
7.4 8.2 2.93206e-05
7.6 8.2 7.95588e-05
7.8 8.2 0.000199314
8 8.2 0.000461015
8.2 8.2 0.00098451
8.4 8.2 0.0019411
8.6 8.2 0.00353343
8.8 8.2 0.0059383
9 8.2 0.00921393
9.2 8.2 0.013199
9.4 8.2 0.0174563
9.6 8.2 0.0213145
9.8 8.2 0.0240275
10 8.2 0.0250065
10.2 8.2 0.0240275
10.4 8.2 0.0213145
10.6 8.2 0.0174563
10.8 8.2 0.013199
11 8.2 0.00921393
11.2 8.2 0.0059383
11.4 8.2 0.00353343
11.6 8.2 0.0019411
11.8 8.2 0.00098451
12 8.2 0.000461015
12.2 8.2 0.000199314
12.4 8.2 7.95588e-05
12.6 8.2 2.93206e-05
12.8 8.2 9.97685e-06
13 8.2 3.13441e-06
13.2 8.2 9.09212e-07
13.4 8.2 2.43515e-07
13.6 8.2 6.02202e-08
13.8 8.2 1.37506e-08
14 8.2 2.89914e-09
14.2 8.2 5.64407e-10
14.4 8.2 1.01461e-10
14.6 8.2 1.68419e-11
14.8 8.2 2.57811e-12
5.2 8.4 5.08363e-12
5.4 8.4 3.32094e-11
5.6 8.4 2.00061e-10
5.8 8.4 1.11289e-09
6 8.4 5.71644e-09
6.2 8.4 2.71128e-08
6.4 8.4 1.18738e-07
6.6 8.4 4.80143e-07
6.8 8.4 1.7927e-06
7 8.4 6.18011e-06
7.2 8.4 1.96712e-05
7.4 8.4 5.78105e-05
7.6 8.4 0.000156863
7.8 8.4 0.000392978
8 8.4 0.00090896
8.2 8.4 0.0019411
8.4 8.4 0.00382714
8.6 8.4 0.00696661
8.8 8.4 0.0117081
9 8.4 0.0181664
9.2 8.4 0.0260235
9.4 8.4 0.0344171
9.6 8.4 0.042024
9.8 8.4 0.047373
10 8.4 0.0493032
10.2 8.4 0.047373
10.4 8.4 0.042024
10.6 8.4 0.0344171
10.8 8.4 0.0260235
11 8.4 0.0181664
11.2 8.4 0.0117081
11.4 8.4 0.00696661
11.6 8.4 0.00382714
11.8 8.4 0.0019411
12 8.4 0.00090896
12.2 8.4 0.000392978
12.4 8.4 0.000156863
12.6 8.4 5.78105e-05
12.8 8.4 1.96712e-05
13 8.4 6.18011e-06
13.2 8.4 1.7927e-06
13.4 8.4 4.80143e-07
13.6 8.4 1.18738e-07
13.8 8.4 2.71128e-08
14 8.4 5.71644e-09
14.2 8.4 1.11289e-09
14.4 8.4 2.00061e-10
14.6 8.4 3.32094e-11
14.8 8.4 5.08363e-12
5.2 8.6 9.25468e-12
5.4 8.6 6.04568e-11
5.6 8.6 3.64202e-10
5.8 8.6 2.02595e-09
6 8.6 1.04063e-08
6.2 8.6 4.93564e-08
6.4 8.6 2.16151e-07
6.6 8.6 8.74046e-07
6.8 8.6 3.26339e-06
7 8.6 1.12501e-05
7.2 8.6 3.58086e-05
7.4 8.6 0.000105235
7.6 8.6 0.000285544
7.8 8.6 0.000715351
8 8.6 0.0016546
8.2 8.6 0.00353343
8.4 8.6 0.00696661
8.6 8.6 0.0126814
8.8 8.6 0.0213124
9 8.6 0.0330684
9.2 8.6 0.0473706
9.4 8.6 0.0626496
9.6 8.6 0.0764962
9.8 8.6 0.086233
10 8.6 0.0897466
10.2 8.6 0.086233
10.4 8.6 0.0764962
10.6 8.6 0.0626496
10.8 8.6 0.0473706
11 8.6 0.0330684
11.2 8.6 0.0213124
11.4 8.6 0.0126814
11.6 8.6 0.00696661
11.8 8.6 0.00353343
12 8.6 0.0016546
12.2 8.6 0.000715351
12.4 8.6 0.000285544
12.6 8.6 0.000105235
12.8 8.6 3.58086e-05
13 8.6 1.12501e-05
13.2 8.6 3.26339e-06
13.4 8.6 8.74046e-07
13.6 8.6 2.16151e-07
13.8 8.6 4.93564e-08
14 8.6 1.04063e-08
14.2 8.6 2.02595e-09
14.4 8.6 3.64202e-10
14.6 8.6 6.04568e-11
14.8 8.6 9.25468e-12
5.2 8.8 1.55547e-11
5.4 8.8 1.01611e-10
5.6 8.8 6.12118e-10
5.8 8.8 3.40502e-09
6 8.8 1.74898e-08
6.2 8.8 8.29522e-08
6.4 8.8 3.63278e-07
6.6 8.8 1.46897e-06
6.8 8.8 5.48461e-06
7 8.8 1.89073e-05
7.2 8.8 6.01812e-05
7.4 8.8 0.000176861
7.6 8.8 0.000479892
7.8 8.8 0.00120223
8 8.8 0.00278075
8.2 8.8 0.0059383
8.4 8.8 0.0117081
8.6 8.8 0.0213124
8.8 8.8 0.0358175
9 8.8 0.0555746
9.2 8.8 0.0796108
9.4 8.8 0.105288
9.6 8.8 0.128559
9.8 8.8 0.144922
10 8.8 0.150827
10.2 8.8 0.144922
10.4 8.8 0.128559
10.6 8.8 0.105288
10.8 8.8 0.0796108
11 8.8 0.0555746
11.2 8.8 0.0358175
11.4 8.8 0.0213124
11.6 8.8 0.0117081
11.8 8.8 0.0059383
12 8.8 0.00278075
12.2 8.8 0.00120223
12.4 8.8 0.000479892
12.6 8.8 0.000176861
12.8 8.8 6.01812e-05
13 8.8 1.89073e-05
13.2 8.8 5.48461e-06
13.4 8.8 1.46897e-06
13.6 8.8 3.63278e-07
13.8 8.8 8.29522e-08
14 8.8 1.74898e-08
14.2 8.8 3.40502e-09
14.4 8.8 6.12118e-10
14.6 8.8 1.01611e-10
14.8 8.8 1.55547e-11
5.2 9 2.41364e-11
5.4 9 1.57671e-10
5.6 9 9.49819e-10
5.8 9 5.2835e-09
6 9 2.71385e-08
6.2 9 1.28714e-07
6.4 9 5.63683e-07
6.6 9 2.27933e-06
6.8 9 8.51016e-06
7 9 2.93373e-05
7.2 9 9.3379e-05
7.4 9 0.000274423
7.6 9 0.000744611
7.8 9 0.0018654
8 9 0.00431465
8.2 9 0.00921393
8.4 9 0.0181664
8.6 9 0.0330684
8.8 9 0.0555746
9 9 0.0862296
9.2 9 0.123524
9.4 9 0.163365
9.6 9 0.199472
9.8 9 0.224861
10 9 0.234023
10.2 9 0.224861
10.4 9 0.199472
10.6 9 0.163365
10.8 9 0.123524
11 9 0.0862296
11.2 9 0.0555746
11.4 9 0.0330684
11.6 9 0.0181664
11.8 9 0.00921393
12 9 0.00431465
12.2 9 0.0018654
12.4 9 0.000744611
12.6 9 0.000274423
12.8 9 9.3379e-05
13 9 2.93373e-05
13.2 9 8.51016e-06
13.4 9 2.27933e-06
13.6 9 5.63683e-07
13.8 9 1.28714e-07
14 9 2.71385e-08
14.2 9 5.2835e-09
14.4 9 9.49819e-10
14.6 9 1.57671e-10
14.8 9 2.41364e-11
5.2 9.2 3.45773e-11
5.4 9.2 2.25875e-10
5.6 9.2 1.36068e-09
5.8 9.2 7.56895e-09
6 9.2 3.88774e-08
6.2 9.2 1.84389e-07
6.4 9.2 8.07501e-07
6.6 9.2 3.26523e-06
6.8 9.2 1.21911e-05
7 9.2 4.20265e-05
7.2 9.2 0.000133768
7.4 9.2 0.000393116
7.6 9.2 0.00106667
7.8 9.2 0.00267221
8 9.2 0.00618078
8.2 9.2 0.013199
8.4 9.2 0.0260235
8.6 9.2 0.0473706
8.8 9.2 0.0796108
9 9.2 0.123524
9.2 9.2 0.176948
9.4 9.2 0.234021
9.6 9.2 0.285743
9.8 9.2 0.322113
10 9.2 0.335238
10.2 9.2 0.322113
10.4 9.2 0.285743
10.6 9.2 0.234021
10.8 9.2 0.176948
11 9.2 0.123524
11.2 9.2 0.0796108
11.4 9.2 0.0473706
11.6 9.2 0.0260235
11.8 9.2 0.013199
12 9.2 0.00618078
12.2 9.2 0.00267221
12.4 9.2 0.00106667
12.6 9.2 0.000393116
12.8 9.2 0.000133768
13 9.2 4.20265e-05
13.2 9.2 1.21911e-05
13.4 9.2 3.26523e-06
13.6 9.2 8.07501e-07
13.8 9.2 1.84389e-07
14 9.2 3.88774e-08
14.2 9.2 7.56895e-09
14.4 9.2 1.36068e-09
14.6 9.2 2.25875e-10
14.8 9.2 3.45773e-11
5.2 9.4 4.57319e-11
5.4 9.4 2.98741e-10
5.6 9.4 1.79962e-09
5.8 9.4 1.00106e-08
6 9.4 5.14184e-08
6.2 9.4 2.43868e-07
6.4 9.4 1.06798e-06
6.6 9.4 4.31848e-06
6.8 9.4 1.61235e-05
7 9.4 5.55825e-05
7.2 9.4 0.000176915
7.4 9.4 0.000519917
7.6 9.4 0.00141072
7.8 9.4 0.00353413
8 9.4 0.00817437
8.2 9.4 0.0174563
8.4 9.4 0.0344171
8.6 9.4 0.0626496
8.8 9.4 0.105288
9 9.4 0.163365
9.2 9.4 0.234021
9.4 9.4 0.309501
9.6 9.4 0.377906
9.8 9.4 0.426007
10 9.4 0.443364
10.2 9.4 0.426007
10.4 9.4 0.377906
10.6 9.4 0.309501
10.8 9.4 0.234021
11 9.4 0.163365
11.2 9.4 0.105288
11.4 9.4 0.0626496
11.6 9.4 0.0344171
11.8 9.4 0.0174563
12 9.4 0.00817437
12.2 9.4 0.00353413
12.4 9.4 0.00141072
12.6 9.4 0.000519917
12.8 9.4 0.000176915
13 9.4 5.55825e-05
13.2 9.4 1.61235e-05
13.4 9.4 4.31848e-06
13.6 9.4 1.06798e-06
13.8 9.4 2.43868e-07
14 9.4 5.14184e-08
14.2 9.4 1.00106e-08
14.4 9.4 1.79962e-09
14.6 9.4 2.98741e-10
14.8 9.4 4.57319e-11
5.2 9.6 5.58412e-11
5.4 9.6 3.64778e-10
5.6 9.6 2.19742e-09
5.8 9.6 1.22233e-08
6 9.6 6.2784e-08
6.2 9.6 2.97772e-07
6.4 9.6 1.30404e-06
6.6 9.6 5.27301e-06
6.8 9.6 1.96872e-05
7 9.6 6.78678e-05
7.2 9.6 0.000216018
7.4 9.6 0.000634832
7.6 9.6 0.00172252
7.8 9.6 0.00431525
8 9.6 0.00998107
8.2 9.6 0.0213145
8.4 9.6 0.042024
8.6 9.6 0.0764962
8.8 9.6 0.128559
9 9.6 0.199472
9.2 9.6 0.285743
9.4 9.6 0.377906
9.6 9.6 0.461428
9.8 9.6 0.52016
10 9.6 0.541354
10.2 9.6 0.52016
10.4 9.6 0.461428
10.6 9.6 0.377906
10.8 9.6 0.285743
11 9.6 0.199472
11.2 9.6 0.128559
11.4 9.6 0.0764962
11.6 9.6 0.042024
11.8 9.6 0.0213145
12 9.6 0.00998107
12.2 9.6 0.00431525
12.4 9.6 0.00172252
12.6 9.6 0.000634832
12.8 9.6 0.000216018
13 9.6 6.78678e-05
13.2 9.6 1.96872e-05
13.4 9.6 5.27301e-06
13.6 9.6 1.30404e-06
13.8 9.6 2.97772e-07
14 9.6 6.2784e-08
14.2 9.6 1.22233e-08
14.4 9.6 2.19742e-09
14.6 9.6 3.64778e-10
14.8 9.6 5.58412e-11
5.2 9.8 6.295e-11
5.4 9.8 4.11216e-10
5.6 9.8 2.47716e-09
5.8 9.8 1.37794e-08
6 9.8 7.07762e-08
6.2 9.8 3.35677e-07
6.4 9.8 1.47003e-06
6.6 9.8 5.94422e-06
6.8 9.8 2.21933e-05
7 9.8 7.65067e-05
7.2 9.8 0.000243515
7.4 9.8 0.000715638
7.6 9.8 0.00194178
7.8 9.8 0.00486452
8 9.8 0.0112515
8.2 9.8 0.0240275
8.4 9.8 0.047373
8.6 9.8 0.086233
8.8 9.8 0.144922
9 9.8 0.224861
9.2 9.8 0.322113
9.4 9.8 0.426007
9.6 9.8 0.52016
9.8 9.8 0.586367
10 9.8 0.610259
10.2 9.8 0.586367
10.4 9.8 0.52016
10.6 9.8 0.426007
10.8 9.8 0.322113
11 9.8 0.224861
11.2 9.8 0.144922
11.4 9.8 0.086233
11.6 9.8 0.047373
11.8 9.8 0.0240275
12 9.8 0.0112515
12.2 9.8 0.00486452
12.4 9.8 0.00194178
12.6 9.8 0.000715638
12.8 9.8 0.000243515
13 9.8 7.65067e-05
13.2 9.8 2.21933e-05
13.4 9.8 5.94422e-06
13.6 9.8 1.47003e-06
13.8 9.8 3.35677e-07
14 9.8 7.07762e-08
14.2 9.8 1.37794e-08
14.4 9.8 2.47716e-09
14.6 9.8 4.11216e-10
14.8 9.8 6.295e-11
5.2 10 6.55153e-11
5.4 10 4.27973e-10
5.6 10 2.5781e-09
5.8 10 1.43409e-08
6 10 7.36603e-08
6.2 10 3.49356e-07
6.4 10 1.52993e-06
6.6 10 6.18644e-06
6.8 10 2.30976e-05
7 10 7.96242e-05
7.2 10 0.000253437
7.4 10 0.000744798
7.6 10 0.0020209
7.8 10 0.00506273
8 10 0.01171
8.2 10 0.0250065
8.4 10 0.0493032
8.6 10 0.0897466
8.8 10 0.150827
9 10 0.234023
9.2 10 0.335238
9.4 10 0.443364
9.6 10 0.541354
9.8 10 0.610259
10 10 0.635124
10.2 10 0.610259
10.4 10 0.541354
10.6 10 0.443364
10.8 10 0.335238
11 10 0.234023
11.2 10 0.150827
11.4 10 0.0897466
11.6 10 0.0493032
11.8 10 0.0250065
12 10 0.01171
12.2 10 0.00506273
12.4 10 0.0020209
12.6 10 0.000744798
12.8 10 0.000253437
13 10 7.96242e-05
13.2 10 2.30976e-05
13.4 10 6.18644e-06
13.6 10 1.52993e-06
13.8 10 3.49356e-07
14 10 7.36603e-08
14.2 10 1.43409e-08
14.4 10 2.5781e-09
14.6 10 4.27973e-10
14.8 10 6.55153e-11
5.2 10.2 6.295e-11
5.4 10.2 4.11216e-10
5.6 10.2 2.47716e-09
5.8 10.2 1.37794e-08
6 10.2 7.07762e-08
6.2 10.2 3.35677e-07
6.4 10.2 1.47003e-06
6.6 10.2 5.94422e-06
6.8 10.2 2.21933e-05
7 10.2 7.65067e-05
7.2 10.2 0.000243515
7.4 10.2 0.000715638
7.6 10.2 0.00194178
7.8 10.2 0.00486452
8 10.2 0.0112515
8.2 10.2 0.0240275
8.4 10.2 0.047373
8.6 10.2 0.086233
8.8 10.2 0.144922
9 10.2 0.224861
9.2 10.2 0.322113
9.4 10.2 0.426007
9.6 10.2 0.52016
9.8 10.2 0.586367
10 10.2 0.610259
10.2 10.2 0.586367
10.4 10.2 0.52016
10.6 10.2 0.426007
10.8 10.2 0.322113
11 10.2 0.224861
11.2 10.2 0.144922
11.4 10.2 0.086233
11.6 10.2 0.047373
11.8 10.2 0.0240275
12 10.2 0.0112515
12.2 10.2 0.00486452
12.4 10.2 0.00194178
12.6 10.2 0.000715638
12.8 10.2 0.000243515
13 10.2 7.65067e-05
13.2 10.2 2.21933e-05
13.4 10.2 5.94422e-06
13.6 10.2 1.47003e-06
13.8 10.2 3.35677e-07
14 10.2 7.07762e-08
14.2 10.2 1.37794e-08
14.4 10.2 2.47716e-09
14.6 10.2 4.11216e-10
14.8 10.2 6.295e-11
5.2 10.4 5.58412e-11
5.4 10.4 3.64778e-10
5.6 10.4 2.19742e-09
5.8 10.4 1.22233e-08
6 10.4 6.2784e-08
6.2 10.4 2.97772e-07
6.4 10.4 1.30404e-06
6.6 10.4 5.27301e-06
6.8 10.4 1.96872e-05
7 10.4 6.78678e-05
7.2 10.4 0.000216018
7.4 10.4 0.000634832
7.6 10.4 0.00172252
7.8 10.4 0.00431525
8 10.4 0.00998107
8.2 10.4 0.0213145
8.4 10.4 0.042024
8.6 10.4 0.0764962
8.8 10.4 0.128559
9 10.4 0.199472
9.2 10.4 0.285743
9.4 10.4 0.377906
9.6 10.4 0.461428
9.8 10.4 0.52016
10 10.4 0.541354
10.2 10.4 0.52016
10.4 10.4 0.461428
10.6 10.4 0.377906
10.8 10.4 0.285743
11 10.4 0.199472
11.2 10.4 0.128559
11.4 10.4 0.0764962
11.6 10.4 0.042024
11.8 10.4 0.0213145
12 10.4 0.00998107
12.2 10.4 0.00431525
12.4 10.4 0.00172252
12.6 10.4 0.000634832
12.8 10.4 0.000216018
13 10.4 6.78678e-05
13.2 10.4 1.96872e-05
13.4 10.4 5.27301e-06
13.6 10.4 1.30404e-06
13.8 10.4 2.97772e-07
14 10.4 6.2784e-08
14.2 10.4 1.22233e-08
14.4 10.4 2.19742e-09
14.6 10.4 3.64778e-10
14.8 10.4 5.58412e-11
5.2 10.6 4.57319e-11
5.4 10.6 2.98741e-10
5.6 10.6 1.79962e-09
5.8 10.6 1.00106e-08
6 10.6 5.14184e-08
6.2 10.6 2.43868e-07
6.4 10.6 1.06798e-06
6.6 10.6 4.31848e-06
6.8 10.6 1.61235e-05
7 10.6 5.55825e-05
7.2 10.6 0.000176915
7.4 10.6 0.000519917
7.6 10.6 0.00141072
7.8 10.6 0.00353413
8 10.6 0.00817437
8.2 10.6 0.0174563
8.4 10.6 0.0344171
8.6 10.6 0.0626496
8.8 10.6 0.105288
9 10.6 0.163365
9.2 10.6 0.234021
9.4 10.6 0.309501
9.6 10.6 0.377906
9.8 10.6 0.426007
10 10.6 0.443364
10.2 10.6 0.426007
10.4 10.6 0.377906
10.6 10.6 0.309501
10.8 10.6 0.234021
11 10.6 0.163365
11.2 10.6 0.105288
11.4 10.6 0.0626496
11.6 10.6 0.0344171
11.8 10.6 0.0174563
12 10.6 0.00817437
12.2 10.6 0.00353413
12.4 10.6 0.00141072
12.6 10.6 0.000519917
12.8 10.6 0.000176915
13 10.6 5.55825e-05
13.2 10.6 1.61235e-05
13.4 10.6 4.31848e-06
13.6 10.6 1.06798e-06
13.8 10.6 2.43868e-07
14 10.6 5.14184e-08
14.2 10.6 1.00106e-08
14.4 10.6 1.79962e-09
14.6 10.6 2.98741e-10
14.8 10.6 4.57319e-11
5.2 10.8 3.45773e-11
5.4 10.8 2.25875e-10
5.6 10.8 1.36068e-09
5.8 10.8 7.56895e-09
6 10.8 3.88774e-08
6.2 10.8 1.84389e-07
6.4 10.8 8.07501e-07
6.6 10.8 3.26523e-06
6.8 10.8 1.21911e-05
7 10.8 4.20265e-05
7.2 10.8 0.000133768
7.4 10.8 0.000393116
7.6 10.8 0.00106667
7.8 10.8 0.00267221
8 10.8 0.00618078
8.2 10.8 0.013199
8.4 10.8 0.0260235
8.6 10.8 0.0473706
8.8 10.8 0.0796108
9 10.8 0.123524
9.2 10.8 0.176948
9.4 10.8 0.234021
9.6 10.8 0.285743
9.8 10.8 0.322113
10 10.8 0.335238
10.2 10.8 0.322113
10.4 10.8 0.285743
10.6 10.8 0.234021
10.8 10.8 0.176948
11 10.8 0.123524
11.2 10.8 0.0796108
11.4 10.8 0.0473706
11.6 10.8 0.0260235
11.8 10.8 0.013199
12 10.8 0.00618078
12.2 10.8 0.00267221
12.4 10.8 0.00106667
12.6 10.8 0.000393116
12.8 10.8 0.000133768
13 10.8 4.20265e-05
13.2 10.8 1.21911e-05
13.4 10.8 3.26523e-06
13.6 10.8 8.07501e-07
13.8 10.8 1.84389e-07
14 10.8 3.88774e-08
14.2 10.8 7.56895e-09
14.4 10.8 1.36068e-09
14.6 10.8 2.25875e-10
14.8 10.8 3.45773e-11
5.2 11 2.41364e-11
5.4 11 1.57671e-10
5.6 11 9.49819e-10
5.8 11 5.2835e-09
6 11 2.71385e-08
6.2 11 1.28714e-07
6.4 11 5.63683e-07
6.6 11 2.27933e-06
6.8 11 8.51016e-06
7 11 2.93373e-05
7.2 11 9.3379e-05
7.4 11 0.000274423
7.6 11 0.000744611
7.8 11 0.0018654
8 11 0.00431465
8.2 11 0.00921393
8.4 11 0.0181664
8.6 11 0.0330684
8.8 11 0.0555746
9 11 0.0862296
9.2 11 0.123524
9.4 11 0.163365
9.6 11 0.199472
9.8 11 0.224861
10 11 0.234023
10.2 11 0.224861
10.4 11 0.199472
10.6 11 0.163365
10.8 11 0.123524
11 11 0.0862296
11.2 11 0.0555746
11.4 11 0.0330684
11.6 11 0.0181664
11.8 11 0.00921393
12 11 0.00431465
12.2 11 0.0018654
12.4 11 0.000744611
12.6 11 0.000274423
12.8 11 9.3379e-05
13 11 2.93373e-05
13.2 11 8.51016e-06
13.4 11 2.27933e-06
13.6 11 5.63683e-07
13.8 11 1.28714e-07
14 11 2.71385e-08
14.2 11 5.2835e-09
14.4 11 9.49819e-10
14.6 11 1.57671e-10
14.8 11 2.41364e-11
5.2 11.2 1.55547e-11
5.4 11.2 1.01611e-10
5.6 11.2 6.12118e-10
5.8 11.2 3.40502e-09
6 11.2 1.74898e-08
6.2 11.2 8.29522e-08
6.4 11.2 3.63278e-07
6.6 11.2 1.46897e-06
6.8 11.2 5.48461e-06
7 11.2 1.89073e-05
7.2 11.2 6.01812e-05
7.4 11.2 0.000176861
7.6 11.2 0.000479892
7.8 11.2 0.00120223
8 11.2 0.00278075
8.2 11.2 0.0059383
8.4 11.2 0.0117081
8.6 11.2 0.0213124
8.8 11.2 0.0358175
9 11.2 0.0555746
9.2 11.2 0.0796108
9.4 11.2 0.105288
9.6 11.2 0.128559
9.8 11.2 0.144922
10 11.2 0.150827
10.2 11.2 0.144922
10.4 11.2 0.128559
10.6 11.2 0.105288
10.8 11.2 0.0796108
11 11.2 0.0555746
11.2 11.2 0.0358175
11.4 11.2 0.0213124
11.6 11.2 0.0117081
11.8 11.2 0.0059383
12 11.2 0.00278075
12.2 11.2 0.00120223
12.4 11.2 0.000479892
12.6 11.2 0.000176861
12.8 11.2 6.01812e-05
13 11.2 1.89073e-05
13.2 11.2 5.48461e-06
13.4 11.2 1.46897e-06
13.6 11.2 3.63278e-07
13.8 11.2 8.29522e-08
14 11.2 1.74898e-08
14.2 11.2 3.40502e-09
14.4 11.2 6.12118e-10
14.6 11.2 1.01611e-10
14.8 11.2 1.55547e-11
5.2 11.4 9.25468e-12
5.4 11.4 6.04568e-11
5.6 11.4 3.64202e-10
5.8 11.4 2.02595e-09
6 11.4 1.04063e-08
6.2 11.4 4.93564e-08
6.4 11.4 2.16151e-07
6.6 11.4 8.74046e-07
6.8 11.4 3.26339e-06
7 11.4 1.12501e-05
7.2 11.4 3.58086e-05
7.4 11.4 0.000105235
7.6 11.4 0.000285544
7.8 11.4 0.000715351
8 11.4 0.0016546
8.2 11.4 0.00353343
8.4 11.4 0.00696661
8.6 11.4 0.0126814
8.8 11.4 0.0213124
9 11.4 0.0330684
9.2 11.4 0.0473706
9.4 11.4 0.0626496
9.6 11.4 0.0764962
9.8 11.4 0.086233
10 11.4 0.0897466
10.2 11.4 0.086233
10.4 11.4 0.0764962
10.6 11.4 0.0626496
10.8 11.4 0.0473706
11 11.4 0.0330684
11.2 11.4 0.0213124
11.4 11.4 0.0126814
11.6 11.4 0.00696661
11.8 11.4 0.00353343
12 11.4 0.0016546
12.2 11.4 0.000715351
12.4 11.4 0.000285544
12.6 11.4 0.000105235
12.8 11.4 3.58086e-05
13 11.4 1.12501e-05
13.2 11.4 3.26339e-06
13.4 11.4 8.74046e-07
13.6 11.4 2.16151e-07
13.8 11.4 4.93564e-08
14 11.4 1.04063e-08
14.2 11.4 2.02595e-09
14.4 11.4 3.64202e-10
14.6 11.4 6.04568e-11
14.8 11.4 9.25468e-12
5.2 11.6 5.08363e-12
5.4 11.6 3.32094e-11
5.6 11.6 2.00061e-10
5.8 11.6 1.11289e-09
6 11.6 5.71644e-09
6.2 11.6 2.71128e-08
6.4 11.6 1.18738e-07
6.6 11.6 4.80143e-07
6.8 11.6 1.7927e-06
7 11.6 6.18011e-06
7.2 11.6 1.96712e-05
7.4 11.6 5.78105e-05
7.6 11.6 0.000156863
7.8 11.6 0.000392978
8 11.6 0.00090896
8.2 11.6 0.0019411
8.4 11.6 0.00382714
8.6 11.6 0.00696661
8.8 11.6 0.0117081
9 11.6 0.0181664
9.2 11.6 0.0260235
9.4 11.6 0.0344171
9.6 11.6 0.042024
9.8 11.6 0.047373
10 11.6 0.0493032
10.2 11.6 0.047373
10.4 11.6 0.042024
10.6 11.6 0.0344171
10.8 11.6 0.0260235
11 11.6 0.0181664
11.2 11.6 0.0117081
11.4 11.6 0.00696661
11.6 11.6 0.00382714
11.8 11.6 0.0019411
12 11.6 0.00090896
12.2 11.6 0.000392978
12.4 11.6 0.000156863
12.6 11.6 5.78105e-05
12.8 11.6 1.96712e-05
13 11.6 6.18011e-06
13.2 11.6 1.7927e-06
13.4 11.6 4.80143e-07
13.6 11.6 1.18738e-07
13.8 11.6 2.71128e-08
14 11.6 5.71644e-09
14.2 11.6 1.11289e-09
14.4 11.6 2.00061e-10
14.6 11.6 3.32094e-11
14.8 11.6 5.08363e-12
5.2 11.8 2.57811e-12
5.4 11.8 1.68419e-11
5.6 11.8 1.01461e-10
5.8 11.8 5.64407e-10
6 11.8 2.89914e-09
6.2 11.8 1.37506e-08
6.4 11.8 6.02202e-08
6.6 11.8 2.43515e-07
6.8 11.8 9.09212e-07
7 11.8 3.13441e-06
7.2 11.8 9.97685e-06
7.4 11.8 2.93206e-05
7.6 11.8 7.95588e-05
7.8 11.8 0.000199314
8 11.8 0.000461015
8.2 11.8 0.00098451
8.4 11.8 0.0019411
8.6 11.8 0.00353343
8.8 11.8 0.0059383
9 11.8 0.00921393
9.2 11.8 0.013199
9.4 11.8 0.0174563
9.6 11.8 0.0213145
9.8 11.8 0.0240275
10 11.8 0.0250065
10.2 11.8 0.0240275
10.4 11.8 0.0213145
10.6 11.8 0.0174563
10.8 11.8 0.013199
11 11.8 0.00921393
11.2 11.8 0.0059383
11.4 11.8 0.00353343
11.6 11.8 0.0019411
11.8 11.8 0.00098451
12 11.8 0.000461015
12.2 11.8 0.000199314
12.4 11.8 7.95588e-05
12.6 11.8 2.93206e-05
12.8 11.8 9.97685e-06
13 11.8 3.13441e-06
13.2 11.8 9.09212e-07
13.4 11.8 2.43515e-07
13.6 11.8 6.02202e-08
13.8 11.8 1.37506e-08
14 11.8 2.89914e-09
14.2 11.8 5.64407e-10
14.4 11.8 1.01461e-10
14.6 11.8 1.68419e-11
14.8 11.8 2.57811e-12
5.2 12 1.20711e-12
5.4 12 7.8857e-12
5.6 12 4.75063e-11
5.8 12 2.64272e-10
6 12 1.35748e-09
6.2 12 6.43857e-09
6.4 12 2.81977e-08
6.6 12 1.14025e-07
6.8 12 4.2574e-07
7 12 1.4677e-06
7.2 12 4.67174e-06
7.4 12 1.37297e-05
7.6 12 3.72544e-05
7.8 12 9.33316e-05
8 12 0.000215878
8.2 12 0.000461015
8.4 12 0.00090896
8.6 12 0.0016546
8.8 12 0.00278075
9 12 0.00431465
9.2 12 0.00618078
9.4 12 0.00817437
9.6 12 0.00998107
9.8 12 0.0112515
10 12 0.01171
10.2 12 0.0112515
10.4 12 0.00998107
10.6 12 0.00817437
10.8 12 0.00618078
11 12 0.00431465
11.2 12 0.00278075
11.4 12 0.0016546
11.6 12 0.00090896
11.8 12 0.000461015
12 12 0.000215878
12.2 12 9.33316e-05
12.4 12 3.72544e-05
12.6 12 1.37297e-05
12.8 12 4.67174e-06
13 12 1.4677e-06
13.2 12 4.2574e-07
13.4 12 1.14025e-07
13.6 12 2.81977e-08
13.8 12 6.43857e-09
14 12 1.35748e-09
14.2 12 2.64272e-10
14.4 12 4.75063e-11
14.6 12 7.8857e-12
14.8 12 1.20711e-12
5.2 12.2 5.21808e-13
5.4 12.2 3.40886e-12
5.6 12.2 2.05365e-11
5.8 12.2 1.14244e-10
6 12.2 5.86839e-10
6.2 12.2 2.78343e-09
6.4 12.2 1.21902e-08
6.6 12.2 4.92947e-08
6.8 12.2 1.84055e-07
7 12.2 6.34519e-07
7.2 12.2 2.0197e-06
7.4 12.2 5.9357e-06
7.6 12.2 1.61062e-05
7.8 12.2 4.03503e-05
8 12.2 9.33316e-05
8.2 12.2 0.000199314
8.4 12.2 0.000392978
8.6 12.2 0.000715351
8.8 12.2 0.00120223
9 12.2 0.0018654
9.2 12.2 0.00267221
9.4 12.2 0.00353413
9.6 12.2 0.00431525
9.8 12.2 0.00486452
10 12.2 0.00506273
10.2 12.2 0.00486452
10.4 12.2 0.00431525
10.6 12.2 0.00353413
10.8 12.2 0.00267221
11 12.2 0.0018654
11.2 12.2 0.00120223
11.4 12.2 0.000715351
11.6 12.2 0.000392978
11.8 12.2 0.000199314
12 12.2 9.33316e-05
12.2 12.2 4.03503e-05
12.4 12.2 1.61062e-05
12.6 12.2 5.9357e-06
12.8 12.2 2.0197e-06
13 12.2 6.34519e-07
13.2 12.2 1.84055e-07
13.4 12.2 4.92947e-08
13.6 12.2 1.21902e-08
13.8 12.2 2.78343e-09
14 12.2 5.86839e-10
14.2 12.2 1.14244e-10
14.4 12.2 2.05365e-11
14.6 12.2 3.40886e-12
14.8 12.2 5.21808e-13
5.2 12.4 2.08256e-13
5.4 12.4 1.36051e-12
5.6 12.4 8.19645e-12
5.8 12.4 4.55971e-11
6 12.4 2.34223e-10
6.2 12.4 1.11096e-09
6.4 12.4 4.86554e-09
6.6 12.4 1.96755e-08
6.8 12.4 7.34645e-08
7 12.4 2.53267e-07
7.2 12.4 8.06168e-07
7.4 12.4 2.36926e-06
7.6 12.4 6.4289e-06
7.8 12.4 1.61062e-05
8 12.4 3.72544e-05
8.2 12.4 7.95588e-05
8.4 12.4 0.000156863
8.6 12.4 0.000285544
8.8 12.4 0.000479892
9 12.4 0.000744611
9.2 12.4 0.00106667
9.4 12.4 0.00141072
9.6 12.4 0.00172252
9.8 12.4 0.00194178
10 12.4 0.0020209
10.2 12.4 0.00194178
10.4 12.4 0.00172252
10.6 12.4 0.00141072
10.8 12.4 0.00106667
11 12.4 0.000744611
11.2 12.4 0.000479892
11.4 12.4 0.000285544
11.6 12.4 0.000156863
11.8 12.4 7.95588e-05
12 12.4 3.72544e-05
12.2 12.4 1.61062e-05
12.4 12.4 6.4289e-06
12.6 12.4 2.36926e-06
12.8 12.4 8.06168e-07
13 12.4 2.53267e-07
13.2 12.4 7.34645e-08
13.4 12.4 1.96755e-08
13.6 12.4 4.86554e-09
13.8 12.4 1.11096e-09
14 12.4 2.34223e-10
14.2 12.4 4.55971e-11
14.4 12.4 8.19645e-12
14.6 12.4 1.36051e-12
14.8 12.4 2.08256e-13
5.2 12.6 7.67383e-14
5.4 12.6 5.01327e-13
5.6 12.6 3.02032e-12
5.8 12.6 1.68024e-11
6 12.6 8.63118e-11
6.2 12.6 4.09395e-10
6.4 12.6 1.79301e-09
6.6 12.6 7.25075e-09
6.8 12.6 2.70731e-08
7 12.6 9.3335e-08
7.2 12.6 2.97095e-07
7.4 12.6 8.73144e-07
7.6 12.6 2.36926e-06
7.8 12.6 5.9357e-06
8 12.6 1.37297e-05
8.2 12.6 2.93206e-05
8.4 12.6 5.78105e-05
8.6 12.6 0.000105235
8.8 12.6 0.000176861
9 12.6 0.000274423
9.2 12.6 0.000393116
9.4 12.6 0.000519917
9.6 12.6 0.000634832
9.8 12.6 0.000715638
10 12.6 0.000744798
10.2 12.6 0.000715638
10.4 12.6 0.000634832
10.6 12.6 0.000519917
10.8 12.6 0.000393116
11 12.6 0.000274423
11.2 12.6 0.000176861
11.4 12.6 0.000105235
11.6 12.6 5.78105e-05
11.8 12.6 2.93206e-05
12 12.6 1.37297e-05
12.2 12.6 5.9357e-06
12.4 12.6 2.36926e-06
12.6 12.6 8.73144e-07
12.8 12.6 2.97095e-07
13 12.6 9.3335e-08
13.2 12.6 2.70731e-08
13.4 12.6 7.25075e-09
13.6 12.6 1.79301e-09
13.8 12.6 4.09395e-10
14 12.6 8.63118e-11
14.2 12.6 1.68024e-11
14.4 12.6 3.02032e-12
14.6 12.6 5.01327e-13
14.8 12.6 7.67383e-14
5.2 12.8 2.61069e-14
5.4 12.8 1.70558e-13
5.6 12.8 1.02757e-12
5.8 12.8 5.71659e-12
6 12.8 2.93659e-11
6.2 12.8 1.39291e-10
6.4 12.8 6.10053e-10
6.6 12.8 2.46703e-09
6.8 12.8 9.21159e-09
7 12.8 3.17574e-08
7.2 12.8 1.01088e-07
7.4 12.8 2.97095e-07
7.6 12.8 8.06168e-07
7.8 12.8 2.0197e-06
8 12.8 4.67174e-06
8.2 12.8 9.97685e-06
8.4 12.8 1.96712e-05
8.6 12.8 3.58086e-05
8.8 12.8 6.01812e-05
9 12.8 9.3379e-05
9.2 12.8 0.000133768
9.4 12.8 0.000176915
9.6 12.8 0.000216018
9.8 12.8 0.000243515
10 12.8 0.000253437
10.2 12.8 0.000243515
10.4 12.8 0.000216018
10.6 12.8 0.000176915
10.8 12.8 0.000133768
11 12.8 9.3379e-05
11.2 12.8 6.01812e-05
11.4 12.8 3.58086e-05
11.6 12.8 1.96712e-05
11.8 12.8 9.97685e-06
12 12.8 4.67174e-06
12.2 12.8 2.0197e-06
12.4 12.8 8.06168e-07
12.6 12.8 2.97095e-07
12.8 12.8 1.01088e-07
13 12.8 3.17574e-08
13.2 12.8 9.21159e-09
13.4 12.8 2.46703e-09
13.6 12.8 6.10053e-10
13.8 12.8 1.39291e-10
14 12.8 2.93659e-11
14.2 12.8 5.71659e-12
14.4 12.8 1.02757e-12
14.6 12.8 1.70558e-13
14.8 12.8 2.61069e-14
5.2 13 8.20038e-15
5.4 13 5.35742e-14
5.6 13 3.22778e-13
5.8 13 1.79572e-12
6 13 9.2247e-12
6.2 13 4.37561e-11
6.4 13 1.91642e-10
6.6 13 7.75002e-10
6.8 13 2.89381e-09
7 13 9.97666e-09
7.2 13 3.17574e-08
7.4 13 9.3335e-08
7.6 13 2.53267e-07
7.8 13 6.34519e-07
8 13 1.4677e-06
8.2 13 3.13441e-06
8.4 13 6.18011e-06
8.6 13 1.12501e-05
8.8 13 1.89073e-05
9 13 2.93373e-05
9.2 13 4.20265e-05
9.4 13 5.55825e-05
9.6 13 6.78678e-05
9.8 13 7.65067e-05
10 13 7.96242e-05
10.2 13 7.65067e-05
10.4 13 6.78678e-05
10.6 13 5.55825e-05
10.8 13 4.20265e-05
11 13 2.93373e-05
11.2 13 1.89073e-05
11.4 13 1.12501e-05
11.6 13 6.18011e-06
11.8 13 3.13441e-06
12 13 1.4677e-06
12.2 13 6.34519e-07
12.4 13 2.53267e-07
12.6 13 9.3335e-08
12.8 13 3.17574e-08
13 13 9.97666e-09
13.2 13 2.89381e-09
13.4 13 7.75002e-10
13.6 13 1.91642e-10
13.8 13 4.37561e-11
14 13 9.2247e-12
14.2 13 1.79572e-12
14.4 13 3.22778e-13
14.6 13 5.35742e-14
14.8 13 8.20038e-15
5.2 13.2 2.37821e-15
5.4 13.2 1.55374e-14
5.6 13.2 9.36133e-14
5.8 13.2 5.20812e-13
6 13.2 2.67549e-12
6.2 13.2 1.2691e-11
6.4 13.2 5.55849e-11
6.6 13.2 2.24789e-10
6.8 13.2 8.3936e-10
7 13.2 2.89381e-09
7.2 13.2 9.21159e-09
7.4 13.2 2.70731e-08
7.6 13.2 7.34645e-08
7.8 13.2 1.84055e-07
8 13.2 4.2574e-07
8.2 13.2 9.09212e-07
8.4 13.2 1.7927e-06
8.6 13.2 3.26339e-06
8.8 13.2 5.48461e-06
9 13.2 8.51016e-06
9.2 13.2 1.21911e-05
9.4 13.2 1.61235e-05
9.6 13.2 1.96872e-05
9.8 13.2 2.21933e-05
10 13.2 2.30976e-05
10.2 13.2 2.21933e-05
10.4 13.2 1.96872e-05
10.6 13.2 1.61235e-05
10.8 13.2 1.21911e-05
11 13.2 8.51016e-06
11.2 13.2 5.48461e-06
11.4 13.2 3.26339e-06
11.6 13.2 1.7927e-06
11.8 13.2 9.09212e-07
12 13.2 4.2574e-07
12.2 13.2 1.84055e-07
12.4 13.2 7.34645e-08
12.6 13.2 2.70731e-08
12.8 13.2 9.21159e-09
13 13.2 2.89381e-09
13.2 13.2 8.3936e-10
13.4 13.2 2.24789e-10
13.6 13.2 5.55849e-11
13.8 13.2 1.2691e-11
14 13.2 2.67549e-12
14.2 13.2 5.20812e-13
14.4 13.2 9.36133e-14
14.6 13.2 1.55374e-14
14.8 13.2 2.37821e-15
5.2 13.4 6.36809e-16
5.4 13.4 4.16051e-15
5.6 13.4 2.50677e-14
5.8 13.4 1.39466e-13
6 13.4 7.16473e-13
6.2 13.4 3.39862e-12
6.4 13.4 1.48857e-11
6.6 13.4 6.01999e-11
6.8 13.4 2.24789e-10
7 13.4 7.75002e-10
7.2 13.4 2.46703e-09
7.4 13.4 7.25075e-09
7.6 13.4 1.96755e-08
7.8 13.4 4.92947e-08
8 13.4 1.14025e-07
8.2 13.4 2.43515e-07
8.4 13.4 4.80143e-07
8.6 13.4 8.74046e-07
8.8 13.4 1.46897e-06
9 13.4 2.27933e-06
9.2 13.4 3.26523e-06
9.4 13.4 4.31848e-06
9.6 13.4 5.27301e-06
9.8 13.4 5.94422e-06
10 13.4 6.18644e-06
10.2 13.4 5.94422e-06
10.4 13.4 5.27301e-06
10.6 13.4 4.31848e-06
10.8 13.4 3.26523e-06
11 13.4 2.27933e-06
11.2 13.4 1.46897e-06
11.4 13.4 8.74046e-07
11.6 13.4 4.80143e-07
11.8 13.4 2.43515e-07
12 13.4 1.14025e-07
12.2 13.4 4.92947e-08
12.4 13.4 1.96755e-08
12.6 13.4 7.25075e-09
12.8 13.4 2.46703e-09
13 13.4 7.75002e-10
13.2 13.4 2.24789e-10
13.4 13.4 6.01999e-11
13.6 13.4 1.48857e-11
13.8 13.4 3.39862e-12
14 13.4 7.16473e-13
14.2 13.4 1.39466e-13
14.4 13.4 2.50677e-14
14.6 13.4 4.16051e-15
14.8 13.4 6.36809e-16
5.2 13.6 1.57441e-16
5.4 13.6 1.02864e-15
5.6 13.6 6.19787e-15
5.8 13.6 3.44831e-14
6 13.6 1.77153e-13
6.2 13.6 8.40349e-13
6.4 13.6 3.68074e-12
6.6 13.6 1.48857e-11
6.8 13.6 5.55849e-11
7 13.6 1.91642e-10
7.2 13.6 6.10053e-10
7.4 13.6 1.79301e-09
7.6 13.6 4.86554e-09
7.8 13.6 1.21902e-08
8 13.6 2.81977e-08
8.2 13.6 6.02202e-08
8.4 13.6 1.18738e-07
8.6 13.6 2.16151e-07
8.8 13.6 3.63278e-07
9 13.6 5.63683e-07
9.2 13.6 8.07501e-07
9.4 13.6 1.06798e-06
9.6 13.6 1.30404e-06
9.8 13.6 1.47003e-06
10 13.6 1.52993e-06
10.2 13.6 1.47003e-06
10.4 13.6 1.30404e-06
10.6 13.6 1.06798e-06
10.8 13.6 8.07501e-07
11 13.6 5.63683e-07
11.2 13.6 3.63278e-07
11.4 13.6 2.16151e-07
11.6 13.6 1.18738e-07
11.8 13.6 6.02202e-08
12 13.6 2.81977e-08
12.2 13.6 1.21902e-08
12.4 13.6 4.86554e-09
12.6 13.6 1.79301e-09
12.8 13.6 6.10053e-10
13 13.6 1.91642e-10
13.2 13.6 5.55849e-11
13.4 13.6 1.48857e-11
13.6 13.6 3.68074e-12
13.8 13.6 8.40349e-13
14 13.6 1.77153e-13
14.2 13.6 3.44831e-14
14.4 13.6 6.19787e-15
14.6 13.6 1.02864e-15
14.8 13.6 1.57441e-16
5.2 13.8 3.59399e-17
5.4 13.8 2.34819e-16
5.6 13.8 1.4149e-15
5.8 13.8 7.87229e-15
6 13.8 4.04439e-14
6.2 13.8 1.91856e-13
6.4 13.8 8.40349e-13
6.6 13.8 3.39862e-12
6.8 13.8 1.2691e-11
7 13.8 4.37561e-11
7.2 13.8 1.39291e-10
7.4 13.8 4.09395e-10
7.6 13.8 1.11096e-09
7.8 13.8 2.78343e-09
8 13.8 6.43857e-09
8.2 13.8 1.37506e-08
8.4 13.8 2.71128e-08
8.6 13.8 4.93564e-08
8.8 13.8 8.29522e-08
9 13.8 1.28714e-07
9.2 13.8 1.84389e-07
9.4 13.8 2.43868e-07
9.6 13.8 2.97772e-07
9.8 13.8 3.35677e-07
10 13.8 3.49356e-07
10.2 13.8 3.35677e-07
10.4 13.8 2.97772e-07
10.6 13.8 2.43868e-07
10.8 13.8 1.84389e-07
11 13.8 1.28714e-07
11.2 13.8 8.29522e-08
11.4 13.8 4.93564e-08
11.6 13.8 2.71128e-08
11.8 13.8 1.37506e-08
12 13.8 6.43857e-09
12.2 13.8 2.78343e-09
12.4 13.8 1.11096e-09
12.6 13.8 4.09395e-10
12.8 13.8 1.39291e-10
13 13.8 4.37561e-11
13.2 13.8 1.2691e-11
13.4 13.8 3.39862e-12
13.6 13.8 8.40349e-13
13.8 13.8 1.91856e-13
14 13.8 4.04439e-14
14.2 13.8 7.87229e-15
14.4 13.8 1.4149e-15
14.6 13.8 2.34819e-16
14.8 13.8 3.59399e-17
5.2 14 7.57525e-18
5.4 14 4.94952e-17
5.6 14 2.98242e-16
5.8 14 1.65942e-15
6 14 8.52551e-15
6.2 14 4.04439e-14
6.4 14 1.77153e-13
6.6 14 7.16473e-13
6.8 14 2.67549e-12
7 14 9.2247e-12
7.2 14 2.93659e-11
7.4 14 8.63118e-11
7.6 14 2.34223e-10
7.8 14 5.86839e-10
8 14 1.35748e-09
8.2 14 2.89914e-09
8.4 14 5.71644e-09
8.6 14 1.04063e-08
8.8 14 1.74898e-08
9 14 2.71385e-08
9.2 14 3.88774e-08
9.4 14 5.14184e-08
9.6 14 6.2784e-08
9.8 14 7.07762e-08
10 14 7.36603e-08
10.2 14 7.07762e-08
10.4 14 6.2784e-08
10.6 14 5.14184e-08
10.8 14 3.88774e-08
11 14 2.71385e-08
11.2 14 1.74898e-08
11.4 14 1.04063e-08
11.6 14 5.71644e-09
11.8 14 2.89914e-09
12 14 1.35748e-09
12.2 14 5.86839e-10
12.4 14 2.34223e-10
12.6 14 8.63118e-11
12.8 14 2.93659e-11
13 14 9.2247e-12
13.2 14 2.67549e-12
13.4 14 7.16473e-13
13.6 14 1.77153e-13
13.8 14 4.04439e-14
14 14 8.52551e-15
14.2 14 1.65942e-15
14.4 14 2.98242e-16
14.6 14 4.94952e-17
14.8 14 7.57525e-18
5.2 14.2 1.47429e-18
5.4 14.2 9.63293e-18
5.6 14.2 5.80469e-17
5.8 14.2 3.22984e-16
6 14.2 1.65942e-15
6.2 14.2 7.87229e-15
6.4 14.2 3.44831e-14
6.6 14.2 1.39466e-13
6.8 14.2 5.20812e-13
7 14.2 1.79572e-12
7.2 14.2 5.71659e-12
7.4 14.2 1.68024e-11
7.6 14.2 4.55971e-11
7.8 14.2 1.14244e-10
8 14.2 2.64272e-10
8.2 14.2 5.64407e-10
8.4 14.2 1.11289e-09
8.6 14.2 2.02595e-09
8.8 14.2 3.40502e-09
9 14.2 5.2835e-09
9.2 14.2 7.56895e-09
9.4 14.2 1.00106e-08
9.6 14.2 1.22233e-08
9.8 14.2 1.37794e-08
10 14.2 1.43409e-08
10.2 14.2 1.37794e-08
10.4 14.2 1.22233e-08
10.6 14.2 1.00106e-08
10.8 14.2 7.56895e-09
11 14.2 5.2835e-09
11.2 14.2 3.40502e-09
11.4 14.2 2.02595e-09
11.6 14.2 1.11289e-09
11.8 14.2 5.64407e-10
12 14.2 2.64272e-10
12.2 14.2 1.14244e-10
12.4 14.2 4.55971e-11
12.6 14.2 1.68024e-11
12.8 14.2 5.71659e-12
13 14.2 1.79572e-12
13.2 14.2 5.20812e-13
13.4 14.2 1.39466e-13
13.6 14.2 3.44831e-14
13.8 14.2 7.87229e-15
14 14.2 1.65942e-15
14.2 14.2 3.22984e-16
14.4 14.2 5.80469e-17
14.6 14.2 9.63293e-18
14.8 14.2 1.47429e-18
5.2 14.4 2.64934e-19
5.4 14.4 1.73112e-18
5.6 14.4 1.04319e-17
5.8 14.4 5.80469e-17
6 14.4 2.98242e-16
6.2 14.4 1.4149e-15
6.4 14.4 6.19787e-15
6.6 14.4 2.50677e-14
6.8 14.4 9.36133e-14
7 14.4 3.22778e-13
7.2 14.4 1.02757e-12
7.4 14.4 3.02032e-12
7.6 14.4 8.19645e-12
7.8 14.4 2.05365e-11
8 14.4 4.75063e-11
8.2 14.4 1.01461e-10
8.4 14.4 2.00061e-10
8.6 14.4 3.64202e-10
8.8 14.4 6.12118e-10
9 14.4 9.49819e-10
9.2 14.4 1.36068e-09
9.4 14.4 1.79962e-09
9.6 14.4 2.19742e-09
9.8 14.4 2.47716e-09
10 14.4 2.5781e-09
10.2 14.4 2.47716e-09
10.4 14.4 2.19742e-09
10.6 14.4 1.79962e-09
10.8 14.4 1.36068e-09
11 14.4 9.49819e-10
11.2 14.4 6.12118e-10
11.4 14.4 3.64202e-10
11.6 14.4 2.00061e-10
11.8 14.4 1.01461e-10
12 14.4 4.75063e-11
12.2 14.4 2.05365e-11
12.4 14.4 8.19645e-12
12.6 14.4 3.02032e-12
12.8 14.4 1.02757e-12
13 14.4 3.22778e-13
13.2 14.4 9.36133e-14
13.4 14.4 2.50677e-14
13.6 14.4 6.19787e-15
13.8 14.4 1.4149e-15
14 14.4 2.98242e-16
14.2 14.4 5.80469e-17
14.4 14.4 1.04319e-17
14.6 14.4 1.73112e-18
14.8 14.4 2.64934e-19
5.2 14.6 4.39615e-20
5.4 14.6 2.87259e-19
5.6 14.6 1.73112e-18
5.8 14.6 9.63293e-18
6 14.6 4.94952e-17
6.2 14.6 2.34819e-16
6.4 14.6 1.02864e-15
6.6 14.6 4.16051e-15
6.8 14.6 1.55374e-14
7 14.6 5.35742e-14
7.2 14.6 1.70558e-13
7.4 14.6 5.01327e-13
7.6 14.6 1.36051e-12
7.8 14.6 3.40886e-12
8 14.6 7.8857e-12
8.2 14.6 1.68419e-11
8.4 14.6 3.32094e-11
8.6 14.6 6.04568e-11
8.8 14.6 1.01611e-10
9 14.6 1.57671e-10
9.2 14.6 2.25875e-10
9.4 14.6 2.98741e-10
9.6 14.6 3.64778e-10
9.8 14.6 4.11216e-10
10 14.6 4.27973e-10
10.2 14.6 4.11216e-10
10.4 14.6 3.64778e-10
10.6 14.6 2.98741e-10
10.8 14.6 2.25875e-10
11 14.6 1.57671e-10
11.2 14.6 1.01611e-10
11.4 14.6 6.04568e-11
11.6 14.6 3.32094e-11
11.8 14.6 1.68419e-11
12 14.6 7.8857e-12
12.2 14.6 3.40886e-12
12.4 14.6 1.36051e-12
12.6 14.6 5.01327e-13
12.8 14.6 1.70558e-13
13 14.6 5.35742e-14
13.2 14.6 1.55374e-14
13.4 14.6 4.16051e-15
13.6 14.6 1.02864e-15
13.8 14.6 2.34819e-16
14 14.6 4.94952e-17
14.2 14.6 9.63293e-18
14.4 14.6 1.73112e-18
14.6 14.6 2.87259e-19
14.8 14.6 4.39615e-20
5.2 14.8 6.72763e-21
5.4 14.8 4.39615e-20
5.6 14.8 2.64934e-19
5.8 14.8 1.47429e-18
6 14.8 7.57525e-18
6.2 14.8 3.59399e-17
6.4 14.8 1.57441e-16
6.6 14.8 6.36809e-16
6.8 14.8 2.37821e-15
7 14.8 8.20038e-15
7.2 14.8 2.61069e-14
7.4 14.8 7.67383e-14
7.6 14.8 2.08256e-13
7.8 14.8 5.21808e-13
8 14.8 1.20711e-12
8.2 14.8 2.57811e-12
8.4 14.8 5.08363e-12
8.6 14.8 9.25468e-12
8.8 14.8 1.55547e-11
9 14.8 2.41364e-11
9.2 14.8 3.45773e-11
9.4 14.8 4.57319e-11
9.6 14.8 5.58412e-11
9.8 14.8 6.295e-11
10 14.8 6.55153e-11
10.2 14.8 6.295e-11
10.4 14.8 5.58412e-11
10.6 14.8 4.57319e-11
10.8 14.8 3.45773e-11
11 14.8 2.41364e-11
11.2 14.8 1.55547e-11
11.4 14.8 9.25468e-12
11.6 14.8 5.08363e-12
11.8 14.8 2.57811e-12
12 14.8 1.20711e-12
12.2 14.8 5.21808e-13
12.4 14.8 2.08256e-13
12.6 14.8 7.67383e-14
12.8 14.8 2.61069e-14
13 14.8 8.20038e-15
13.2 14.8 2.37821e-15
13.4 14.8 6.36809e-16
13.6 14.8 1.57441e-16
13.8 14.8 3.59399e-17
14 14.8 7.57525e-18
14.2 14.8 1.47429e-18
14.4 14.8 2.64934e-19
14.6 14.8 4.39615e-20
14.8 14.8 6.72763e-21

