5.2 5.2 1.33808e-20
5.4 5.2 8.76629e-20
5.6 5.2 5.30103e-19
5.8 5.2 2.9592e-18
6 5.2 1.52496e-17
6.2 5.2 7.25457e-17
6.4 5.2 3.1859e-16
6.6 5.2 1.29157e-15
6.8 5.2 4.83363e-15
7 5.2 1.66991e-14
7.2 5.2 5.32574e-14
7.4 5.2 1.56795e-13
7.6 5.2 4.26135e-13
7.8 5.2 1.06912e-12
8 5.2 2.47611e-12
8.2 5.2 5.29392e-12
8.4 5.2 1.04484e-11
8.6 5.2 1.90363e-11
8.8 5.2 3.20168e-11
9 5.2 4.97091e-11
9.2 5.2 7.12454e-11
9.4 5.2 9.42627e-11
9.6 5.2 1.15129e-10
9.8 5.2 1.29805e-10
10 5.2 1.35102e-10
10.2 5.2 1.29805e-10
10.4 5.2 1.15129e-10
10.6 5.2 9.42627e-11
10.8 5.2 7.12454e-11
11 5.2 4.97091e-11
11.2 5.2 3.20168e-11
11.4 5.2 1.90363e-11
11.6 5.2 1.04484e-11
11.8 5.2 5.29392e-12
12 5.2 2.47611e-12
12.2 5.2 1.06912e-12
12.4 5.2 4.26135e-13
12.6 5.2 1.56795e-13
12.8 5.2 5.32574e-14
13 5.2 1.66991e-14
13.2 5.2 4.83363e-15
13.4 5.2 1.29157e-15
13.6 5.2 3.1859e-16
13.8 5.2 7.25457e-17
14 5.2 1.52496e-17
14.2 5.2 2.9592e-18
14.4 5.2 5.30103e-19
14.6 5.2 8.76629e-20
14.8 5.2 1.33808e-20
5.2 5.4 8.76629e-20
5.4 5.4 5.74313e-19
5.6 5.4 3.4729e-18
5.8 5.4 1.93868e-17
6 5.4 9.99052e-17
6.2 5.4 4.75269e-16
6.4 5.4 2.08717e-15
6.6 5.4 8.46146e-15
6.8 5.4 3.16664e-14
7 5.4 1.094e-13
7.2 5.4 3.48902e-13
7.4 5.4 1.0272e-12
7.6 5.4 2.7917e-12
7.8 5.4 7.00404e-12
8 5.4 1.62215e-11
8.2 5.4 3.46815e-11
8.4 5.4 6.84492e-11
8.6 5.4 1.2471e-10
8.8 5.4 2.09748e-10
9 5.4 3.25653e-10
9.2 5.4 4.66741e-10
9.4 5.4 6.17532e-10
9.6 5.4 7.54231e-10
9.8 5.4 8.50377e-10
10 5.4 8.85075e-10
10.2 5.4 8.50377e-10
10.4 5.4 7.54231e-10
10.6 5.4 6.17532e-10
10.8 5.4 4.66741e-10
11 5.4 3.25653e-10
11.2 5.4 2.09748e-10
11.4 5.4 1.2471e-10
11.6 5.4 6.84492e-11
11.8 5.4 3.46815e-11
12 5.4 1.62215e-11
12.2 5.4 7.00404e-12
12.4 5.4 2.7917e-12
12.6 5.4 1.0272e-12
12.8 5.4 3.48902e-13
13 5.4 1.094e-13
13.2 5.4 3.16664e-14
13.4 5.4 8.46146e-15
13.6 5.4 2.08717e-15
13.8 5.4 4.75269e-16
14 5.4 9.99052e-17
14.2 5.4 1.93868e-17
14.4 5.4 3.4729e-18
14.6 5.4 5.74313e-19
14.8 5.4 8.76629e-20
5.2 5.6 5.30103e-19
5.4 5.6 3.4729e-18
5.6 5.6 2.10007e-17
5.8 5.6 1.17232e-16
6 5.6 6.04124e-16
6.2 5.6 2.87393e-15
6.4 5.6 1.2621e-14
6.6 5.6 5.11657e-14
6.8 5.6 1.91484e-13
7 5.6 6.6153e-13
7.2 5.6 2.10976e-12
7.4 5.6 6.21131e-12
7.6 5.6 1.6881e-11
7.8 5.6 4.23522e-11
8 5.6 9.80887e-11
8.2 5.6 2.09713e-10
8.4 5.6 4.13899e-10
8.6 5.6 7.54097e-10
8.8 5.6 1.2683e-09
9 5.6 1.96916e-09
9.2 5.6 2.82229e-09
9.4 5.6 3.73408e-09
9.6 5.6 4.56067e-09
9.8 5.6 5.14204e-09
10 5.6 5.35186e-09
10.2 5.6 5.14204e-09
10.4 5.6 4.56067e-09
10.6 5.6 3.73408e-09
10.8 5.6 2.82229e-09
11 5.6 1.96916e-09
11.2 5.6 1.2683e-09
11.4 5.6 7.54097e-10
11.6 5.6 4.13899e-10
11.8 5.6 2.09713e-10
12 5.6 9.80887e-11
12.2 5.6 4.23522e-11
12.4 5.6 1.6881e-11
12.6 5.6 6.21131e-12
12.8 5.6 2.10976e-12
13 5.6 6.6153e-13
13.2 5.6 1.91484e-13
13.4 5.6 5.11657e-14
13.6 5.6 1.2621e-14
13.8 5.6 2.87393e-15
14 5.6 6.04124e-16
14.2 5.6 1.17232e-16
14.4 5.6 2.10007e-17
14.6 5.6 3.4729e-18
14.8 5.6 5.30103e-19
5.2 5.8 2.9592e-18
5.4 5.8 1.93868e-17
5.6 5.8 1.17232e-16
5.8 5.8 6.54417e-16
6 5.8 3.37236e-15
6.2 5.8 1.60429e-14
6.4 5.8 7.0453e-14
6.6 5.8 2.85617e-13
6.8 5.8 1.06889e-12
7 5.8 3.69277e-12
7.2 5.8 1.1777e-11
7.4 5.8 3.46724e-11
7.6 5.8 9.42318e-11
7.8 5.8 2.36415e-10
8 5.8 5.47542e-10
8.2 5.8 1.17064e-09
8.4 5.8 2.31043e-09
8.6 5.8 4.20944e-09
8.8 5.8 7.07977e-09
9 5.8 1.0992e-08
9.2 5.8 1.57542e-08
9.4 5.8 2.08439e-08
9.6 5.8 2.5458e-08
9.8 5.8 2.87033e-08
10 5.8 2.98745e-08
10.2 5.8 2.87033e-08
10.4 5.8 2.5458e-08
10.6 5.8 2.08439e-08
10.8 5.8 1.57542e-08
11 5.8 1.0992e-08
11.2 5.8 7.07977e-09
11.4 5.8 4.20944e-09
11.6 5.8 2.31043e-09
11.8 5.8 1.17064e-09
12 5.8 5.47542e-10
12.2 5.8 2.36415e-10
12.4 5.8 9.42318e-11
12.6 5.8 3.46724e-11
12.8 5.8 1.1777e-11
13 5.8 3.69277e-12
13.2 5.8 1.06889e-12
13.4 5.8 2.85617e-13
13.6 5.8 7.0453e-14
13.8 5.8 1.60429e-14
14 5.8 3.37236e-15
14.2 5.8 6.54417e-16
14.4 5.8 1.17232e-16
14.6 5.8 1.93868e-17
14.8 5.8 2.9592e-18
5.2 6 1.52496e-17
5.4 6 9.99052e-17
5.6 6 6.04124e-16
5.8 6 3.37236e-15
6 6 1.73785e-14
6.2 6 8.26722e-14
6.4 6 3.63057e-13
6.6 6 1.47183e-12
6.8 6 5.50818e-12
7 6 1.90294e-11
7.2 6 6.06886e-11
7.4 6 1.78671e-10
7.6 6 4.85588e-10
7.8 6 1.21827e-09
8 6 2.82154e-09
8.2 6 6.03242e-09
8.4 6 1.19058e-08
8.6 6 2.16916e-08
8.8 6 3.64827e-08
9 6 5.66427e-08
9.2 6 8.11828e-08
9.4 6 1.0741e-07
9.6 6 1.31187e-07
9.8 6 1.4791e-07
10 6 1.53945e-07
10.2 6 1.4791e-07
10.4 6 1.31187e-07
10.6 6 1.0741e-07
10.8 6 8.11828e-08
11 6 5.66427e-08
11.2 6 3.64827e-08
11.4 6 2.16916e-08
11.6 6 1.19058e-08
11.8 6 6.03242e-09
12 6 2.82154e-09
12.2 6 1.21827e-09
12.4 6 4.85588e-10
12.6 6 1.78671e-10
12.8 6 6.06886e-11
13 6 1.90294e-11
13.2 6 5.50818e-12
13.4 6 1.47183e-12
13.6 6 3.63057e-13
13.8 6 8.26722e-14
14 6 1.73785e-14
14.2 6 3.37236e-15
14.4 6 6.04124e-16
14.6 6 9.99052e-17
14.8 6 1.52496e-17
5.2 6.2 7.25457e-17
5.4 6.2 4.75269e-16
5.6 6.2 2.87393e-15
5.8 6.2 1.60429e-14
6 6.2 8.26722e-14
6.2 6.2 3.93283e-13
6.4 6.2 1.72711e-12
6.6 6.2 7.00168e-12
6.8 6.2 2.6203e-11
7 6.2 9.05246e-11
7.2 6.2 2.88701e-10
7.4 6.2 8.49954e-10
7.6 6.2 2.30998e-09
7.8 6.2 5.79541e-09
8 6.2 1.34222e-08
8.2 6.2 2.86965e-08
8.4 6.2 5.66367e-08
8.6 6.2 1.03188e-07
8.8 6.2 1.7355e-07
9 6.2 2.69452e-07
9.2 6.2 3.86189e-07
9.4 6.2 5.10955e-07
9.6 6.2 6.24061e-07
9.8 6.2 7.03613e-07
10 6.2 7.32323e-07
10.2 6.2 7.03613e-07
10.4 6.2 6.24061e-07
10.6 6.2 5.10955e-07
10.8 6.2 3.86189e-07
11 6.2 2.69452e-07
11.2 6.2 1.7355e-07
11.4 6.2 1.03188e-07
11.6 6.2 5.66367e-08
11.8 6.2 2.86965e-08
12 6.2 1.34222e-08
12.2 6.2 5.79541e-09
12.4 6.2 2.30998e-09
12.6 6.2 8.49954e-10
12.8 6.2 2.88701e-10
13 6.2 9.05246e-11
13.2 6.2 2.6203e-11
13.4 6.2 7.00168e-12
13.6 6.2 1.72711e-12
13.8 6.2 3.93283e-13
14 6.2 8.26722e-14
14.2 6.2 1.60429e-14
14.4 6.2 2.87393e-15
14.6 6.2 4.75269e-16
14.8 6.2 7.25457e-17
5.2 6.4 3.1859e-16
5.4 6.4 2.08717e-15
5.6 6.4 1.2621e-14
5.8 6.4 7.0453e-14
6 6.4 3.63057e-13
6.2 6.4 1.72711e-12
6.4 6.4 7.58461e-12
6.6 6.4 3.07478e-11
6.8 6.4 1.1507e-10
7 6.4 3.97537e-10
7.2 6.4 1.26782e-09
7.4 6.4 3.73254e-09
7.6 6.4 1.01442e-08
7.8 6.4 2.54503e-08
8 6.4 5.8943e-08
8.2 6.4 1.26019e-07
8.4 6.4 2.48716e-07
8.6 6.4 4.53143e-07
8.8 6.4 7.62131e-07
9 6.4 1.18328e-06
9.2 6.4 1.69592e-06
9.4 6.4 2.24382e-06
9.6 6.4 2.74052e-06
9.8 6.4 3.08986e-06
10 6.4 3.21594e-06
10.2 6.4 3.08986e-06
10.4 6.4 2.74052e-06
10.6 6.4 2.24382e-06
10.8 6.4 1.69592e-06
11 6.4 1.18328e-06
11.2 6.4 7.62131e-07
11.4 6.4 4.53143e-07
11.6 6.4 2.48716e-07
11.8 6.4 1.26019e-07
12 6.4 5.8943e-08
12.2 6.4 2.54503e-08
12.4 6.4 1.01442e-08
12.6 6.4 3.73254e-09
12.8 6.4 1.26782e-09
13 6.4 3.97537e-10
13.2 6.4 1.1507e-10
13.4 6.4 3.07478e-11
13.6 6.4 7.58461e-12
13.8 6.4 1.72711e-12
14 6.4 3.63057e-13
14.2 6.4 7.0453e-14
14.4 6.4 1.2621e-14
14.6 6.4 2.08717e-15
14.8 6.4 3.1859e-16
5.2 6.6 1.29157e-15
5.4 6.6 8.46146e-15
5.6 6.6 5.11657e-14
5.8 6.6 2.85617e-13
6 6.6 1.47183e-12
6.2 6.6 7.00168e-12
6.4 6.6 3.07478e-11
6.6 6.6 1.24651e-10
6.8 6.6 4.6649e-10
7 6.6 1.6116e-09
7.2 6.6 5.13968e-09
7.4 6.6 1.51315e-08
7.6 6.6 4.11238e-08
7.8 6.6 1.03174e-07
8 6.6 2.38951e-07
8.2 6.6 5.10872e-07
8.4 6.6 1.00828e-06
8.6 6.6 1.837e-06
8.8 6.6 3.08961e-06
9 6.6 4.7969e-06
9.2 6.6 6.87512e-06
9.4 6.6 9.09624e-06
9.6 6.6 1.11098e-05
9.8 6.6 1.2526e-05
10 6.6 1.30371e-05
10.2 6.6 1.2526e-05
10.4 6.6 1.11098e-05
10.6 6.6 9.09624e-06
10.8 6.6 6.87512e-06
11 6.6 4.7969e-06
11.2 6.6 3.08961e-06
11.4 6.6 1.837e-06
11.6 6.6 1.00828e-06
11.8 6.6 5.10872e-07
12 6.6 2.38951e-07
12.2 6.6 1.03174e-07
12.4 6.6 4.11238e-08
12.6 6.6 1.51315e-08
12.8 6.6 5.13968e-09
13 6.6 1.6116e-09
13.2 6.6 4.6649e-10
13.4 6.6 1.24651e-10
13.6 6.6 3.07478e-11
13.8 6.6 7.00168e-12
14 6.6 1.47183e-12
14.2 6.6 2.85617e-13
14.4 6.6 5.11657e-14
14.6 6.6 8.46146e-15
14.8 6.6 1.29157e-15
5.2 6.8 4.83363e-15
5.4 6.8 3.16664e-14
5.6 6.8 1.91484e-13
5.8 6.8 1.06889e-12
6 6.8 5.50818e-12
6.2 6.8 2.6203e-11
6.4 6.8 1.1507e-10
6.6 6.8 4.6649e-10
6.8 6.8 1.74578e-09
7 6.8 6.03118e-09
7.2 6.8 1.92345e-08
7.4 6.8 5.66274e-08
7.6 6.8 1.53899e-07
7.8 6.8 3.86111e-07
8 6.8 8.94235e-07
8.2 6.8 1.91186e-06
8.4 6.8 3.77331e-06
8.6 6.8 6.87468e-06
8.8 6.8 1.15624e-05
9 6.8 1.79516e-05
9.2 6.8 2.57289e-05
9.4 6.8 3.40411e-05
9.6 6.8 4.15765e-05
9.8 6.8 4.68764e-05
10 6.8 4.87891e-05
10.2 6.8 4.68764e-05
10.4 6.8 4.15765e-05
10.6 6.8 3.40411e-05
10.8 6.8 2.57289e-05
11 6.8 1.79516e-05
11.2 6.8 1.15624e-05
11.4 6.8 6.87468e-06
11.6 6.8 3.77331e-06
11.8 6.8 1.91186e-06
12 6.8 8.94235e-07
12.2 6.8 3.86111e-07
12.4 6.8 1.53899e-07
12.6 6.8 5.66274e-08
12.8 6.8 1.92345e-08
13 6.8 6.03118e-09
13.2 6.8 1.74578e-09
13.4 6.8 4.6649e-10
13.6 6.8 1.1507e-10
13.8 6.8 2.6203e-11
14 6.8 5.50818e-12
14.2 6.8 1.06889e-12
14.4 6.8 1.91484e-13
14.6 6.8 3.16664e-14
14.8 6.8 4.83363e-15
5.2 7 1.66991e-14
5.4 7 1.094e-13
5.6 7 6.6153e-13
5.8 7 3.69277e-12
6 7 1.90294e-11
6.2 7 9.05246e-11
6.4 7 3.97537e-10
6.6 7 1.6116e-09
6.8 7 6.03118e-09
7 7 2.0836e-08
7.2 7 6.64498e-08
7.4 7 1.95631e-07
7.6 7 5.31677e-07
7.8 7 1.3339e-06
8 7 3.08931e-06
8.2 7 6.60488e-06
8.4 7 1.30356e-05
8.6 7 2.37499e-05
8.8 7 3.99443e-05
9 7 6.20171e-05
9.2 7 8.88854e-05
9.4 7 0.000117601
9.6 7 0.000143634
9.8 7 0.000161943
10 7 0.000168551
10.2 7 0.000161943
10.4 7 0.000143634
10.6 7 0.000117601
10.8 7 8.88854e-05
11 7 6.20171e-05
11.2 7 3.99443e-05
11.4 7 2.37499e-05
11.6 7 1.30356e-05
11.8 7 6.60488e-06
12 7 3.08931e-06
12.2 7 1.3339e-06
12.4 7 5.31677e-07
12.6 7 1.95631e-07
12.8 7 6.64498e-08
13 7 2.0836e-08
13.2 7 6.03118e-09
13.4 7 1.6116e-09
13.6 7 3.97537e-10
13.8 7 9.05246e-11
14 7 1.90294e-11
14.2 7 3.69277e-12
14.4 7 6.6153e-13
14.6 7 1.094e-13
14.8 7 1.66991e-14
5.2 7.2 5.32574e-14
5.4 7.2 3.48902e-13
5.6 7.2 2.10976e-12
5.8 7.2 1.1777e-11
6 7.2 6.06886e-11
6.2 7.2 2.88701e-10
6.4 7.2 1.26782e-09
6.6 7.2 5.13968e-09
6.8 7.2 1.92345e-08
7 7.2 6.64498e-08
7.2 7.2 2.1192e-07
7.4 7.2 6.23902e-07
7.6 7.2 1.69561e-06
7.8 7.2 4.25403e-06
8 7.2 9.85233e-06
8.2 7.2 2.1064e-05
8.4 7.2 4.15727e-05
8.6 7.2 7.57422e-05
8.8 7.2 0.000127389
9 7.2 0.000197782
9.2 7.2 0.000283469
9.4 7.2 0.000375049
9.6 7.2 0.00045807
9.8 7.2 0.000516461
10 7.2 0.000537535
10.2 7.2 0.000516461
10.4 7.2 0.00045807
10.6 7.2 0.000375049
10.8 7.2 0.000283469
11 7.2 0.000197782
11.2 7.2 0.000127389
11.4 7.2 7.57422e-05
11.6 7.2 4.15727e-05
11.8 7.2 2.1064e-05
12 7.2 9.85233e-06
12.2 7.2 4.25403e-06
12.4 7.2 1.69561e-06
12.6 7.2 6.23902e-07
12.8 7.2 2.1192e-07
13 7.2 6.64498e-08
13.2 7.2 1.92345e-08
13.4 7.2 5.13968e-09
13.6 7.2 1.26782e-09
13.8 7.2 2.88701e-10
14 7.2 6.06886e-11
14.2 7.2 1.1777e-11
14.4 7.2 2.10976e-12
14.6 7.2 3.48902e-13
14.8 7.2 5.32574e-14
5.2 7.4 1.56795e-13
5.4 7.4 1.0272e-12
5.6 7.4 6.21131e-12
5.8 7.4 3.46724e-11
6 7.4 1.78671e-10
6.2 7.4 8.49954e-10
6.4 7.4 3.73254e-09
6.6 7.4 1.51315e-08
6.8 7.4 5.66274e-08
7 7.4 1.95631e-07
7.2 7.4 6.23902e-07
7.4 7.4 1.83679e-06
7.6 7.4 4.99194e-06
7.8 7.4 1.2524e-05
8 7.4 2.90056e-05
8.2 7.4 6.20132e-05
8.4 7.4 0.000122391
8.6 7.4 0.000222987
8.8 7.4 0.000375036
9 7.4 0.000582276
9.2 7.4 0.00083454
9.4 7.4 0.00110415
9.6 7.4 0.00134857
9.8 7.4 0.00152047
10 7.4 0.00158252
10.2 7.4 0.00152047
10.4 7.4 0.00134857
10.6 7.4 0.00110415
10.8 7.4 0.00083454
11 7.4 0.000582276
11.2 7.4 0.000375036
11.4 7.4 0.000222987
11.6 7.4 0.000122391
11.8 7.4 6.20132e-05
12 7.4 2.90056e-05
12.2 7.4 1.2524e-05
12.4 7.4 4.99194e-06
12.6 7.4 1.83679e-06
12.8 7.4 6.23902e-07
13 7.4 1.95631e-07
13.2 7.4 5.66274e-08
13.4 7.4 1.51315e-08
13.6 7.4 3.73254e-09
13.8 7.4 8.49954e-10
14 7.4 1.78671e-10
14.2 7.4 3.46724e-11
14.4 7.4 6.21131e-12
14.6 7.4 1.0272e-12
14.8 7.4 1.56795e-13
5.2 7.6 4.26135e-13
5.4 7.6 2.7917e-12
5.6 7.6 1.6881e-11
5.8 7.6 9.42318e-11
6 7.6 4.85588e-10
6.2 7.6 2.30998e-09
6.4 7.6 1.01442e-08
6.6 7.6 4.11238e-08
6.8 7.6 1.53899e-07
7 7.6 5.31677e-07
7.2 7.6 1.69561e-06
7.4 7.6 4.99194e-06
7.6 7.6 1.35668e-05
7.8 7.6 3.4037e-05
8 7.6 7.88296e-05
8.2 7.6 0.000168536
8.4 7.6 0.000332627
8.6 7.6 0.00060602
8.8 7.6 0.00101925
9 7.6 0.00158247
9.2 7.6 0.00226806
9.4 7.6 0.00300079
9.6 7.6 0.00366505
9.8 7.6 0.00413224
10 7.6 0.00430085
10.2 7.6 0.00413224
10.4 7.6 0.00366505
10.6 7.6 0.00300079
10.8 7.6 0.00226806
11 7.6 0.00158247
11.2 7.6 0.00101925
11.4 7.6 0.00060602
11.6 7.6 0.000332627
11.8 7.6 0.000168536
12 7.6 7.88296e-05
12.2 7.6 3.4037e-05
12.4 7.6 1.35668e-05
12.6 7.6 4.99194e-06
12.8 7.6 1.69561e-06
13 7.6 5.31677e-07
13.2 7.6 1.53899e-07
13.4 7.6 4.11238e-08
13.6 7.6 1.01442e-08
13.8 7.6 2.30998e-09
14 7.6 4.85588e-10
14.2 7.6 9.42318e-11
14.4 7.6 1.6881e-11
14.6 7.6 2.7917e-12
14.8 7.6 4.26135e-13
5.2 7.8 1.06912e-12
5.4 7.8 7.00404e-12
5.6 7.8 4.23522e-11
5.8 7.8 2.36415e-10
6 7.8 1.21827e-09
6.2 7.8 5.79541e-09
6.4 7.8 2.54503e-08
6.6 7.8 1.03174e-07
6.8 7.8 3.86111e-07
7 7.8 1.3339e-06
7.2 7.8 4.25403e-06
7.4 7.8 1.2524e-05
7.6 7.8 3.4037e-05
7.8 7.8 8.53935e-05
8 7.8 0.000197771
8.2 7.8 0.000422829
8.4 7.8 0.000834508
8.6 7.8 0.00152041
8.8 7.8 0.00255713
9 7.8 0.00397016
9.2 7.8 0.00569018
9.4 7.8 0.00752848
9.6 7.8 0.00919499
9.8 7.8 0.0103671
10 7.8 0.0107901
10.2 7.8 0.0103671
10.4 7.8 0.00919499
10.6 7.8 0.00752848
10.8 7.8 0.00569018
11 7.8 0.00397016
11.2 7.8 0.00255713
11.4 7.8 0.00152041
11.6 7.8 0.000834508
11.8 7.8 0.000422829
12 7.8 0.000197771
12.2 7.8 8.53935e-05
12.4 7.8 3.4037e-05
12.6 7.8 1.2524e-05
12.8 7.8 4.25403e-06
13 7.8 1.3339e-06
13.2 7.8 3.86111e-07
13.4 7.8 1.03174e-07
13.6 7.8 2.54503e-08
13.8 7.8 5.79541e-09
14 7.8 1.21827e-09
14.2 7.8 2.36415e-10
14.4 7.8 4.23522e-11
14.6 7.8 7.00404e-12
14.8 7.8 1.06912e-12
5.2 8 2.47611e-12
5.4 8 1.62215e-11
5.6 8 9.80887e-11
5.8 8 5.47542e-10
6 8 2.82154e-09
6.2 8 1.34222e-08
6.4 8 5.8943e-08
6.6 8 2.38951e-07
6.8 8 8.94235e-07
7 8 3.08931e-06
7.2 8 9.85233e-06
7.4 8 2.90056e-05
7.6 8 7.88296e-05
7.8 8 0.000197771
8 8 0.000458036
8.2 8 0.000979269
8.4 8 0.00193271
8.6 8 0.00352125
8.8 8 0.00592228
9 8 0.00919485
9.2 8 0.0131784
9.4 8 0.0174359
9.6 8 0.0212955
9.8 8 0.0240101
10 8 0.0249898
10.2 8 0.0240101
10.4 8 0.0212955
10.6 8 0.0174359
10.8 8 0.0131784
11 8 0.00919485
11.2 8 0.00592228
11.4 8 0.00352125
11.6 8 0.00193271
11.8 8 0.000979269
12 8 0.000458036
12.2 8 0.000197771
12.4 8 7.88296e-05
12.6 8 2.90056e-05
12.8 8 9.85233e-06
13 8 3.08931e-06
13.2 8 8.94235e-07
13.4 8 2.38951e-07
13.6 8 5.8943e-08
13.8 8 1.34222e-08
14 8 2.82154e-09
14.2 8 5.47542e-10
14.4 8 9.80887e-11
14.6 8 1.62215e-11
14.8 8 2.47611e-12
5.2 8.2 5.29392e-12
5.4 8.2 3.46815e-11
5.6 8.2 2.09713e-10
5.8 8.2 1.17064e-09
6 8.2 6.03242e-09
6.2 8.2 2.86965e-08
6.4 8.2 1.26019e-07
6.6 8.2 5.10872e-07
6.8 8.2 1.91186e-06
7 8.2 6.60488e-06
7.2 8.2 2.1064e-05
7.4 8.2 6.20132e-05
7.6 8.2 0.000168536
7.8 8.2 0.000422829
8 8.2 0.000979269
8.2 8.2 0.00209365
8.4 8.2 0.00413208
8.6 8.2 0.00752832
8.8 8.2 0.0126616
9 8.2 0.0196583
9.2 8.2 0.028175
9.4 8.2 0.0372773
9.6 8.2 0.0455291
9.8 8.2 0.0513328
10 8.2 0.0534274
10.2 8.2 0.0513328
10.4 8.2 0.0455291
10.6 8.2 0.0372773
10.8 8.2 0.028175
11 8.2 0.0196583
11.2 8.2 0.0126616
11.4 8.2 0.00752832
11.6 8.2 0.00413208
11.8 8.2 0.00209365
12 8.2 0.000979269
12.2 8.2 0.000422829
12.4 8.2 0.000168536
12.6 8.2 6.20132e-05
12.8 8.2 2.1064e-05
13 8.2 6.60488e-06
13.2 8.2 1.91186e-06
13.4 8.2 5.10872e-07
13.6 8.2 1.26019e-07
13.8 8.2 2.86965e-08
14 8.2 6.03242e-09
14.2 8.2 1.17064e-09
14.4 8.2 2.09713e-10
14.6 8.2 3.46815e-11
14.8 8.2 5.29392e-12
5.2 8.4 1.04484e-11
5.4 8.4 6.84492e-11
5.6 8.4 4.13899e-10
5.8 8.4 2.31043e-09
6 8.4 1.19058e-08
6.2 8.4 5.66367e-08
6.4 8.4 2.48716e-07
6.6 8.4 1.00828e-06
6.8 8.4 3.77331e-06
7 8.4 1.30356e-05
7.2 8.4 4.15727e-05
7.4 8.4 0.000122391
7.6 8.4 0.000332627
7.8 8.4 0.000834508
8 8.4 0.00193271
8.2 8.4 0.00413208
8.4 8.4 0.00815519
8.6 8.4 0.0148581
8.8 8.4 0.0249894
9 8.4 0.0387981
9.2 8.4 0.0556069
9.4 8.4 0.0735715
9.6 8.4 0.0898573
9.8 8.4 0.101312
10 8.4 0.105446
10.2 8.4 0.101312
10.4 8.4 0.0898573
10.6 8.4 0.0735715
10.8 8.4 0.0556069
11 8.4 0.0387981
11.2 8.4 0.0249894
11.4 8.4 0.0148581
11.6 8.4 0.00815519
11.8 8.4 0.00413208
12 8.4 0.00193271
12.2 8.4 0.000834508
12.4 8.4 0.000332627
12.6 8.4 0.000122391
12.8 8.4 4.15727e-05
13 8.4 1.30356e-05
13.2 8.4 3.77331e-06
13.4 8.4 1.00828e-06
13.6 8.4 2.48716e-07
13.8 8.4 5.66367e-08
14 8.4 1.19058e-08
14.2 8.4 2.31043e-09
14.4 8.4 4.13899e-10
14.6 8.4 6.84492e-11
14.8 8.4 1.04484e-11
5.2 8.6 1.90363e-11
5.4 8.6 1.2471e-10
5.6 8.6 7.54097e-10
5.8 8.6 4.20944e-09
6 8.6 2.16916e-08
6.2 8.6 1.03188e-07
6.4 8.6 4.53143e-07
6.6 8.6 1.837e-06
6.8 8.6 6.87468e-06
7 8.6 2.37499e-05
7.2 8.6 7.57422e-05
7.4 8.6 0.000222987
7.6 8.6 0.00060602
7.8 8.6 0.00152041
8 8.6 0.00352125
8.2 8.6 0.00752832
8.4 8.6 0.0148581
8.6 8.6 0.0270702
8.8 8.6 0.0455286
9 8.6 0.0706869
9.2 8.6 0.101311
9.4 8.6 0.134041
9.6 8.6 0.163713
9.8 8.6 0.184581
10 8.6 0.192113
10.2 8.6 0.184581
10.4 8.6 0.163713
10.6 8.6 0.134041
10.8 8.6 0.101311
11 8.6 0.0706869
11.2 8.6 0.0455286
11.4 8.6 0.0270702
11.6 8.6 0.0148581
11.8 8.6 0.00752832
12 8.6 0.00352125
12.2 8.6 0.00152041
12.4 8.6 0.00060602
12.6 8.6 0.000222987
12.8 8.6 7.57422e-05
13 8.6 2.37499e-05
13.2 8.6 6.87468e-06
13.4 8.6 1.837e-06
13.6 8.6 4.53143e-07
13.8 8.6 1.03188e-07
14 8.6 2.16916e-08
14.2 8.6 4.20944e-09
14.4 8.6 7.54097e-10
14.6 8.6 1.2471e-10
14.8 8.6 1.90363e-11
5.2 8.8 3.20168e-11
5.4 8.8 2.09748e-10
5.6 8.8 1.2683e-09
5.8 8.8 7.07977e-09
6 8.8 3.64827e-08
6.2 8.8 1.7355e-07
6.4 8.8 7.62131e-07
6.6 8.8 3.08961e-06
6.8 8.8 1.15624e-05
7 8.8 3.99443e-05
7.2 8.8 0.000127389
7.4 8.8 0.000375036
7.6 8.8 0.00101925
7.8 8.8 0.00255713
8 8.8 0.00592228
8.2 8.8 0.0126616
8.4 8.8 0.0249894
8.6 8.8 0.0455286
8.8 8.8 0.076573
9 8.8 0.118886
9.2 8.8 0.170392
9.4 8.8 0.22544
9.6 8.8 0.275343
9.8 8.8 0.310442
10 8.8 0.323109
10.2 8.8 0.310442
10.4 8.8 0.275343
10.6 8.8 0.22544
10.8 8.8 0.170392
11 8.8 0.118886
11.2 8.8 0.076573
11.4 8.8 0.0455286
11.6 8.8 0.0249894
11.8 8.8 0.0126616
12 8.8 0.00592228
12.2 8.8 0.00255713
12.4 8.8 0.00101925
12.6 8.8 0.000375036
12.8 8.8 0.000127389
13 8.8 3.99443e-05
13.2 8.8 1.15624e-05
13.4 8.8 3.08961e-06
13.6 8.8 7.62131e-07
13.8 8.8 1.7355e-07
14 8.8 3.64827e-08
14.2 8.8 7.07977e-09
14.4 8.8 1.2683e-09
14.6 8.8 2.09748e-10
14.8 8.8 3.20168e-11
5.2 9 4.97091e-11
5.4 9 3.25653e-10
5.6 9 1.96916e-09
5.8 9 1.0992e-08
6 9 5.66427e-08
6.2 9 2.69452e-07
6.4 9 1.18328e-06
6.6 9 4.7969e-06
6.8 9 1.79516e-05
7 9 6.20171e-05
7.2 9 0.000197782
7.4 9 0.000582276
7.6 9 0.00158247
7.8 9 0.00397016
8 9 0.00919485
8.2 9 0.0196583
8.4 9 0.0387981
8.6 9 0.0706869
8.8 9 0.118886
9 9 0.184581
9.2 9 0.264548
9.4 9 0.350014
9.6 9 0.427493
9.8 9 0.481987
10 9 0.501653
10.2 9 0.481987
10.4 9 0.427493
10.6 9 0.350014
10.8 9 0.264548
11 9 0.184581
11.2 9 0.118886
11.4 9 0.0706869
11.6 9 0.0387981
11.8 9 0.0196583
12 9 0.00919485
12.2 9 0.00397016
12.4 9 0.00158247
12.6 9 0.000582276
12.8 9 0.000197782
13 9 6.20171e-05
13.2 9 1.79516e-05
13.4 9 4.7969e-06
13.6 9 1.18328e-06
13.8 9 2.69452e-07
14 9 5.66427e-08
14.2 9 1.0992e-08
14.4 9 1.96916e-09
14.6 9 3.25653e-10
14.8 9 4.97091e-11
5.2 9.2 7.12454e-11
5.4 9.2 4.66741e-10
5.6 9.2 2.82229e-09
5.8 9.2 1.57542e-08
6 9.2 8.11828e-08
6.2 9.2 3.86189e-07
6.4 9.2 1.69592e-06
6.6 9.2 6.87512e-06
6.8 9.2 2.57289e-05
7 9.2 8.88854e-05
7.2 9.2 0.000283469
7.4 9.2 0.00083454
7.6 9.2 0.00226806
7.8 9.2 0.00569018
8 9.2 0.0131784
8.2 9.2 0.028175
8.4 9.2 0.0556069
8.6 9.2 0.101311
8.8 9.2 0.170392
9 9.2 0.264548
9.2 9.2 0.37916
9.4 9.2 0.501653
9.6 9.2 0.612698
9.8 9.2 0.690801
10 9.2 0.718988
10.2 9.2 0.690801
10.4 9.2 0.612698
10.6 9.2 0.501653
10.8 9.2 0.37916
11 9.2 0.264548
11.2 9.2 0.170392
11.4 9.2 0.101311
11.6 9.2 0.0556069
11.8 9.2 0.028175
12 9.2 0.0131784
12.2 9.2 0.00569018
12.4 9.2 0.00226806
12.6 9.2 0.00083454
12.8 9.2 0.000283469
13 9.2 8.88854e-05
13.2 9.2 2.57289e-05
13.4 9.2 6.87512e-06
13.6 9.2 1.69592e-06
13.8 9.2 3.86189e-07
14 9.2 8.11828e-08
14.2 9.2 1.57542e-08
14.4 9.2 2.82229e-09
14.6 9.2 4.66741e-10
14.8 9.2 7.12454e-11
5.2 9.4 9.42627e-11
5.4 9.4 6.17532e-10
5.6 9.4 3.73408e-09
5.8 9.4 2.08439e-08
6 9.4 1.0741e-07
6.2 9.4 5.10955e-07
6.4 9.4 2.24382e-06
6.6 9.4 9.09624e-06
6.8 9.4 3.40411e-05
7 9.4 0.000117601
7.2 9.4 0.000375049
7.4 9.4 0.00110415
7.6 9.4 0.00300079
7.8 9.4 0.00752848
8 9.4 0.0174359
8.2 9.4 0.0372773
8.4 9.4 0.0735715
8.6 9.4 0.134041
8.8 9.4 0.22544
9 9.4 0.350014
9.2 9.4 0.501653
9.4 9.4 0.663719
9.6 9.4 0.810639
9.8 9.4 0.913974
10 9.4 0.951267
10.2 9.4 0.913974
10.4 9.4 0.810639
10.6 9.4 0.663719
10.8 9.4 0.501653
11 9.4 0.350014
11.2 9.4 0.22544
11.4 9.4 0.134041
11.6 9.4 0.0735715
11.8 9.4 0.0372773
12 9.4 0.0174359
12.2 9.4 0.00752848
12.4 9.4 0.00300079
12.6 9.4 0.00110415
12.8 9.4 0.000375049
13 9.4 0.000117601
13.2 9.4 3.40411e-05
13.4 9.4 9.09624e-06
13.6 9.4 2.24382e-06
13.8 9.4 5.10955e-07
14 9.4 1.0741e-07
14.2 9.4 2.08439e-08
14.4 9.4 3.73408e-09
14.6 9.4 6.17532e-10
14.8 9.4 9.42627e-11
5.2 9.6 1.15129e-10
5.4 9.6 7.54231e-10
5.6 9.6 4.56067e-09
5.8 9.6 2.5458e-08
6 9.6 1.31187e-07
6.2 9.6 6.24061e-07
6.4 9.6 2.74052e-06
6.6 9.6 1.11098e-05
6.8 9.6 4.15765e-05
7 9.6 0.000143634
7.2 9.6 0.00045807
7.4 9.6 0.00134857
7.6 9.6 0.00366505
7.8 9.6 0.00919499
8 9.6 0.0212955
8.2 9.6 0.0455291
8.4 9.6 0.0898573
8.6 9.6 0.163713
8.8 9.6 0.275343
9 9.6 0.427493
9.2 9.6 0.612698
9.4 9.6 0.810639
9.6 9.6 0.990082
9.8 9.6 1.11629
10 9.6 1.16184
10.2 9.6 1.11629
10.4 9.6 0.990082
10.6 9.6 0.810639
10.8 9.6 0.612698
11 9.6 0.427493
11.2 9.6 0.275343
11.4 9.6 0.163713
11.6 9.6 0.0898573
11.8 9.6 0.0455291
12 9.6 0.0212955
12.2 9.6 0.00919499
12.4 9.6 0.00366505
12.6 9.6 0.00134857
12.8 9.6 0.00045807
13 9.6 0.000143634
13.2 9.6 4.15765e-05
13.4 9.6 1.11098e-05
13.6 9.6 2.74052e-06
13.8 9.6 6.24061e-07
14 9.6 1.31187e-07
14.2 9.6 2.5458e-08
14.4 9.6 4.56067e-09
14.6 9.6 7.54231e-10
14.8 9.6 1.15129e-10
5.2 9.8 1.29805e-10
5.4 9.8 8.50377e-10
5.6 9.8 5.14204e-09
5.8 9.8 2.87033e-08
6 9.8 1.4791e-07
6.2 9.8 7.03613e-07
6.4 9.8 3.08986e-06
6.6 9.8 1.2526e-05
6.8 9.8 4.68764e-05
7 9.8 0.000161943
7.2 9.8 0.000516461
7.4 9.8 0.00152047
7.6 9.8 0.00413224
7.8 9.8 0.0103671
8 9.8 0.0240101
8.2 9.8 0.0513328
8.4 9.8 0.101312
8.6 9.8 0.184581
8.8 9.8 0.310442
9 9.8 0.481987
9.2 9.8 0.690801
9.4 9.8 0.913974
9.6 9.8 1.11629
9.8 9.8 1.25859
10 9.8 1.30994
10.2 9.8 1.25859
10.4 9.8 1.11629
10.6 9.8 0.913974
10.8 9.8 0.690801
11 9.8 0.481987
11.2 9.8 0.310442
11.4 9.8 0.184581
11.6 9.8 0.101312
11.8 9.8 0.0513328
12 9.8 0.0240101
12.2 9.8 0.0103671
12.4 9.8 0.00413224
12.6 9.8 0.00152047
12.8 9.8 0.000516461
13 9.8 0.000161943
13.2 9.8 4.68764e-05
13.4 9.8 1.2526e-05
13.6 9.8 3.08986e-06
13.8 9.8 7.03613e-07
14 9.8 1.4791e-07
14.2 9.8 2.87033e-08
14.4 9.8 5.14204e-09
14.6 9.8 8.50377e-10
14.8 9.8 1.29805e-10
5.2 10 1.35102e-10
5.4 10 8.85075e-10
5.6 10 5.35186e-09
5.8 10 2.98745e-08
6 10 1.53945e-07
6.2 10 7.32323e-07
6.4 10 3.21594e-06
6.6 10 1.30371e-05
6.8 10 4.87891e-05
7 10 0.000168551
7.2 10 0.000537535
7.4 10 0.00158252
7.6 10 0.00430085
7.8 10 0.0107901
8 10 0.0249898
8.2 10 0.0534274
8.4 10 0.105446
8.6 10 0.192113
8.8 10 0.323109
9 10 0.501653
9.2 10 0.718988
9.4 10 0.951267
9.6 10 1.16184
9.8 10 1.30994
10 10 1.36339
10.2 10 1.30994
10.4 10 1.16184
10.6 10 0.951267
10.8 10 0.718988
11 10 0.501653
11.2 10 0.323109
11.4 10 0.192113
11.6 10 0.105446
11.8 10 0.0534274
12 10 0.0249898
12.2 10 0.0107901
12.4 10 0.00430085
12.6 10 0.00158252
12.8 10 0.000537535
13 10 0.000168551
13.2 10 4.87891e-05
13.4 10 1.30371e-05
13.6 10 3.21594e-06
13.8 10 7.32323e-07
14 10 1.53945e-07
14.2 10 2.98745e-08
14.4 10 5.35186e-09
14.6 10 8.85075e-10
14.8 10 1.35102e-10
5.2 10.2 1.29805e-10
5.4 10.2 8.50377e-10
5.6 10.2 5.14204e-09
5.8 10.2 2.87033e-08
6 10.2 1.4791e-07
6.2 10.2 7.03613e-07
6.4 10.2 3.08986e-06
6.6 10.2 1.2526e-05
6.8 10.2 4.68764e-05
7 10.2 0.000161943
7.2 10.2 0.000516461
7.4 10.2 0.00152047
7.6 10.2 0.00413224
7.8 10.2 0.0103671
8 10.2 0.0240101
8.2 10.2 0.0513328
8.4 10.2 0.101312
8.6 10.2 0.184581
8.8 10.2 0.310442
9 10.2 0.481987
9.2 10.2 0.690801
9.4 10.2 0.913974
9.6 10.2 1.11629
9.8 10.2 1.25859
10 10.2 1.30994
10.2 10.2 1.25859
10.4 10.2 1.11629
10.6 10.2 0.913974
10.8 10.2 0.690801
11 10.2 0.481987
11.2 10.2 0.310442
11.4 10.2 0.184581
11.6 10.2 0.101312
11.8 10.2 0.0513328
12 10.2 0.0240101
12.2 10.2 0.0103671
12.4 10.2 0.00413224
12.6 10.2 0.00152047
12.8 10.2 0.000516461
13 10.2 0.000161943
13.2 10.2 4.68764e-05
13.4 10.2 1.2526e-05
13.6 10.2 3.08986e-06
13.8 10.2 7.03613e-07
14 10.2 1.4791e-07
14.2 10.2 2.87033e-08
14.4 10.2 5.14204e-09
14.6 10.2 8.50377e-10
14.8 10.2 1.29805e-10
5.2 10.4 1.15129e-10
5.4 10.4 7.54231e-10
5.6 10.4 4.56067e-09
5.8 10.4 2.5458e-08
6 10.4 1.31187e-07
6.2 10.4 6.24061e-07
6.4 10.4 2.74052e-06
6.6 10.4 1.11098e-05
6.8 10.4 4.15765e-05
7 10.4 0.000143634
7.2 10.4 0.00045807
7.4 10.4 0.00134857
7.6 10.4 0.00366505
7.8 10.4 0.00919499
8 10.4 0.0212955
8.2 10.4 0.0455291
8.4 10.4 0.0898573
8.6 10.4 0.163713
8.8 10.4 0.275343
9 10.4 0.427493
9.2 10.4 0.612698
9.4 10.4 0.810639
9.6 10.4 0.990082
9.8 10.4 1.11629
10 10.4 1.16184
10.2 10.4 1.11629
10.4 10.4 0.990082
10.6 10.4 0.810639
10.8 10.4 0.612698
11 10.4 0.427493
11.2 10.4 0.275343
11.4 10.4 0.163713
11.6 10.4 0.0898573
11.8 10.4 0.0455291
12 10.4 0.0212955
12.2 10.4 0.00919499
12.4 10.4 0.00366505
12.6 10.4 0.00134857
12.8 10.4 0.00045807
13 10.4 0.000143634
13.2 10.4 4.15765e-05
13.4 10.4 1.11098e-05
13.6 10.4 2.74052e-06
13.8 10.4 6.24061e-07
14 10.4 1.31187e-07
14.2 10.4 2.5458e-08
14.4 10.4 4.56067e-09
14.6 10.4 7.54231e-10
14.8 10.4 1.15129e-10
5.2 10.6 9.42627e-11
5.4 10.6 6.17532e-10
5.6 10.6 3.73408e-09
5.8 10.6 2.08439e-08
6 10.6 1.0741e-07
6.2 10.6 5.10955e-07
6.4 10.6 2.24382e-06
6.6 10.6 9.09624e-06
6.8 10.6 3.40411e-05
7 10.6 0.000117601
7.2 10.6 0.000375049
7.4 10.6 0.00110415
7.6 10.6 0.00300079
7.8 10.6 0.00752848
8 10.6 0.0174359
8.2 10.6 0.0372773
8.4 10.6 0.0735715
8.6 10.6 0.134041
8.8 10.6 0.22544
9 10.6 0.350014
9.2 10.6 0.501653
9.4 10.6 0.663719
9.6 10.6 0.810639
9.8 10.6 0.913974
10 10.6 0.951267
10.2 10.6 0.913974
10.4 10.6 0.810639
10.6 10.6 0.663719
10.8 10.6 0.501653
11 10.6 0.350014
11.2 10.6 0.22544
11.4 10.6 0.134041
11.6 10.6 0.0735715
11.8 10.6 0.0372773
12 10.6 0.0174359
12.2 10.6 0.00752848
12.4 10.6 0.00300079
12.6 10.6 0.00110415
12.8 10.6 0.000375049
13 10.6 0.000117601
13.2 10.6 3.40411e-05
13.4 10.6 9.09624e-06
13.6 10.6 2.24382e-06
13.8 10.6 5.10955e-07
14 10.6 1.0741e-07
14.2 10.6 2.08439e-08
14.4 10.6 3.73408e-09
14.6 10.6 6.17532e-10
14.8 10.6 9.42627e-11
5.2 10.8 7.12454e-11
5.4 10.8 4.66741e-10
5.6 10.8 2.82229e-09
5.8 10.8 1.57542e-08
6 10.8 8.11828e-08
6.2 10.8 3.86189e-07
6.4 10.8 1.69592e-06
6.6 10.8 6.87512e-06
6.8 10.8 2.57289e-05
7 10.8 8.88854e-05
7.2 10.8 0.000283469
7.4 10.8 0.00083454
7.6 10.8 0.00226806
7.8 10.8 0.00569018
8 10.8 0.0131784
8.2 10.8 0.028175
8.4 10.8 0.0556069
8.6 10.8 0.101311
8.8 10.8 0.170392
9 10.8 0.264548
9.2 10.8 0.37916
9.4 10.8 0.501653
9.6 10.8 0.612698
9.8 10.8 0.690801
10 10.8 0.718988
10.2 10.8 0.690801
10.4 10.8 0.612698
10.6 10.8 0.501653
10.8 10.8 0.37916
11 10.8 0.264548
11.2 10.8 0.170392
11.4 10.8 0.101311
11.6 10.8 0.0556069
11.8 10.8 0.028175
12 10.8 0.0131784
12.2 10.8 0.00569018
12.4 10.8 0.00226806
12.6 10.8 0.00083454
12.8 10.8 0.000283469
13 10.8 8.88854e-05
13.2 10.8 2.57289e-05
13.4 10.8 6.87512e-06
13.6 10.8 1.69592e-06
13.8 10.8 3.86189e-07
14 10.8 8.11828e-08
14.2 10.8 1.57542e-08
14.4 10.8 2.82229e-09
14.6 10.8 4.66741e-10
14.8 10.8 7.12454e-11
5.2 11 4.97091e-11
5.4 11 3.25653e-10
5.6 11 1.96916e-09
5.8 11 1.0992e-08
6 11 5.66427e-08
6.2 11 2.69452e-07
6.4 11 1.18328e-06
6.6 11 4.7969e-06
6.8 11 1.79516e-05
7 11 6.20171e-05
7.2 11 0.000197782
7.4 11 0.000582276
7.6 11 0.00158247
7.8 11 0.00397016
8 11 0.00919485
8.2 11 0.0196583
8.4 11 0.0387981
8.6 11 0.0706869
8.8 11 0.118886
9 11 0.184581
9.2 11 0.264548
9.4 11 0.350014
9.6 11 0.427493
9.8 11 0.481987
10 11 0.501653
10.2 11 0.481987
10.4 11 0.427493
10.6 11 0.350014
10.8 11 0.264548
11 11 0.184581
11.2 11 0.118886
11.4 11 0.0706869
11.6 11 0.0387981
11.8 11 0.0196583
12 11 0.00919485
12.2 11 0.00397016
12.4 11 0.00158247
12.6 11 0.000582276
12.8 11 0.000197782
13 11 6.20171e-05
13.2 11 1.79516e-05
13.4 11 4.7969e-06
13.6 11 1.18328e-06
13.8 11 2.69452e-07
14 11 5.66427e-08
14.2 11 1.0992e-08
14.4 11 1.96916e-09
14.6 11 3.25653e-10
14.8 11 4.97091e-11
5.2 11.2 3.20168e-11
5.4 11.2 2.09748e-10
5.6 11.2 1.2683e-09
5.8 11.2 7.07977e-09
6 11.2 3.64827e-08
6.2 11.2 1.7355e-07
6.4 11.2 7.62131e-07
6.6 11.2 3.08961e-06
6.8 11.2 1.15624e-05
7 11.2 3.99443e-05
7.2 11.2 0.000127389
7.4 11.2 0.000375036
7.6 11.2 0.00101925
7.8 11.2 0.00255713
8 11.2 0.00592228
8.2 11.2 0.0126616
8.4 11.2 0.0249894
8.6 11.2 0.0455286
8.8 11.2 0.076573
9 11.2 0.118886
9.2 11.2 0.170392
9.4 11.2 0.22544
9.6 11.2 0.275343
9.8 11.2 0.310442
10 11.2 0.323109
10.2 11.2 0.310442
10.4 11.2 0.275343
10.6 11.2 0.22544
10.8 11.2 0.170392
11 11.2 0.118886
11.2 11.2 0.076573
11.4 11.2 0.0455286
11.6 11.2 0.0249894
11.8 11.2 0.0126616
12 11.2 0.00592228
12.2 11.2 0.00255713
12.4 11.2 0.00101925
12.6 11.2 0.000375036
12.8 11.2 0.000127389
13 11.2 3.99443e-05
13.2 11.2 1.15624e-05
13.4 11.2 3.08961e-06
13.6 11.2 7.62131e-07
13.8 11.2 1.7355e-07
14 11.2 3.64827e-08
14.2 11.2 7.07977e-09
14.4 11.2 1.2683e-09
14.6 11.2 2.09748e-10
14.8 11.2 3.20168e-11
5.2 11.4 1.90363e-11
5.4 11.4 1.2471e-10
5.6 11.4 7.54097e-10
5.8 11.4 4.20944e-09
6 11.4 2.16916e-08
6.2 11.4 1.03188e-07
6.4 11.4 4.53143e-07
6.6 11.4 1.837e-06
6.8 11.4 6.87468e-06
7 11.4 2.37499e-05
7.2 11.4 7.57422e-05
7.4 11.4 0.000222987
7.6 11.4 0.00060602
7.8 11.4 0.00152041
8 11.4 0.00352125
8.2 11.4 0.00752832
8.4 11.4 0.0148581
8.6 11.4 0.0270702
8.8 11.4 0.0455286
9 11.4 0.0706869
9.2 11.4 0.101311
9.4 11.4 0.134041
9.6 11.4 0.163713
9.8 11.4 0.184581
10 11.4 0.192113
10.2 11.4 0.184581
10.4 11.4 0.163713
10.6 11.4 0.134041
10.8 11.4 0.101311
11 11.4 0.0706869
11.2 11.4 0.0455286
11.4 11.4 0.0270702
11.6 11.4 0.0148581
11.8 11.4 0.00752832
12 11.4 0.00352125
12.2 11.4 0.00152041
12.4 11.4 0.00060602
12.6 11.4 0.000222987
12.8 11.4 7.57422e-05
13 11.4 2.37499e-05
13.2 11.4 6.87468e-06
13.4 11.4 1.837e-06
13.6 11.4 4.53143e-07
13.8 11.4 1.03188e-07
14 11.4 2.16916e-08
14.2 11.4 4.20944e-09
14.4 11.4 7.54097e-10
14.6 11.4 1.2471e-10
14.8 11.4 1.90363e-11
5.2 11.6 1.04484e-11
5.4 11.6 6.84492e-11
5.6 11.6 4.13899e-10
5.8 11.6 2.31043e-09
6 11.6 1.19058e-08
6.2 11.6 5.66367e-08
6.4 11.6 2.48716e-07
6.6 11.6 1.00828e-06
6.8 11.6 3.77331e-06
7 11.6 1.30356e-05
7.2 11.6 4.15727e-05
7.4 11.6 0.000122391
7.6 11.6 0.000332627
7.8 11.6 0.000834508
8 11.6 0.00193271
8.2 11.6 0.00413208
8.4 11.6 0.00815519
8.6 11.6 0.0148581
8.8 11.6 0.0249894
9 11.6 0.0387981
9.2 11.6 0.0556069
9.4 11.6 0.0735715
9.6 11.6 0.0898573
9.8 11.6 0.101312
10 11.6 0.105446
10.2 11.6 0.101312
10.4 11.6 0.0898573
10.6 11.6 0.0735715
10.8 11.6 0.0556069
11 11.6 0.0387981
11.2 11.6 0.0249894
11.4 11.6 0.0148581
11.6 11.6 0.00815519
11.8 11.6 0.00413208
12 11.6 0.00193271
12.2 11.6 0.000834508
12.4 11.6 0.000332627
12.6 11.6 0.000122391
12.8 11.6 4.15727e-05
13 11.6 1.30356e-05
13.2 11.6 3.77331e-06
13.4 11.6 1.00828e-06
13.6 11.6 2.48716e-07
13.8 11.6 5.66367e-08
14 11.6 1.19058e-08
14.2 11.6 2.31043e-09
14.4 11.6 4.13899e-10
14.6 11.6 6.84492e-11
14.8 11.6 1.04484e-11
5.2 11.8 5.29392e-12
5.4 11.8 3.46815e-11
5.6 11.8 2.09713e-10
5.8 11.8 1.17064e-09
6 11.8 6.03242e-09
6.2 11.8 2.86965e-08
6.4 11.8 1.26019e-07
6.6 11.8 5.10872e-07
6.8 11.8 1.91186e-06
7 11.8 6.60488e-06
7.2 11.8 2.1064e-05
7.4 11.8 6.20132e-05
7.6 11.8 0.000168536
7.8 11.8 0.000422829
8 11.8 0.000979269
8.2 11.8 0.00209365
8.4 11.8 0.00413208
8.6 11.8 0.00752832
8.8 11.8 0.0126616
9 11.8 0.0196583
9.2 11.8 0.028175
9.4 11.8 0.0372773
9.6 11.8 0.0455291
9.8 11.8 0.0513328
10 11.8 0.0534274
10.2 11.8 0.0513328
10.4 11.8 0.0455291
10.6 11.8 0.0372773
10.8 11.8 0.028175
11 11.8 0.0196583
11.2 11.8 0.0126616
11.4 11.8 0.00752832
11.6 11.8 0.00413208
11.8 11.8 0.00209365
12 11.8 0.000979269
12.2 11.8 0.000422829
12.4 11.8 0.000168536
12.6 11.8 6.20132e-05
12.8 11.8 2.1064e-05
13 11.8 6.60488e-06
13.2 11.8 1.91186e-06
13.4 11.8 5.10872e-07
13.6 11.8 1.26019e-07
13.8 11.8 2.86965e-08
14 11.8 6.03242e-09
14.2 11.8 1.17064e-09
14.4 11.8 2.09713e-10
14.6 11.8 3.46815e-11
14.8 11.8 5.29392e-12
5.2 12 2.47611e-12
5.4 12 1.62215e-11
5.6 12 9.80887e-11
5.8 12 5.47542e-10
6 12 2.82154e-09
6.2 12 1.34222e-08
6.4 12 5.8943e-08
6.6 12 2.38951e-07
6.8 12 8.94235e-07
7 12 3.08931e-06
7.2 12 9.85233e-06
7.4 12 2.90056e-05
7.6 12 7.88296e-05
7.8 12 0.000197771
8 12 0.000458036
8.2 12 0.000979269
8.4 12 0.00193271
8.6 12 0.00352125
8.8 12 0.00592228
9 12 0.00919485
9.2 12 0.0131784
9.4 12 0.0174359
9.6 12 0.0212955
9.8 12 0.0240101
10 12 0.0249898
10.2 12 0.0240101
10.4 12 0.0212955
10.6 12 0.0174359
10.8 12 0.0131784
11 12 0.00919485
11.2 12 0.00592228
11.4 12 0.00352125
11.6 12 0.00193271
11.8 12 0.000979269
12 12 0.000458036
12.2 12 0.000197771
12.4 12 7.88296e-05
12.6 12 2.90056e-05
12.8 12 9.85233e-06
13 12 3.08931e-06
13.2 12 8.94235e-07
13.4 12 2.38951e-07
13.6 12 5.8943e-08
13.8 12 1.34222e-08
14 12 2.82154e-09
14.2 12 5.47542e-10
14.4 12 9.80887e-11
14.6 12 1.62215e-11
14.8 12 2.47611e-12
5.2 12.2 1.06912e-12
5.4 12.2 7.00404e-12
5.6 12.2 4.23522e-11
5.8 12.2 2.36415e-10
6 12.2 1.21827e-09
6.2 12.2 5.79541e-09
6.4 12.2 2.54503e-08
6.6 12.2 1.03174e-07
6.8 12.2 3.86111e-07
7 12.2 1.3339e-06
7.2 12.2 4.25403e-06
7.4 12.2 1.2524e-05
7.6 12.2 3.4037e-05
7.8 12.2 8.53935e-05
8 12.2 0.000197771
8.2 12.2 0.000422829
8.4 12.2 0.000834508
8.6 12.2 0.00152041
8.8 12.2 0.00255713
9 12.2 0.00397016
9.2 12.2 0.00569018
9.4 12.2 0.00752848
9.6 12.2 0.00919499
9.8 12.2 0.0103671
10 12.2 0.0107901
10.2 12.2 0.0103671
10.4 12.2 0.00919499
10.6 12.2 0.00752848
10.8 12.2 0.00569018
11 12.2 0.00397016
11.2 12.2 0.00255713
11.4 12.2 0.00152041
11.6 12.2 0.000834508
11.8 12.2 0.000422829
12 12.2 0.000197771
12.2 12.2 8.53935e-05
12.4 12.2 3.4037e-05
12.6 12.2 1.2524e-05
12.8 12.2 4.25403e-06
13 12.2 1.3339e-06
13.2 12.2 3.86111e-07
13.4 12.2 1.03174e-07
13.6 12.2 2.54503e-08
13.8 12.2 5.79541e-09
14 12.2 1.21827e-09
14.2 12.2 2.36415e-10
14.4 12.2 4.23522e-11
14.6 12.2 7.00404e-12
14.8 12.2 1.06912e-12
5.2 12.4 4.26135e-13
5.4 12.4 2.7917e-12
5.6 12.4 1.6881e-11
5.8 12.4 9.42318e-11
6 12.4 4.85588e-10
6.2 12.4 2.30998e-09
6.4 12.4 1.01442e-08
6.6 12.4 4.11238e-08
6.8 12.4 1.53899e-07
7 12.4 5.31677e-07
7.2 12.4 1.69561e-06
7.4 12.4 4.99194e-06
7.6 12.4 1.35668e-05
7.8 12.4 3.4037e-05
8 12.4 7.88296e-05
8.2 12.4 0.000168536
8.4 12.4 0.000332627
8.6 12.4 0.00060602
8.8 12.4 0.00101925
9 12.4 0.00158247
9.2 12.4 0.00226806
9.4 12.4 0.00300079
9.6 12.4 0.00366505
9.8 12.4 0.00413224
10 12.4 0.00430085
10.2 12.4 0.00413224
10.4 12.4 0.00366505
10.6 12.4 0.00300079
10.8 12.4 0.00226806
11 12.4 0.00158247
11.2 12.4 0.00101925
11.4 12.4 0.00060602
11.6 12.4 0.000332627
11.8 12.4 0.000168536
12 12.4 7.88296e-05
12.2 12.4 3.4037e-05
12.4 12.4 1.35668e-05
12.6 12.4 4.99194e-06
12.8 12.4 1.69561e-06
13 12.4 5.31677e-07
13.2 12.4 1.53899e-07
13.4 12.4 4.11238e-08
13.6 12.4 1.01442e-08
13.8 12.4 2.30998e-09
14 12.4 4.85588e-10
14.2 12.4 9.42318e-11
14.4 12.4 1.6881e-11
14.6 12.4 2.7917e-12
14.8 12.4 4.26135e-13
5.2 12.6 1.56795e-13
5.4 12.6 1.0272e-12
5.6 12.6 6.21131e-12
5.8 12.6 3.46724e-11
6 12.6 1.78671e-10
6.2 12.6 8.49954e-10
6.4 12.6 3.73254e-09
6.6 12.6 1.51315e-08
6.8 12.6 5.66274e-08
7 12.6 1.95631e-07
7.2 12.6 6.23902e-07
7.4 12.6 1.83679e-06
7.6 12.6 4.99194e-06
7.8 12.6 1.2524e-05
8 12.6 2.90056e-05
8.2 12.6 6.20132e-05
8.4 12.6 0.000122391
8.6 12.6 0.000222987
8.8 12.6 0.000375036
9 12.6 0.000582276
9.2 12.6 0.00083454
9.4 12.6 0.00110415
9.6 12.6 0.00134857
9.8 12.6 0.00152047
10 12.6 0.00158252
10.2 12.6 0.00152047
10.4 12.6 0.00134857
10.6 12.6 0.00110415
10.8 12.6 0.00083454
11 12.6 0.000582276
11.2 12.6 0.000375036
11.4 12.6 0.000222987
11.6 12.6 0.000122391
11.8 12.6 6.20132e-05
12 12.6 2.90056e-05
12.2 12.6 1.2524e-05
12.4 12.6 4.99194e-06
12.6 12.6 1.83679e-06
12.8 12.6 6.23902e-07
13 12.6 1.95631e-07
13.2 12.6 5.66274e-08
13.4 12.6 1.51315e-08
13.6 12.6 3.73254e-09
13.8 12.6 8.49954e-10
14 12.6 1.78671e-10
14.2 12.6 3.46724e-11
14.4 12.6 6.21131e-12
14.6 12.6 1.0272e-12
14.8 12.6 1.56795e-13
5.2 12.8 5.32574e-14
5.4 12.8 3.48902e-13
5.6 12.8 2.10976e-12
5.8 12.8 1.1777e-11
6 12.8 6.06886e-11
6.2 12.8 2.88701e-10
6.4 12.8 1.26782e-09
6.6 12.8 5.13968e-09
6.8 12.8 1.92345e-08
7 12.8 6.64498e-08
7.2 12.8 2.1192e-07
7.4 12.8 6.23902e-07
7.6 12.8 1.69561e-06
7.8 12.8 4.25403e-06
8 12.8 9.85233e-06
8.2 12.8 2.1064e-05
8.4 12.8 4.15727e-05
8.6 12.8 7.57422e-05
8.8 12.8 0.000127389
9 12.8 0.000197782
9.2 12.8 0.000283469
9.4 12.8 0.000375049
9.6 12.8 0.00045807
9.8 12.8 0.000516461
10 12.8 0.000537535
10.2 12.8 0.000516461
10.4 12.8 0.00045807
10.6 12.8 0.000375049
10.8 12.8 0.000283469
11 12.8 0.000197782
11.2 12.8 0.000127389
11.4 12.8 7.57422e-05
11.6 12.8 4.15727e-05
11.8 12.8 2.1064e-05
12 12.8 9.85233e-06
12.2 12.8 4.25403e-06
12.4 12.8 1.69561e-06
12.6 12.8 6.23902e-07
12.8 12.8 2.1192e-07
13 12.8 6.64498e-08
13.2 12.8 1.92345e-08
13.4 12.8 5.13968e-09
13.6 12.8 1.26782e-09
13.8 12.8 2.88701e-10
14 12.8 6.06886e-11
14.2 12.8 1.1777e-11
14.4 12.8 2.10976e-12
14.6 12.8 3.48902e-13
14.8 12.8 5.32574e-14
5.2 13 1.66991e-14
5.4 13 1.094e-13
5.6 13 6.6153e-13
5.8 13 3.69277e-12
6 13 1.90294e-11
6.2 13 9.05246e-11
6.4 13 3.97537e-10
6.6 13 1.6116e-09
6.8 13 6.03118e-09
7 13 2.0836e-08
7.2 13 6.64498e-08
7.4 13 1.95631e-07
7.6 13 5.31677e-07
7.8 13 1.3339e-06
8 13 3.08931e-06
8.2 13 6.60488e-06
8.4 13 1.30356e-05
8.6 13 2.37499e-05
8.8 13 3.99443e-05
9 13 6.20171e-05
9.2 13 8.88854e-05
9.4 13 0.000117601
9.6 13 0.000143634
9.8 13 0.000161943
10 13 0.000168551
10.2 13 0.000161943
10.4 13 0.000143634
10.6 13 0.000117601
10.8 13 8.88854e-05
11 13 6.20171e-05
11.2 13 3.99443e-05
11.4 13 2.37499e-05
11.6 13 1.30356e-05
11.8 13 6.60488e-06
12 13 3.08931e-06
12.2 13 1.3339e-06
12.4 13 5.31677e-07
12.6 13 1.95631e-07
12.8 13 6.64498e-08
13 13 2.0836e-08
13.2 13 6.03118e-09
13.4 13 1.6116e-09
13.6 13 3.97537e-10
13.8 13 9.05246e-11
14 13 1.90294e-11
14.2 13 3.69277e-12
14.4 13 6.6153e-13
14.6 13 1.094e-13
14.8 13 1.66991e-14
5.2 13.2 4.83363e-15
5.4 13.2 3.16664e-14
5.6 13.2 1.91484e-13
5.8 13.2 1.06889e-12
6 13.2 5.50818e-12
6.2 13.2 2.6203e-11
6.4 13.2 1.1507e-10
6.6 13.2 4.6649e-10
6.8 13.2 1.74578e-09
7 13.2 6.03118e-09
7.2 13.2 1.92345e-08
7.4 13.2 5.66274e-08
7.6 13.2 1.53899e-07
7.8 13.2 3.86111e-07
8 13.2 8.94235e-07
8.2 13.2 1.91186e-06
8.4 13.2 3.77331e-06
8.6 13.2 6.87468e-06
8.8 13.2 1.15624e-05
9 13.2 1.79516e-05
9.2 13.2 2.57289e-05
9.4 13.2 3.40411e-05
9.6 13.2 4.15765e-05
9.8 13.2 4.68764e-05
10 13.2 4.87891e-05
10.2 13.2 4.68764e-05
10.4 13.2 4.15765e-05
10.6 13.2 3.40411e-05
10.8 13.2 2.57289e-05
11 13.2 1.79516e-05
11.2 13.2 1.15624e-05
11.4 13.2 6.87468e-06
11.6 13.2 3.77331e-06
11.8 13.2 1.91186e-06
12 13.2 8.94235e-07
12.2 13.2 3.86111e-07
12.4 13.2 1.53899e-07
12.6 13.2 5.66274e-08
12.8 13.2 1.92345e-08
13 13.2 6.03118e-09
13.2 13.2 1.74578e-09
13.4 13.2 4.6649e-10
13.6 13.2 1.1507e-10
13.8 13.2 2.6203e-11
14 13.2 5.50818e-12
14.2 13.2 1.06889e-12
14.4 13.2 1.91484e-13
14.6 13.2 3.16664e-14
14.8 13.2 4.83363e-15
5.2 13.4 1.29157e-15
5.4 13.4 8.46146e-15
5.6 13.4 5.11657e-14
5.8 13.4 2.85617e-13
6 13.4 1.47183e-12
6.2 13.4 7.00168e-12
6.4 13.4 3.07478e-11
6.6 13.4 1.24651e-10
6.8 13.4 4.6649e-10
7 13.4 1.6116e-09
7.2 13.4 5.13968e-09
7.4 13.4 1.51315e-08
7.6 13.4 4.11238e-08
7.8 13.4 1.03174e-07
8 13.4 2.38951e-07
8.2 13.4 5.10872e-07
8.4 13.4 1.00828e-06
8.6 13.4 1.837e-06
8.8 13.4 3.08961e-06
9 13.4 4.7969e-06
9.2 13.4 6.87512e-06
9.4 13.4 9.09624e-06
9.6 13.4 1.11098e-05
9.8 13.4 1.2526e-05
10 13.4 1.30371e-05
10.2 13.4 1.2526e-05
10.4 13.4 1.11098e-05
10.6 13.4 9.09624e-06
10.8 13.4 6.87512e-06
11 13.4 4.7969e-06
11.2 13.4 3.08961e-06
11.4 13.4 1.837e-06
11.6 13.4 1.00828e-06
11.8 13.4 5.10872e-07
12 13.4 2.38951e-07
12.2 13.4 1.03174e-07
12.4 13.4 4.11238e-08
12.6 13.4 1.51315e-08
12.8 13.4 5.13968e-09
13 13.4 1.6116e-09
13.2 13.4 4.6649e-10
13.4 13.4 1.24651e-10
13.6 13.4 3.07478e-11
13.8 13.4 7.00168e-12
14 13.4 1.47183e-12
14.2 13.4 2.85617e-13
14.4 13.4 5.11657e-14
14.6 13.4 8.46146e-15
14.8 13.4 1.29157e-15
5.2 13.6 3.1859e-16
5.4 13.6 2.08717e-15
5.6 13.6 1.2621e-14
5.8 13.6 7.0453e-14
6 13.6 3.63057e-13
6.2 13.6 1.72711e-12
6.4 13.6 7.58461e-12
6.6 13.6 3.07478e-11
6.8 13.6 1.1507e-10
7 13.6 3.97537e-10
7.2 13.6 1.26782e-09
7.4 13.6 3.73254e-09
7.6 13.6 1.01442e-08
7.8 13.6 2.54503e-08
8 13.6 5.8943e-08
8.2 13.6 1.26019e-07
8.4 13.6 2.48716e-07
8.6 13.6 4.53143e-07
8.8 13.6 7.62131e-07
9 13.6 1.18328e-06
9.2 13.6 1.69592e-06
9.4 13.6 2.24382e-06
9.6 13.6 2.74052e-06
9.8 13.6 3.08986e-06
10 13.6 3.21594e-06
10.2 13.6 3.08986e-06
10.4 13.6 2.74052e-06
10.6 13.6 2.24382e-06
10.8 13.6 1.69592e-06
11 13.6 1.18328e-06
11.2 13.6 7.62131e-07
11.4 13.6 4.53143e-07
11.6 13.6 2.48716e-07
11.8 13.6 1.26019e-07
12 13.6 5.8943e-08
12.2 13.6 2.54503e-08
12.4 13.6 1.01442e-08
12.6 13.6 3.73254e-09
12.8 13.6 1.26782e-09
13 13.6 3.97537e-10
13.2 13.6 1.1507e-10
13.4 13.6 3.07478e-11
13.6 13.6 7.58461e-12
13.8 13.6 1.72711e-12
14 13.6 3.63057e-13
14.2 13.6 7.0453e-14
14.4 13.6 1.2621e-14
14.6 13.6 2.08717e-15
14.8 13.6 3.1859e-16
5.2 13.8 7.25457e-17
5.4 13.8 4.75269e-16
5.6 13.8 2.87393e-15
5.8 13.8 1.60429e-14
6 13.8 8.26722e-14
6.2 13.8 3.93283e-13
6.4 13.8 1.72711e-12
6.6 13.8 7.00168e-12
6.8 13.8 2.6203e-11
7 13.8 9.05246e-11
7.2 13.8 2.88701e-10
7.4 13.8 8.49954e-10
7.6 13.8 2.30998e-09
7.8 13.8 5.79541e-09
8 13.8 1.34222e-08
8.2 13.8 2.86965e-08
8.4 13.8 5.66367e-08
8.6 13.8 1.03188e-07
8.8 13.8 1.7355e-07
9 13.8 2.69452e-07
9.2 13.8 3.86189e-07
9.4 13.8 5.10955e-07
9.6 13.8 6.24061e-07
9.8 13.8 7.03613e-07
10 13.8 7.32323e-07
10.2 13.8 7.03613e-07
10.4 13.8 6.24061e-07
10.6 13.8 5.10955e-07
10.8 13.8 3.86189e-07
11 13.8 2.69452e-07
11.2 13.8 1.7355e-07
11.4 13.8 1.03188e-07
11.6 13.8 5.66367e-08
11.8 13.8 2.86965e-08
12 13.8 1.34222e-08
12.2 13.8 5.79541e-09
12.4 13.8 2.30998e-09
12.6 13.8 8.49954e-10
12.8 13.8 2.88701e-10
13 13.8 9.05246e-11
13.2 13.8 2.6203e-11
13.4 13.8 7.00168e-12
13.6 13.8 1.72711e-12
13.8 13.8 3.93283e-13
14 13.8 8.26722e-14
14.2 13.8 1.60429e-14
14.4 13.8 2.87393e-15
14.6 13.8 4.75269e-16
14.8 13.8 7.25457e-17
5.2 14 1.52496e-17
5.4 14 9.99052e-17
5.6 14 6.04124e-16
5.8 14 3.37236e-15
6 14 1.73785e-14
6.2 14 8.26722e-14
6.4 14 3.63057e-13
6.6 14 1.47183e-12
6.8 14 5.50818e-12
7 14 1.90294e-11
7.2 14 6.06886e-11
7.4 14 1.78671e-10
7.6 14 4.85588e-10
7.8 14 1.21827e-09
8 14 2.82154e-09
8.2 14 6.03242e-09
8.4 14 1.19058e-08
8.6 14 2.16916e-08
8.8 14 3.64827e-08
9 14 5.66427e-08
9.2 14 8.11828e-08
9.4 14 1.0741e-07
9.6 14 1.31187e-07
9.8 14 1.4791e-07
10 14 1.53945e-07
10.2 14 1.4791e-07
10.4 14 1.31187e-07
10.6 14 1.0741e-07
10.8 14 8.11828e-08
11 14 5.66427e-08
11.2 14 3.64827e-08
11.4 14 2.16916e-08
11.6 14 1.19058e-08
11.8 14 6.03242e-09
12 14 2.82154e-09
12.2 14 1.21827e-09
12.4 14 4.85588e-10
12.6 14 1.78671e-10
12.8 14 6.06886e-11
13 14 1.90294e-11
13.2 14 5.50818e-12
13.4 14 1.47183e-12
13.6 14 3.63057e-13
13.8 14 8.26722e-14
14 14 1.73785e-14
14.2 14 3.37236e-15
14.4 14 6.04124e-16
14.6 14 9.99052e-17
14.8 14 1.52496e-17
5.2 14.2 2.9592e-18
5.4 14.2 1.93868e-17
5.6 14.2 1.17232e-16
5.8 14.2 6.54417e-16
6 14.2 3.37236e-15
6.2 14.2 1.60429e-14
6.4 14.2 7.0453e-14
6.6 14.2 2.85617e-13
6.8 14.2 1.06889e-12
7 14.2 3.69277e-12
7.2 14.2 1.1777e-11
7.4 14.2 3.46724e-11
7.6 14.2 9.42318e-11
7.8 14.2 2.36415e-10
8 14.2 5.47542e-10
8.2 14.2 1.17064e-09
8.4 14.2 2.31043e-09
8.6 14.2 4.20944e-09
8.8 14.2 7.07977e-09
9 14.2 1.0992e-08
9.2 14.2 1.57542e-08
9.4 14.2 2.08439e-08
9.6 14.2 2.5458e-08
9.8 14.2 2.87033e-08
10 14.2 2.98745e-08
10.2 14.2 2.87033e-08
10.4 14.2 2.5458e-08
10.6 14.2 2.08439e-08
10.8 14.2 1.57542e-08
11 14.2 1.0992e-08
11.2 14.2 7.07977e-09
11.4 14.2 4.20944e-09
11.6 14.2 2.31043e-09
11.8 14.2 1.17064e-09
12 14.2 5.47542e-10
12.2 14.2 2.36415e-10
12.4 14.2 9.42318e-11
12.6 14.2 3.46724e-11
12.8 14.2 1.1777e-11
13 14.2 3.69277e-12
13.2 14.2 1.06889e-12
13.4 14.2 2.85617e-13
13.6 14.2 7.0453e-14
13.8 14.2 1.60429e-14
14 14.2 3.37236e-15
14.2 14.2 6.54417e-16
14.4 14.2 1.17232e-16
14.6 14.2 1.93868e-17
14.8 14.2 2.9592e-18
5.2 14.4 5.30103e-19
5.4 14.4 3.4729e-18
5.6 14.4 2.10007e-17
5.8 14.4 1.17232e-16
6 14.4 6.04124e-16
6.2 14.4 2.87393e-15
6.4 14.4 1.2621e-14
6.6 14.4 5.11657e-14
6.8 14.4 1.91484e-13
7 14.4 6.6153e-13
7.2 14.4 2.10976e-12
7.4 14.4 6.21131e-12
7.6 14.4 1.6881e-11
7.8 14.4 4.23522e-11
8 14.4 9.80887e-11
8.2 14.4 2.09713e-10
8.4 14.4 4.13899e-10
8.6 14.4 7.54097e-10
8.8 14.4 1.2683e-09
9 14.4 1.96916e-09
9.2 14.4 2.82229e-09
9.4 14.4 3.73408e-09
9.6 14.4 4.56067e-09
9.8 14.4 5.14204e-09
10 14.4 5.35186e-09
10.2 14.4 5.14204e-09
10.4 14.4 4.56067e-09
10.6 14.4 3.73408e-09
10.8 14.4 2.82229e-09
11 14.4 1.96916e-09
11.2 14.4 1.2683e-09
11.4 14.4 7.54097e-10
11.6 14.4 4.13899e-10
11.8 14.4 2.09713e-10
12 14.4 9.80887e-11
12.2 14.4 4.23522e-11
12.4 14.4 1.6881e-11
12.6 14.4 6.21131e-12
12.8 14.4 2.10976e-12
13 14.4 6.6153e-13
13.2 14.4 1.91484e-13
13.4 14.4 5.11657e-14
13.6 14.4 1.2621e-14
13.8 14.4 2.87393e-15
14 14.4 6.04124e-16
14.2 14.4 1.17232e-16
14.4 14.4 2.10007e-17
14.6 14.4 3.4729e-18
14.8 14.4 5.30103e-19
5.2 14.6 8.76629e-20
5.4 14.6 5.74313e-19
5.6 14.6 3.4729e-18
5.8 14.6 1.93868e-17
6 14.6 9.99052e-17
6.2 14.6 4.75269e-16
6.4 14.6 2.08717e-15
6.6 14.6 8.46146e-15
6.8 14.6 3.16664e-14
7 14.6 1.094e-13
7.2 14.6 3.48902e-13
7.4 14.6 1.0272e-12
7.6 14.6 2.7917e-12
7.8 14.6 7.00404e-12
8 14.6 1.62215e-11
8.2 14.6 3.46815e-11
8.4 14.6 6.84492e-11
8.6 14.6 1.2471e-10
8.8 14.6 2.09748e-10
9 14.6 3.25653e-10
9.2 14.6 4.66741e-10
9.4 14.6 6.17532e-10
9.6 14.6 7.54231e-10
9.8 14.6 8.50377e-10
10 14.6 8.85075e-10
10.2 14.6 8.50377e-10
10.4 14.6 7.54231e-10
10.6 14.6 6.17532e-10
10.8 14.6 4.66741e-10
11 14.6 3.25653e-10
11.2 14.6 2.09748e-10
11.4 14.6 1.2471e-10
11.6 14.6 6.84492e-11
11.8 14.6 3.46815e-11
12 14.6 1.62215e-11
12.2 14.6 7.00404e-12
12.4 14.6 2.7917e-12
12.6 14.6 1.0272e-12
12.8 14.6 3.48902e-13
13 14.6 1.094e-13
13.2 14.6 3.16664e-14
13.4 14.6 8.46146e-15
13.6 14.6 2.08717e-15
13.8 14.6 4.75269e-16
14 14.6 9.99052e-17
14.2 14.6 1.93868e-17
14.4 14.6 3.4729e-18
14.6 14.6 5.74313e-19
14.8 14.6 8.76629e-20
5.2 14.8 1.33808e-20
5.4 14.8 8.76629e-20
5.6 14.8 5.30103e-19
5.8 14.8 2.9592e-18
6 14.8 1.52496e-17
6.2 14.8 7.25457e-17
6.4 14.8 3.1859e-16
6.6 14.8 1.29157e-15
6.8 14.8 4.83363e-15
7 14.8 1.66991e-14
7.2 14.8 5.32574e-14
7.4 14.8 1.56795e-13
7.6 14.8 4.26135e-13
7.8 14.8 1.06912e-12
8 14.8 2.47611e-12
8.2 14.8 5.29392e-12
8.4 14.8 1.04484e-11
8.6 14.8 1.90363e-11
8.8 14.8 3.20168e-11
9 14.8 4.97091e-11
9.2 14.8 7.12454e-11
9.4 14.8 9.42627e-11
9.6 14.8 1.15129e-10
9.8 14.8 1.29805e-10
10 14.8 1.35102e-10
10.2 14.8 1.29805e-10
10.4 14.8 1.15129e-10
10.6 14.8 9.42627e-11
10.8 14.8 7.12454e-11
11 14.8 4.97091e-11
11.2 14.8 3.20168e-11
11.4 14.8 1.90363e-11
11.6 14.8 1.04484e-11
11.8 14.8 5.29392e-12
12 14.8 2.47611e-12
12.2 14.8 1.06912e-12
12.4 14.8 4.26135e-13
12.6 14.8 1.56795e-13
12.8 14.8 5.32574e-14
13 14.8 1.66991e-14
13.2 14.8 4.83363e-15
13.4 14.8 1.29157e-15
13.6 14.8 3.1859e-16
13.8 14.8 7.25457e-17
14 14.8 1.52496e-17
14.2 14.8 2.9592e-18
14.4 14.8 5.30103e-19
14.6 14.8 8.76629e-20
14.8 14.8 1.33808e-20

