5.2 5.2 8.70677e-21
5.4 5.2 5.69496e-20
5.6 5.2 3.43645e-19
5.8 5.2 1.91455e-18
6 5.2 9.8482e-18
6.2 5.2 4.67709e-17
6.4 5.2 2.05079e-16
6.6 5.2 8.30206e-16
6.8 5.2 3.10291e-15
7 5.2 1.07069e-14
7.2 5.2 3.41094e-14
7.4 5.2 1.00321e-13
7.6 5.2 2.72403e-13
7.8 5.2 6.82869e-13
8 5.2 1.58039e-12
8.2 5.2 3.37667e-12
8.4 5.2 6.66055e-12
8.6 5.2 1.2129e-11
8.8 5.2 2.0391e-11
9 5.2 3.16476e-11
9.2 5.2 4.53457e-11
9.4 5.2 5.99822e-11
9.6 5.2 7.32485e-11
9.8 5.2 8.2578e-11
10 5.2 8.59448e-11
10.2 5.2 8.2578e-11
10.4 5.2 7.32485e-11
10.6 5.2 5.99822e-11
10.8 5.2 4.53457e-11
11 5.2 3.16476e-11
11.2 5.2 2.0391e-11
11.4 5.2 1.2129e-11
11.6 5.2 6.66055e-12
11.8 5.2 3.37667e-12
12 5.2 1.58039e-12
12.2 5.2 6.82869e-13
12.4 5.2 2.72403e-13
12.6 5.2 1.00321e-13
12.8 5.2 3.41094e-14
13 5.2 1.07069e-14
13.2 5.2 3.10291e-15
13.4 5.2 8.30206e-16
13.6 5.2 2.05079e-16
13.8 5.2 4.67709e-17
14 5.2 9.8482e-18
14.2 5.2 1.91455e-18
14.4 5.2 3.43645e-19
14.6 5.2 5.69496e-20
14.8 5.2 8.70677e-21
5.2 5.4 5.69496e-20
5.4 5.4 3.72493e-19
5.6 5.4 2.24765e-18
5.8 5.4 1.25221e-17
6 5.4 6.44111e-17
6.2 5.4 3.05895e-16
6.4 5.4 1.34125e-15
6.6 5.4 5.42963e-15
6.8 5.4 2.02931e-14
7 5.4 7.0023e-14
7.2 5.4 2.23072e-13
7.4 5.4 6.5608e-13
7.6 5.4 1.78146e-12
7.8 5.4 4.46577e-12
8 5.4 1.03352e-11
8.2 5.4 2.20822e-11
8.4 5.4 4.35573e-11
8.6 5.4 7.93187e-11
8.8 5.4 1.33348e-10
9 5.4 2.0696e-10
9.2 5.4 2.96538e-10
9.4 5.4 3.92253e-10
9.6 5.4 4.79007e-10
9.8 5.4 5.40017e-10
10 5.4 5.62034e-10
10.2 5.4 5.40017e-10
10.4 5.4 4.79007e-10
10.6 5.4 3.92253e-10
10.8 5.4 2.96538e-10
11 5.4 2.0696e-10
11.2 5.4 1.33348e-10
11.4 5.4 7.93187e-11
11.6 5.4 4.35573e-11
11.8 5.4 2.20822e-11
12 5.4 1.03352e-11
12.2 5.4 4.46577e-12
12.4 5.4 1.78146e-12
12.6 5.4 6.5608e-13
12.8 5.4 2.23072e-13
13 5.4 7.0023e-14
13.2 5.4 2.02931e-14
13.4 5.4 5.42963e-15
13.6 5.4 1.34125e-15
13.8 5.4 3.05895e-16
14 5.4 6.44111e-17
14.2 5.4 1.25221e-17
14.4 5.4 2.24765e-18
14.6 5.4 3.72493e-19
14.8 5.4 5.69496e-20
5.2 5.6 3.43645e-19
5.4 5.6 2.24765e-18
5.6 5.6 1.35621e-17
5.8 5.6 7.55555e-17
6 5.6 3.88633e-16
6.2 5.6 1.84562e-15
6.4 5.6 8.09231e-15
6.6 5.6 3.27585e-14
6.8 5.6 1.22432e-13
7 5.6 4.22455e-13
7.2 5.6 1.34579e-12
7.4 5.6 3.95809e-12
7.6 5.6 1.07473e-11
7.8 5.6 2.69412e-11
8 5.6 6.23498e-11
8.2 5.6 1.33215e-10
8.4 5.6 2.62766e-10
8.6 5.6 4.785e-10
8.8 5.6 8.04431e-10
9 5.6 1.2485e-09
9.2 5.6 1.78888e-09
9.4 5.6 2.36628e-09
9.6 5.6 2.88962e-09
9.8 5.6 3.25765e-09
10 5.6 3.39047e-09
10.2 5.6 3.25765e-09
10.4 5.6 2.88962e-09
10.6 5.6 2.36628e-09
10.8 5.6 1.78888e-09
11 5.6 1.2485e-09
11.2 5.6 8.04431e-10
11.4 5.6 4.785e-10
11.6 5.6 2.62766e-10
11.8 5.6 1.33215e-10
12 5.6 6.23498e-11
12.2 5.6 2.69412e-11
12.4 5.6 1.07473e-11
12.6 5.6 3.95809e-12
12.8 5.6 1.34579e-12
13 5.6 4.22455e-13
13.2 5.6 1.22432e-13
13.4 5.6 3.27585e-14
13.6 5.6 8.09231e-15
13.8 5.6 1.84562e-15
14 5.6 3.88633e-16
14.2 5.6 7.55555e-17
14.4 5.6 1.35621e-17
14.6 5.6 2.24765e-18
14.8 5.6 3.43645e-19
5.2 5.8 1.91455e-18
5.4 5.8 1.25221e-17
5.6 5.8 7.55555e-17
5.8 5.8 4.20916e-16
6 5.8 2.16501e-15
6.2 5.8 1.02815e-14
6.4 5.8 4.50792e-14
6.6 5.8 1.82483e-13
6.8 5.8 6.82001e-13
7 5.8 2.35323e-12
7.2 5.8 7.49648e-12
7.4 5.8 2.20475e-11
7.6 5.8 5.98643e-11
7.8 5.8 1.50066e-10
8 5.8 3.47293e-10
8.2 5.8 7.42013e-10
8.4 5.8 1.46361e-09
8.6 5.8 2.66523e-09
8.8 5.8 4.48063e-09
9 5.8 6.95404e-09
9.2 5.8 9.96387e-09
9.4 5.8 1.31799e-08
9.6 5.8 1.60948e-08
9.8 5.8 1.81447e-08
10 5.8 1.88844e-08
10.2 5.8 1.81447e-08
10.4 5.8 1.60948e-08
10.6 5.8 1.31799e-08
10.8 5.8 9.96387e-09
11 5.8 6.95404e-09
11.2 5.8 4.48063e-09
11.4 5.8 2.66523e-09
11.6 5.8 1.46361e-09
11.8 5.8 7.42013e-10
12 5.8 3.47293e-10
12.2 5.8 1.50066e-10
12.4 5.8 5.98643e-11
12.6 5.8 2.20475e-11
12.8 5.8 7.49648e-12
13 5.8 2.35323e-12
13.2 5.8 6.82001e-13
13.4 5.8 1.82483e-13
13.6 5.8 4.50792e-14
13.8 5.8 1.02815e-14
14 5.8 2.16501e-15
14.2 5.8 4.20916e-16
14.4 5.8 7.55555e-17
14.6 5.8 1.25221e-17
14.8 5.8 1.91455e-18
5.2 6 9.8482e-18
5.4 6 6.44111e-17
5.6 6 3.88633e-16
5.8 6 2.16501e-15
6 6 1.11356e-14
6.2 6 5.28814e-14
6.4 6 2.31855e-13
6.6 6 9.38546e-13
6.8 6 3.50763e-12
7 6 1.21028e-11
7.2 6 3.85544e-11
7.4 6 1.13389e-10
7.6 6 3.07876e-10
7.8 6 7.71766e-10
8 6 1.78606e-09
8.2 6 3.81601e-09
8.4 6 7.52696e-09
8.6 6 1.37065e-08
8.8 6 2.30425e-08
9 6 3.57624e-08
9.2 6 5.12408e-08
9.4 6 6.77794e-08
9.6 6 8.27695e-08
9.8 6 9.33114e-08
10 6 9.71157e-08
10.2 6 9.33114e-08
10.4 6 8.27695e-08
10.6 6 6.77794e-08
10.8 6 5.12408e-08
11 6 3.57624e-08
11.2 6 2.30425e-08
11.4 6 1.37065e-08
11.6 6 7.52696e-09
11.8 6 3.81601e-09
12 6 1.78606e-09
12.2 6 7.71766e-10
12.4 6 3.07876e-10
12.6 6 1.13389e-10
12.8 6 3.85544e-11
13 6 1.21028e-11
13.2 6 3.50763e-12
13.4 6 9.38546e-13
13.6 6 2.31855e-13
13.8 6 5.28814e-14
14 6 1.11356e-14
14.2 6 2.16501e-15
14.4 6 3.88633e-16
14.6 6 6.44111e-17
14.8 6 9.8482e-18
5.2 6.2 4.67709e-17
5.4 6.2 3.05895e-16
5.6 6.2 1.84562e-15
5.8 6.2 1.02815e-14
6 6.2 5.28814e-14
6.2 6.2 2.51121e-13
6.4 6.2 1.10101e-12
6.6 6.2 4.45679e-12
6.8 6.2 1.66562e-11
7 6.2 5.74703e-11
7.2 6.2 1.83074e-10
7.4 6.2 5.38417e-10
7.6 6.2 1.46191e-09
7.8 6.2 3.66459e-09
8 6.2 8.48074e-09
8.2 6.2 1.81194e-08
8.4 6.2 3.57397e-08
8.6 6.2 6.50812e-08
8.8 6.2 1.0941e-07
9 6.2 1.69805e-07
9.2 6.2 2.43299e-07
9.4 6.2 3.21826e-07
9.6 6.2 3.93e-07
9.8 6.2 4.43054e-07
10 6.2 4.61117e-07
10.2 6.2 4.43054e-07
10.4 6.2 3.93e-07
10.6 6.2 3.21826e-07
10.8 6.2 2.43299e-07
11 6.2 1.69805e-07
11.2 6.2 1.0941e-07
11.4 6.2 6.50812e-08
11.6 6.2 3.57397e-08
11.8 6.2 1.81194e-08
12 6.2 8.48074e-09
12.2 6.2 3.66459e-09
12.4 6.2 1.46191e-09
12.6 6.2 5.38417e-10
12.8 6.2 1.83074e-10
13 6.2 5.74703e-11
13.2 6.2 1.66562e-11
13.4 6.2 4.45679e-12
13.6 6.2 1.10101e-12
13.8 6.2 2.51121e-13
14 6.2 5.28814e-14
14.2 6.2 1.02815e-14
14.4 6.2 1.84562e-15
14.6 6.2 3.05895e-16
14.8 6.2 4.67709e-17
5.2 6.4 2.05079e-16
5.4 6.4 1.34125e-15
5.6 6.4 8.09231e-15
5.8 6.4 4.50792e-14
6 6.4 2.31855e-13
6.2 6.4 1.10101e-12
6.4 6.4 4.82717e-12
6.6 6.4 1.95397e-11
6.8 6.4 7.3024e-11
7 6.4 2.51959e-10
7.2 6.4 8.02615e-10
7.4 6.4 2.36046e-09
7.6 6.4 6.40904e-09
7.8 6.4 1.60655e-08
8 6.4 3.71793e-08
8.2 6.4 7.94342e-08
8.4 6.4 1.5668e-07
8.6 6.4 2.8531e-07
8.8 6.4 4.7964e-07
9 6.4 7.44404e-07
9.2 6.4 1.06659e-06
9.4 6.4 1.41083e-06
9.6 6.4 1.72285e-06
9.8 6.4 1.94227e-06
10 6.4 2.02146e-06
10.2 6.4 1.94227e-06
10.4 6.4 1.72285e-06
10.6 6.4 1.41083e-06
10.8 6.4 1.06659e-06
11 6.4 7.44404e-07
11.2 6.4 4.7964e-07
11.4 6.4 2.8531e-07
11.6 6.4 1.5668e-07
11.8 6.4 7.94342e-08
12 6.4 3.71793e-08
12.2 6.4 1.60655e-08
12.4 6.4 6.40904e-09
12.6 6.4 2.36046e-09
12.8 6.4 8.02615e-10
13 6.4 2.51959e-10
13.2 6.4 7.3024e-11
13.4 6.4 1.95397e-11
13.6 6.4 4.82717e-12
13.8 6.4 1.10101e-12
14 6.4 2.31855e-13
14.2 6.4 4.50792e-14
14.4 6.4 8.09231e-15
14.6 6.4 1.34125e-15
14.8 6.4 2.05079e-16
5.2 6.6 8.30206e-16
5.4 6.6 5.42963e-15
5.6 6.6 3.27585e-14
5.8 6.6 1.82483e-13
6 6.6 9.38546e-13
6.2 6.6 4.45679e-12
6.4 6.6 1.95397e-11
6.6 6.6 7.90933e-11
6.8 6.6 2.95584e-10
7 6.6 1.01986e-09
7.2 6.6 3.24874e-09
7.4 6.6 9.55432e-09
7.6 6.6 2.59414e-08
7.8 6.6 6.50269e-08
8 6.6 1.50486e-07
8.2 6.6 3.21514e-07
8.4 6.6 6.34166e-07
8.6 6.6 1.15479e-06
8.8 6.6 1.94134e-06
9 6.6 3.01296e-06
9.2 6.6 4.31698e-06
9.4 6.6 5.7103e-06
9.6 6.6 6.97316e-06
9.8 6.6 7.86127e-06
10 6.6 8.18177e-06
10.2 6.6 7.86127e-06
10.4 6.6 6.97316e-06
10.6 6.6 5.7103e-06
10.8 6.6 4.31698e-06
11 6.6 3.01296e-06
11.2 6.6 1.94134e-06
11.4 6.6 1.15479e-06
11.6 6.6 6.34166e-07
11.8 6.6 3.21514e-07
12 6.6 1.50486e-07
12.2 6.6 6.50269e-08
12.4 6.6 2.59414e-08
12.6 6.6 9.55432e-09
12.8 6.6 3.24874e-09
13 6.6 1.01986e-09
13.2 6.6 2.95584e-10
13.4 6.6 7.90933e-11
13.6 6.6 1.95397e-11
13.8 6.6 4.45679e-12
14 6.6 9.38546e-13
14.2 6.6 1.82483e-13
14.4 6.6 3.27585e-14
14.6 6.6 5.42963e-15
14.8 6.6 8.30206e-16
5.2 6.8 3.10291e-15
5.4 6.8 2.02931e-14
5.6 6.8 1.22432e-13
5.8 6.8 6.82001e-13
6 6.8 3.50763e-12
6.2 6.8 1.66562e-11
6.4 6.8 7.3024e-11
6.6 6.8 2.95584e-10
6.8 6.8 1.10464e-09
7 6.8 3.81131e-09
7.2 6.8 1.21407e-08
7.4 6.8 3.57048e-08
7.6 6.8 9.6943e-08
7.8 6.8 2.43004e-07
8 6.8 5.62358e-07
8.2 6.8 1.20148e-06
8.4 6.8 2.36983e-06
8.6 6.8 4.31535e-06
8.8 6.8 7.25457e-06
9 6.8 1.12591e-05
9.2 6.8 1.6132e-05
9.4 6.8 2.13386e-05
9.6 6.8 2.60577e-05
9.8 6.8 2.93764e-05
10 6.8 3.05741e-05
10.2 6.8 2.93764e-05
10.4 6.8 2.60577e-05
10.6 6.8 2.13386e-05
10.8 6.8 1.6132e-05
11 6.8 1.12591e-05
11.2 6.8 7.25457e-06
11.4 6.8 4.31535e-06
11.6 6.8 2.36983e-06
11.8 6.8 1.20148e-06
12 6.8 5.62358e-07
12.2 6.8 2.43004e-07
12.4 6.8 9.6943e-08
12.6 6.8 3.57048e-08
12.8 6.8 1.21407e-08
13 6.8 3.81131e-09
13.2 6.8 1.10464e-09
13.4 6.8 2.95584e-10
13.6 6.8 7.3024e-11
13.8 6.8 1.66562e-11
14 6.8 3.50763e-12
14.2 6.8 6.82001e-13
14.4 6.8 1.22432e-13
14.6 6.8 2.02931e-14
14.8 6.8 3.10291e-15
5.2 7 1.07069e-14
5.4 7 7.0023e-14
5.6 7 4.22455e-13
5.8 7 2.35323e-12
6 7 1.21028e-11
6.2 7 5.74703e-11
6.4 7 2.51959e-10
6.6 7 1.01986e-09
6.8 7 3.81131e-09
7 7 1.315e-08
7.2 7 4.18883e-08
7.4 7 1.23189e-07
7.6 7 3.34471e-07
7.8 7 8.38402e-07
8 7 1.94022e-06
8.2 7 4.14524e-06
8.4 7 8.17617e-06
8.6 7 1.48884e-05
8.8 7 2.50289e-05
9 7 3.88447e-05
9.2 7 5.56565e-05
9.4 7 7.36196e-05
9.6 7 8.99008e-05
9.8 7 0.00010135
10 7 0.000105482
10.2 7 0.00010135
10.4 7 8.99008e-05
10.6 7 7.36196e-05
10.8 7 5.56565e-05
11 7 3.88447e-05
11.2 7 2.50289e-05
11.4 7 1.48884e-05
11.6 7 8.17617e-06
11.8 7 4.14524e-06
12 7 1.94022e-06
12.2 7 8.38402e-07
12.4 7 3.34471e-07
12.6 7 1.23189e-07
12.8 7 4.18883e-08
13 7 1.315e-08
13.2 7 3.81131e-09
13.4 7 1.01986e-09
13.6 7 2.51959e-10
13.8 7 5.74703e-11
14 7 1.21028e-11
14.2 7 2.35323e-12
14.4 7 4.22455e-13
14.6 7 7.0023e-14
14.8 7 1.07069e-14
5.2 7.2 3.41094e-14
5.4 7.2 2.23072e-13
5.6 7.2 1.34579e-12
5.8 7.2 7.49648e-12
6 7.2 3.85544e-11
6.2 7.2 1.83074e-10
6.4 7.2 8.02615e-10
6.6 7.2 3.24874e-09
6.8 7.2 1.21407e-08
7 7.2 4.18883e-08
7.2 7.2 1.33431e-07
7.4 7.2 3.92402e-07
7.6 7.2 1.06541e-06
7.8 7.2 2.6706e-06
8 7.2 6.18022e-06
8.2 7.2 1.32039e-05
8.4 7.2 2.60435e-05
8.6 7.2 4.74238e-05
8.8 7.2 7.9724e-05
9 7.2 0.000123731
9.2 7.2 0.000177281
9.4 7.2 0.000234497
9.6 7.2 0.000286357
9.8 7.2 0.000322827
10 7.2 0.000335988
10.2 7.2 0.000322827
10.4 7.2 0.000286357
10.6 7.2 0.000234497
10.8 7.2 0.000177281
11 7.2 0.000123731
11.2 7.2 7.9724e-05
11.4 7.2 4.74238e-05
11.6 7.2 2.60435e-05
11.8 7.2 1.32039e-05
12 7.2 6.18022e-06
12.2 7.2 2.6706e-06
12.4 7.2 1.06541e-06
12.6 7.2 3.92402e-07
12.8 7.2 1.33431e-07
13 7.2 4.18883e-08
13.2 7.2 1.21407e-08
13.4 7.2 3.24874e-09
13.6 7.2 8.02615e-10
13.8 7.2 1.83074e-10
14 7.2 3.85544e-11
14.2 7.2 7.49648e-12
14.4 7.2 1.34579e-12
14.6 7.2 2.23072e-13
14.8 7.2 3.41094e-14
5.2 7.4 1.00321e-13
5.4 7.4 6.5608e-13
5.6 7.4 3.95809e-12
5.8 7.4 2.20475e-11
6 7.4 1.13389e-10
6.2 7.4 5.38417e-10
6.4 7.4 2.36046e-09
6.6 7.4 9.55432e-09
6.8 7.4 3.57048e-08
7 7.4 1.23189e-07
7.2 7.4 3.92402e-07
7.4 7.4 1.154e-06
7.6 7.4 3.13319e-06
7.8 7.4 7.85374e-06
8 7.4 1.81748e-05
8.2 7.4 3.88299e-05
8.4 7.4 7.65884e-05
8.6 7.4 0.000139463
8.8 7.4 0.00023445
9 7.4 0.000363863
9.2 7.4 0.000521339
9.4 7.4 0.000689599
9.6 7.4 0.000842104
9.8 7.4 0.000949352
10 7.4 0.000988056
10.2 7.4 0.000949352
10.4 7.4 0.000842104
10.6 7.4 0.000689599
10.8 7.4 0.000521339
11 7.4 0.000363863
11.2 7.4 0.00023445
11.4 7.4 0.000139463
11.6 7.4 7.65884e-05
11.8 7.4 3.88299e-05
12 7.4 1.81748e-05
12.2 7.4 7.85374e-06
12.4 7.4 3.13319e-06
12.6 7.4 1.154e-06
12.8 7.4 3.92402e-07
13 7.4 1.23189e-07
13.2 7.4 3.57048e-08
13.4 7.4 9.55432e-09
13.6 7.4 2.36046e-09
13.8 7.4 5.38417e-10
14 7.4 1.13389e-10
14.2 7.4 2.20475e-11
14.4 7.4 3.95809e-12
14.6 7.4 6.5608e-13
14.8 7.4 1.00321e-13
5.2 7.6 2.72403e-13
5.4 7.6 1.78146e-12
5.6 7.6 1.07473e-11
5.8 7.6 5.98643e-11
6 7.6 3.07876e-10
6.2 7.6 1.46191e-09
6.4 7.6 6.40904e-09
6.6 7.6 2.59414e-08
6.8 7.6 9.6943e-08
7 7.6 3.34471e-07
7.2 7.6 1.06541e-06
7.4 7.6 3.13319e-06
7.6 7.6 8.50682e-06
7.8 7.6 2.13233e-05
8 7.6 4.93454e-05
8.2 7.6 0.000105424
8.4 7.6 0.000207939
8.6 7.6 0.000378643
8.8 7.6 0.000636534
9 7.6 0.00098789
9.2 7.6 0.00141544
9.4 7.6 0.00187226
9.6 7.6 0.00228631
9.8 7.6 0.00257748
10 7.6 0.00268256
10.2 7.6 0.00257748
10.4 7.6 0.00228631
10.6 7.6 0.00187226
10.8 7.6 0.00141544
11 7.6 0.00098789
11.2 7.6 0.000636534
11.4 7.6 0.000378643
11.6 7.6 0.000207939
11.8 7.6 0.000105424
12 7.6 4.93454e-05
12.2 7.6 2.13233e-05
12.4 7.6 8.50682e-06
12.6 7.6 3.13319e-06
12.8 7.6 1.06541e-06
13 7.6 3.34471e-07
13.2 7.6 9.6943e-08
13.4 7.6 2.59414e-08
13.6 7.6 6.40904e-09
13.8 7.6 1.46191e-09
14 7.6 3.07876e-10
14.2 7.6 5.98643e-11
14.4 7.6 1.07473e-11
14.6 7.6 1.78146e-12
14.8 7.6 2.72403e-13
5.2 7.8 6.82869e-13
5.4 7.8 4.46577e-12
5.6 7.8 2.69412e-11
5.8 7.8 1.50066e-10
6 7.8 7.71766e-10
6.2 7.8 3.66459e-09
6.4 7.8 1.60655e-08
6.6 7.8 6.50269e-08
6.8 7.8 2.43004e-07
7 7.8 8.38402e-07
7.2 7.8 2.6706e-06
7.4 7.8 7.85374e-06
7.6 7.8 2.13233e-05
7.8 7.8 5.34491e-05
8 7.8 0.000123689
8.2 7.8 0.000264256
8.4 7.8 0.000521216
8.6 7.8 0.000949097
8.8 7.8 0.00159551
9 7.8 0.00247621
9.2 7.8 0.00354787
9.4 7.8 0.00469292
9.6 7.8 0.00573075
9.8 7.8 0.0064606
10 7.8 0.00672398
10.2 7.8 0.0064606
10.4 7.8 0.00573075
10.6 7.8 0.00469292
10.8 7.8 0.00354787
11 7.8 0.00247621
11.2 7.8 0.00159551
11.4 7.8 0.000949097
11.6 7.8 0.000521216
11.8 7.8 0.000264256
12 7.8 0.000123689
12.2 7.8 5.34491e-05
12.4 7.8 2.13233e-05
12.6 7.8 7.85374e-06
12.8 7.8 2.6706e-06
13 7.8 8.38402e-07
13.2 7.8 2.43004e-07
13.4 7.8 6.50269e-08
13.6 7.8 1.60655e-08
13.8 7.8 3.66459e-09
14 7.8 7.71766e-10
14.2 7.8 1.50066e-10
14.4 7.8 2.69412e-11
14.6 7.8 4.46577e-12
14.8 7.8 6.82869e-13
5.2 8 1.58039e-12
5.4 8 1.03352e-11
5.6 8 6.23498e-11
5.8 8 3.47293e-10
6 8 1.78606e-09
6.2 8 8.48074e-09
6.4 8 3.71793e-08
6.6 8 1.50486e-07
6.8 8 5.62358e-07
7 8 1.94022e-06
7.2 8 6.18022e-06
7.4 8 1.81748e-05
7.6 8 4.93454e-05
7.8 8 0.000123689
8 8 0.000286233
8.2 8 0.000611522
8.4 8 0.00120616
8.6 8 0.00219632
8.8 8 0.0036922
9 8 0.00573022
9.2 8 0.00821016
9.4 8 0.0108599
9.6 8 0.0132616
9.8 8 0.0149505
10 8 0.01556
10.2 8 0.0149505
10.4 8 0.0132616
10.6 8 0.0108599
10.8 8 0.00821016
11 8 0.00573022
11.2 8 0.0036922
11.4 8 0.00219632
11.6 8 0.00120616
11.8 8 0.000611522
12 8 0.000286233
12.2 8 0.000123689
12.4 8 4.93454e-05
12.6 8 1.81748e-05
12.8 8 6.18022e-06
13 8 1.94022e-06
13.2 8 5.62358e-07
13.4 8 1.50486e-07
13.6 8 3.71793e-08
13.8 8 8.48074e-09
14 8 1.78606e-09
14.2 8 3.47293e-10
14.4 8 6.23498e-11
14.6 8 1.03352e-11
14.8 8 1.58039e-12
5.2 8.2 3.37667e-12
5.4 8.2 2.20822e-11
5.6 8.2 1.33215e-10
5.8 8.2 7.42013e-10
6 8.2 3.81601e-09
6.2 8.2 1.81194e-08
6.4 8.2 7.94342e-08
6.6 8.2 3.21514e-07
6.8 8.2 1.20148e-06
7 8.2 4.14524e-06
7.2 8.2 1.32039e-05
7.4 8.2 3.88299e-05
7.6 8.2 0.000105424
7.8 8.2 0.000264256
8 8.2 0.000611522
8.2 8.2 0.00130648
8.4 8.2 0.00257688
8.6 8.2 0.00469229
8.8 8.2 0.00788812
9 8.2 0.0122422
9.2 8.2 0.0175404
9.4 8.2 0.0232013
9.6 8.2 0.0283322
9.8 8.2 0.0319405
10 8.2 0.0332426
10.2 8.2 0.0319405
10.4 8.2 0.0283322
10.6 8.2 0.0232013
10.8 8.2 0.0175404
11 8.2 0.0122422
11.2 8.2 0.00788812
11.4 8.2 0.00469229
11.6 8.2 0.00257688
11.8 8.2 0.00130648
12 8.2 0.000611522
12.2 8.2 0.000264256
12.4 8.2 0.000105424
12.6 8.2 3.88299e-05
12.8 8.2 1.32039e-05
13 8.2 4.14524e-06
13.2 8.2 1.20148e-06
13.4 8.2 3.21514e-07
13.6 8.2 7.94342e-08
13.8 8.2 1.81194e-08
14 8.2 3.81601e-09
14.2 8.2 7.42013e-10
14.4 8.2 1.33215e-10
14.6 8.2 2.20822e-11
14.8 8.2 3.37667e-12
5.2 8.4 6.66055e-12
5.4 8.4 4.35573e-11
5.6 8.4 2.62766e-10
5.8 8.4 1.46361e-09
6 8.4 7.52696e-09
6.2 8.4 3.57397e-08
6.4 8.4 1.5668e-07
6.6 8.4 6.34166e-07
6.8 8.4 2.36983e-06
7 8.4 8.17617e-06
7.2 8.4 2.60435e-05
7.4 8.4 7.65884e-05
7.6 8.4 0.000207939
7.8 8.4 0.000521216
8 8.4 0.00120616
8.2 8.4 0.00257688
8.4 8.4 0.00508259
8.6 8.4 0.00925497
8.8 8.4 0.0155583
9 8.4 0.0241461
9.2 8.4 0.0345961
9.4 8.4 0.0457616
9.6 8.4 0.0558816
9.8 8.4 0.0629984
10 8.4 0.0655667
10.2 8.4 0.0629984
10.4 8.4 0.0558816
10.6 8.4 0.0457616
10.8 8.4 0.0345961
11 8.4 0.0241461
11.2 8.4 0.0155583
11.4 8.4 0.00925497
11.6 8.4 0.00508259
11.8 8.4 0.00257688
12 8.4 0.00120616
12.2 8.4 0.000521216
12.4 8.4 0.000207939
12.6 8.4 7.65884e-05
12.8 8.4 2.60435e-05
13 8.4 8.17617e-06
13.2 8.4 2.36983e-06
13.4 8.4 6.34166e-07
13.6 8.4 1.5668e-07
13.8 8.4 3.57397e-08
14 8.4 7.52696e-09
14.2 8.4 1.46361e-09
14.4 8.4 2.62766e-10
14.6 8.4 4.35573e-11
14.8 8.4 6.66055e-12
5.2 8.6 1.2129e-11
5.4 8.6 7.93187e-11
5.6 8.6 4.785e-10
5.8 8.6 2.66523e-09
6 8.6 1.37065e-08
6.2 8.6 6.50812e-08
6.4 8.6 2.8531e-07
6.6 8.6 1.15479e-06
6.8 8.6 4.31535e-06
7 8.6 1.48884e-05
7.2 8.6 4.74238e-05
7.4 8.6 0.000139463
7.6 8.6 0.000378643
7.8 8.6 0.000949097
8 8.6 0.00219632
8.2 8.6 0.00469229
8.4 8.6 0.00925497
8.6 8.6 0.0168525
8.8 8.6 0.0283304
9 8.6 0.0439679
9.2 8.6 0.0629963
9.4 8.6 0.0833276
9.6 8.6 0.101755
9.8 8.6 0.114714
10 8.6 0.119391
10.2 8.6 0.114714
10.4 8.6 0.101755
10.6 8.6 0.0833276
10.8 8.6 0.0629963
11 8.6 0.0439679
11.2 8.6 0.0283304
11.4 8.6 0.0168525
11.6 8.6 0.00925497
11.8 8.6 0.00469229
12 8.6 0.00219632
12.2 8.6 0.000949097
12.4 8.6 0.000378643
12.6 8.6 0.000139463
12.8 8.6 4.74238e-05
13 8.6 1.48884e-05
13.2 8.6 4.31535e-06
13.4 8.6 1.15479e-06
13.6 8.6 2.8531e-07
13.8 8.6 6.50812e-08
14 8.6 1.37065e-08
14.2 8.6 2.66523e-09
14.4 8.6 4.785e-10
14.6 8.6 7.93187e-11
14.8 8.6 1.2129e-11
5.2 8.8 2.0391e-11
5.4 8.8 1.33348e-10
5.6 8.8 8.04431e-10
5.8 8.8 4.48063e-09
6 8.8 2.30425e-08
6.2 8.8 1.0941e-07
6.4 8.8 4.7964e-07
6.6 8.8 1.94134e-06
6.8 8.8 7.25457e-06
7 8.8 2.50289e-05
7.2 8.8 7.9724e-05
7.4 8.8 0.00023445
7.6 8.8 0.000636534
7.8 8.8 0.00159551
8 8.8 0.0036922
8.2 8.8 0.00788812
8.4 8.8 0.0155583
8.6 8.8 0.0283304
8.8 8.8 0.0476254
9 8.8 0.0739132
9.2 8.8 0.105901
9.4 8.8 0.140079
9.6 8.8 0.171057
9.8 8.8 0.192842
10 8.8 0.200704
10.2 8.8 0.192842
10.4 8.8 0.171057
10.6 8.8 0.140079
10.8 8.8 0.105901
11 8.8 0.0739132
11.2 8.8 0.0476254
11.4 8.8 0.0283304
11.6 8.8 0.0155583
11.8 8.8 0.00788812
12 8.8 0.0036922
12.2 8.8 0.00159551
12.4 8.8 0.000636534
12.6 8.8 0.00023445
12.8 8.8 7.9724e-05
13 8.8 2.50289e-05
13.2 8.8 7.25457e-06
13.4 8.8 1.94134e-06
13.6 8.8 4.7964e-07
13.8 8.8 1.0941e-07
14 8.8 2.30425e-08
14.2 8.8 4.48063e-09
14.4 8.8 8.04431e-10
14.6 8.8 1.33348e-10
14.8 8.8 2.0391e-11
5.2 9 3.16476e-11
5.4 9 2.0696e-10
5.6 9 1.2485e-09
5.8 9 6.95404e-09
6 9 3.57624e-08
6.2 9 1.69805e-07
6.4 9 7.44404e-07
6.6 9 3.01296e-06
6.8 9 1.12591e-05
7 9 3.88447e-05
7.2 9 0.000123731
7.4 9 0.000363863
7.6 9 0.00098789
7.8 9 0.00247621
8 9 0.00573022
8.2 9 0.0122422
8.4 9 0.0241461
8.6 9 0.0439679
8.8 9 0.0739132
9 9 0.114711
9.2 9 0.164355
9.4 9 0.217399
9.6 9 0.265475
9.8 9 0.299285
10 9 0.311486
10.2 9 0.299285
10.4 9 0.265475
10.6 9 0.217399
10.8 9 0.164355
11 9 0.114711
11.2 9 0.0739132
11.4 9 0.0439679
11.6 9 0.0241461
11.8 9 0.0122422
12 9 0.00573022
12.2 9 0.00247621
12.4 9 0.00098789
12.6 9 0.000363863
12.8 9 0.000123731
13 9 3.88447e-05
13.2 9 1.12591e-05
13.4 9 3.01296e-06
13.6 9 7.44404e-07
13.8 9 1.69805e-07
14 9 3.57624e-08
14.2 9 6.95404e-09
14.4 9 1.2485e-09
14.6 9 2.0696e-10
14.8 9 3.16476e-11
5.2 9.2 4.53457e-11
5.4 9.2 2.96538e-10
5.6 9.2 1.78888e-09
5.8 9.2 9.96387e-09
6 9.2 5.12408e-08
6.2 9.2 2.43299e-07
6.4 9.2 1.06659e-06
6.6 9.2 4.31698e-06
6.8 9.2 1.6132e-05
7 9.2 5.56565e-05
7.2 9.2 0.000177281
7.4 9.2 0.000521339
7.6 9.2 0.00141544
7.8 9.2 0.00354787
8 9.2 0.00821016
8.2 9.2 0.0175404
8.4 9.2 0.0345961
8.6 9.2 0.0629963
8.8 9.2 0.105901
9 9.2 0.164355
9.2 9.2 0.235484
9.4 9.2 0.311484
9.6 9.2 0.380366
9.8 9.2 0.428808
10 9.2 0.446289
10.2 9.2 0.428808
10.4 9.2 0.380366
10.6 9.2 0.311484
10.8 9.2 0.235484
11 9.2 0.164355
11.2 9.2 0.105901
11.4 9.2 0.0629963
11.6 9.2 0.0345961
11.8 9.2 0.0175404
12 9.2 0.00821016
12.2 9.2 0.00354787
12.4 9.2 0.00141544
12.6 9.2 0.000521339
12.8 9.2 0.000177281
13 9.2 5.56565e-05
13.2 9.2 1.6132e-05
13.4 9.2 4.31698e-06
13.6 9.2 1.06659e-06
13.8 9.2 2.43299e-07
14 9.2 5.12408e-08
14.2 9.2 9.96387e-09
14.4 9.2 1.78888e-09
14.6 9.2 2.96538e-10
14.8 9.2 4.53457e-11
5.2 9.4 5.99822e-11
5.4 9.4 3.92253e-10
5.6 9.4 2.36628e-09
5.8 9.4 1.31799e-08
6 9.4 6.77794e-08
6.2 9.4 3.21826e-07
6.4 9.4 1.41083e-06
6.6 9.4 5.7103e-06
6.8 9.4 2.13386e-05
7 9.4 7.36196e-05
7.2 9.4 0.000234497
7.4 9.4 0.000689599
7.6 9.4 0.00187226
7.8 9.4 0.00469292
8 9.4 0.0108599
8.2 9.4 0.0232013
8.4 9.4 0.0457616
8.6 9.4 0.0833276
8.8 9.4 0.140079
9 9.4 0.217399
9.2 9.4 0.311484
9.4 9.4 0.41201
9.6 9.4 0.503124
9.8 9.4 0.567199
10 9.4 0.590322
10.2 9.4 0.567199
10.4 9.4 0.503124
10.6 9.4 0.41201
10.8 9.4 0.311484
11 9.4 0.217399
11.2 9.4 0.140079
11.4 9.4 0.0833276
11.6 9.4 0.0457616
11.8 9.4 0.0232013
12 9.4 0.0108599
12.2 9.4 0.00469292
12.4 9.4 0.00187226
12.6 9.4 0.000689599
12.8 9.4 0.000234497
13 9.4 7.36196e-05
13.2 9.4 2.13386e-05
13.4 9.4 5.7103e-06
13.6 9.4 1.41083e-06
13.8 9.4 3.21826e-07
14 9.4 6.77794e-08
14.2 9.4 1.31799e-08
14.4 9.4 2.36628e-09
14.6 9.4 3.92253e-10
14.8 9.4 5.99822e-11
5.2 9.6 7.32485e-11
5.4 9.6 4.79007e-10
5.6 9.6 2.88962e-09
5.8 9.6 1.60948e-08
6 9.6 8.27695e-08
6.2 9.6 3.93e-07
6.4 9.6 1.72285e-06
6.6 9.6 6.97316e-06
6.8 9.6 2.60577e-05
7 9.6 8.99008e-05
7.2 9.6 0.000286357
7.4 9.6 0.000842104
7.6 9.6 0.00228631
7.8 9.6 0.00573075
8 9.6 0.0132616
8.2 9.6 0.0283322
8.4 9.6 0.0558816
8.6 9.6 0.101755
8.8 9.6 0.171057
9 9.6 0.265475
9.2 9.6 0.380366
9.4 9.6 0.503124
9.6 9.6 0.614387
9.8 9.6 0.692631
10 9.6 0.720868
10.2 9.6 0.692631
10.4 9.6 0.614387
10.6 9.6 0.503124
10.8 9.6 0.380366
11 9.6 0.265475
11.2 9.6 0.171057
11.4 9.6 0.101755
11.6 9.6 0.0558816
11.8 9.6 0.0283322
12 9.6 0.0132616
12.2 9.6 0.00573075
12.4 9.6 0.00228631
12.6 9.6 0.000842104
12.8 9.6 0.000286357
13 9.6 8.99008e-05
13.2 9.6 2.60577e-05
13.4 9.6 6.97316e-06
13.6 9.6 1.72285e-06
13.8 9.6 3.93e-07
14 9.6 8.27695e-08
14.2 9.6 1.60948e-08
14.4 9.6 2.88962e-09
14.6 9.6 4.79007e-10
14.8 9.6 7.32485e-11
5.2 9.8 8.2578e-11
5.4 9.8 5.40017e-10
5.6 9.8 3.25765e-09
5.8 9.8 1.81447e-08
6 9.8 9.33114e-08
6.2 9.8 4.43054e-07
6.4 9.8 1.94227e-06
6.6 9.8 7.86127e-06
6.8 9.8 2.93764e-05
7 9.8 0.00010135
7.2 9.8 0.000322827
7.4 9.8 0.000949352
7.6 9.8 0.00257748
7.8 9.8 0.0064606
8 9.8 0.0149505
8.2 9.8 0.0319405
8.4 9.8 0.0629984
8.6 9.8 0.114714
8.8 9.8 0.192842
9 9.8 0.299285
9.2 9.8 0.428808
9.4 9.8 0.567199
9.6 9.8 0.692631
9.8 9.8 0.780841
10 9.8 0.812673
10.2 9.8 0.780841
10.4 9.8 0.692631
10.6 9.8 0.567199
10.8 9.8 0.428808
11 9.8 0.299285
11.2 9.8 0.192842
11.4 9.8 0.114714
11.6 9.8 0.0629984
11.8 9.8 0.0319405
12 9.8 0.0149505
12.2 9.8 0.0064606
12.4 9.8 0.00257748
12.6 9.8 0.000949352
12.8 9.8 0.000322827
13 9.8 0.00010135
13.2 9.8 2.93764e-05
13.4 9.8 7.86127e-06
13.6 9.8 1.94227e-06
13.8 9.8 4.43054e-07
14 9.8 9.33114e-08
14.2 9.8 1.81447e-08
14.4 9.8 3.25765e-09
14.6 9.8 5.40017e-10
14.8 9.8 8.2578e-11
5.2 10 8.59448e-11
5.4 10 5.62034e-10
5.6 10 3.39047e-09
5.8 10 1.88844e-08
6 10 9.71157e-08
6.2 10 4.61117e-07
6.4 10 2.02146e-06
6.6 10 8.18177e-06
6.8 10 3.05741e-05
7 10 0.000105482
7.2 10 0.000335988
7.4 10 0.000988056
7.6 10 0.00268256
7.8 10 0.00672398
8 10 0.01556
8.2 10 0.0332426
8.4 10 0.0655667
8.6 10 0.119391
8.8 10 0.200704
9 10 0.311486
9.2 10 0.446289
9.4 10 0.590322
9.6 10 0.720868
9.8 10 0.812673
10 10 0.845803
10.2 10 0.812673
10.4 10 0.720868
10.6 10 0.590322
10.8 10 0.446289
11 10 0.311486
11.2 10 0.200704
11.4 10 0.119391
11.6 10 0.0655667
11.8 10 0.0332426
12 10 0.01556
12.2 10 0.00672398
12.4 10 0.00268256
12.6 10 0.000988056
12.8 10 0.000335988
13 10 0.000105482
13.2 10 3.05741e-05
13.4 10 8.18177e-06
13.6 10 2.02146e-06
13.8 10 4.61117e-07
14 10 9.71157e-08
14.2 10 1.88844e-08
14.4 10 3.39047e-09
14.6 10 5.62034e-10
14.8 10 8.59448e-11
5.2 10.2 8.2578e-11
5.4 10.2 5.40017e-10
5.6 10.2 3.25765e-09
5.8 10.2 1.81447e-08
6 10.2 9.33114e-08
6.2 10.2 4.43054e-07
6.4 10.2 1.94227e-06
6.6 10.2 7.86127e-06
6.8 10.2 2.93764e-05
7 10.2 0.00010135
7.2 10.2 0.000322827
7.4 10.2 0.000949352
7.6 10.2 0.00257748
7.8 10.2 0.0064606
8 10.2 0.0149505
8.2 10.2 0.0319405
8.4 10.2 0.0629984
8.6 10.2 0.114714
8.8 10.2 0.192842
9 10.2 0.299285
9.2 10.2 0.428808
9.4 10.2 0.567199
9.6 10.2 0.692631
9.8 10.2 0.780841
10 10.2 0.812673
10.2 10.2 0.780841
10.4 10.2 0.692631
10.6 10.2 0.567199
10.8 10.2 0.428808
11 10.2 0.299285
11.2 10.2 0.192842
11.4 10.2 0.114714
11.6 10.2 0.0629984
11.8 10.2 0.0319405
12 10.2 0.0149505
12.2 10.2 0.0064606
12.4 10.2 0.00257748
12.6 10.2 0.000949352
12.8 10.2 0.000322827
13 10.2 0.00010135
13.2 10.2 2.93764e-05
13.4 10.2 7.86127e-06
13.6 10.2 1.94227e-06
13.8 10.2 4.43054e-07
14 10.2 9.33114e-08
14.2 10.2 1.81447e-08
14.4 10.2 3.25765e-09
14.6 10.2 5.40017e-10
14.8 10.2 8.2578e-11
5.2 10.4 7.32485e-11
5.4 10.4 4.79007e-10
5.6 10.4 2.88962e-09
5.8 10.4 1.60948e-08
6 10.4 8.27695e-08
6.2 10.4 3.93e-07
6.4 10.4 1.72285e-06
6.6 10.4 6.97316e-06
6.8 10.4 2.60577e-05
7 10.4 8.99008e-05
7.2 10.4 0.000286357
7.4 10.4 0.000842104
7.6 10.4 0.00228631
7.8 10.4 0.00573075
8 10.4 0.0132616
8.2 10.4 0.0283322
8.4 10.4 0.0558816
8.6 10.4 0.101755
8.8 10.4 0.171057
9 10.4 0.265475
9.2 10.4 0.380366
9.4 10.4 0.503124
9.6 10.4 0.614387
9.8 10.4 0.692631
10 10.4 0.720868
10.2 10.4 0.692631
10.4 10.4 0.614387
10.6 10.4 0.503124
10.8 10.4 0.380366
11 10.4 0.265475
11.2 10.4 0.171057
11.4 10.4 0.101755
11.6 10.4 0.0558816
11.8 10.4 0.0283322
12 10.4 0.0132616
12.2 10.4 0.00573075
12.4 10.4 0.00228631
12.6 10.4 0.000842104
12.8 10.4 0.000286357
13 10.4 8.99008e-05
13.2 10.4 2.60577e-05
13.4 10.4 6.97316e-06
13.6 10.4 1.72285e-06
13.8 10.4 3.93e-07
14 10.4 8.27695e-08
14.2 10.4 1.60948e-08
14.4 10.4 2.88962e-09
14.6 10.4 4.79007e-10
14.8 10.4 7.32485e-11
5.2 10.6 5.99822e-11
5.4 10.6 3.92253e-10
5.6 10.6 2.36628e-09
5.8 10.6 1.31799e-08
6 10.6 6.77794e-08
6.2 10.6 3.21826e-07
6.4 10.6 1.41083e-06
6.6 10.6 5.7103e-06
6.8 10.6 2.13386e-05
7 10.6 7.36196e-05
7.2 10.6 0.000234497
7.4 10.6 0.000689599
7.6 10.6 0.00187226
7.8 10.6 0.00469292
8 10.6 0.0108599
8.2 10.6 0.0232013
8.4 10.6 0.0457616
8.6 10.6 0.0833276
8.8 10.6 0.140079
9 10.6 0.217399
9.2 10.6 0.311484
9.4 10.6 0.41201
9.6 10.6 0.503124
9.8 10.6 0.567199
10 10.6 0.590322
10.2 10.6 0.567199
10.4 10.6 0.503124
10.6 10.6 0.41201
10.8 10.6 0.311484
11 10.6 0.217399
11.2 10.6 0.140079
11.4 10.6 0.0833276
11.6 10.6 0.0457616
11.8 10.6 0.0232013
12 10.6 0.0108599
12.2 10.6 0.00469292
12.4 10.6 0.00187226
12.6 10.6 0.000689599
12.8 10.6 0.000234497
13 10.6 7.36196e-05
13.2 10.6 2.13386e-05
13.4 10.6 5.7103e-06
13.6 10.6 1.41083e-06
13.8 10.6 3.21826e-07
14 10.6 6.77794e-08
14.2 10.6 1.31799e-08
14.4 10.6 2.36628e-09
14.6 10.6 3.92253e-10
14.8 10.6 5.99822e-11
5.2 10.8 4.53457e-11
5.4 10.8 2.96538e-10
5.6 10.8 1.78888e-09
5.8 10.8 9.96387e-09
6 10.8 5.12408e-08
6.2 10.8 2.43299e-07
6.4 10.8 1.06659e-06
6.6 10.8 4.31698e-06
6.8 10.8 1.6132e-05
7 10.8 5.56565e-05
7.2 10.8 0.000177281
7.4 10.8 0.000521339
7.6 10.8 0.00141544
7.8 10.8 0.00354787
8 10.8 0.00821016
8.2 10.8 0.0175404
8.4 10.8 0.0345961
8.6 10.8 0.0629963
8.8 10.8 0.105901
9 10.8 0.164355
9.2 10.8 0.235484
9.4 10.8 0.311484
9.6 10.8 0.380366
9.8 10.8 0.428808
10 10.8 0.446289
10.2 10.8 0.428808
10.4 10.8 0.380366
10.6 10.8 0.311484
10.8 10.8 0.235484
11 10.8 0.164355
11.2 10.8 0.105901
11.4 10.8 0.0629963
11.6 10.8 0.0345961
11.8 10.8 0.0175404
12 10.8 0.00821016
12.2 10.8 0.00354787
12.4 10.8 0.00141544
12.6 10.8 0.000521339
12.8 10.8 0.000177281
13 10.8 5.56565e-05
13.2 10.8 1.6132e-05
13.4 10.8 4.31698e-06
13.6 10.8 1.06659e-06
13.8 10.8 2.43299e-07
14 10.8 5.12408e-08
14.2 10.8 9.96387e-09
14.4 10.8 1.78888e-09
14.6 10.8 2.96538e-10
14.8 10.8 4.53457e-11
5.2 11 3.16476e-11
5.4 11 2.0696e-10
5.6 11 1.2485e-09
5.8 11 6.95404e-09
6 11 3.57624e-08
6.2 11 1.69805e-07
6.4 11 7.44404e-07
6.6 11 3.01296e-06
6.8 11 1.12591e-05
7 11 3.88447e-05
7.2 11 0.000123731
7.4 11 0.000363863
7.6 11 0.00098789
7.8 11 0.00247621
8 11 0.00573022
8.2 11 0.0122422
8.4 11 0.0241461
8.6 11 0.0439679
8.8 11 0.0739132
9 11 0.114711
9.2 11 0.164355
9.4 11 0.217399
9.6 11 0.265475
9.8 11 0.299285
10 11 0.311486
10.2 11 0.299285
10.4 11 0.265475
10.6 11 0.217399
10.8 11 0.164355
11 11 0.114711
11.2 11 0.0739132
11.4 11 0.0439679
11.6 11 0.0241461
11.8 11 0.0122422
12 11 0.00573022
12.2 11 0.00247621
12.4 11 0.00098789
12.6 11 0.000363863
12.8 11 0.000123731
13 11 3.88447e-05
13.2 11 1.12591e-05
13.4 11 3.01296e-06
13.6 11 7.44404e-07
13.8 11 1.69805e-07
14 11 3.57624e-08
14.2 11 6.95404e-09
14.4 11 1.2485e-09
14.6 11 2.0696e-10
14.8 11 3.16476e-11
5.2 11.2 2.0391e-11
5.4 11.2 1.33348e-10
5.6 11.2 8.04431e-10
5.8 11.2 4.48063e-09
6 11.2 2.30425e-08
6.2 11.2 1.0941e-07
6.4 11.2 4.7964e-07
6.6 11.2 1.94134e-06
6.8 11.2 7.25457e-06
7 11.2 2.50289e-05
7.2 11.2 7.9724e-05
7.4 11.2 0.00023445
7.6 11.2 0.000636534
7.8 11.2 0.00159551
8 11.2 0.0036922
8.2 11.2 0.00788812
8.4 11.2 0.0155583
8.6 11.2 0.0283304
8.8 11.2 0.0476254
9 11.2 0.0739132
9.2 11.2 0.105901
9.4 11.2 0.140079
9.6 11.2 0.171057
9.8 11.2 0.192842
10 11.2 0.200704
10.2 11.2 0.192842
10.4 11.2 0.171057
10.6 11.2 0.140079
10.8 11.2 0.105901
11 11.2 0.0739132
11.2 11.2 0.0476254
11.4 11.2 0.0283304
11.6 11.2 0.0155583
11.8 11.2 0.00788812
12 11.2 0.0036922
12.2 11.2 0.00159551
12.4 11.2 0.000636534
12.6 11.2 0.00023445
12.8 11.2 7.9724e-05
13 11.2 2.50289e-05
13.2 11.2 7.25457e-06
13.4 11.2 1.94134e-06
13.6 11.2 4.7964e-07
13.8 11.2 1.0941e-07
14 11.2 2.30425e-08
14.2 11.2 4.48063e-09
14.4 11.2 8.04431e-10
14.6 11.2 1.33348e-10
14.8 11.2 2.0391e-11
5.2 11.4 1.2129e-11
5.4 11.4 7.93187e-11
5.6 11.4 4.785e-10
5.8 11.4 2.66523e-09
6 11.4 1.37065e-08
6.2 11.4 6.50812e-08
6.4 11.4 2.8531e-07
6.6 11.4 1.15479e-06
6.8 11.4 4.31535e-06
7 11.4 1.48884e-05
7.2 11.4 4.74238e-05
7.4 11.4 0.000139463
7.6 11.4 0.000378643
7.8 11.4 0.000949097
8 11.4 0.00219632
8.2 11.4 0.00469229
8.4 11.4 0.00925497
8.6 11.4 0.0168525
8.8 11.4 0.0283304
9 11.4 0.0439679
9.2 11.4 0.0629963
9.4 11.4 0.0833276
9.6 11.4 0.101755
9.8 11.4 0.114714
10 11.4 0.119391
10.2 11.4 0.114714
10.4 11.4 0.101755
10.6 11.4 0.0833276
10.8 11.4 0.0629963
11 11.4 0.0439679
11.2 11.4 0.0283304
11.4 11.4 0.0168525
11.6 11.4 0.00925497
11.8 11.4 0.00469229
12 11.4 0.00219632
12.2 11.4 0.000949097
12.4 11.4 0.000378643
12.6 11.4 0.000139463
12.8 11.4 4.74238e-05
13 11.4 1.48884e-05
13.2 11.4 4.31535e-06
13.4 11.4 1.15479e-06
13.6 11.4 2.8531e-07
13.8 11.4 6.50812e-08
14 11.4 1.37065e-08
14.2 11.4 2.66523e-09
14.4 11.4 4.785e-10
14.6 11.4 7.93187e-11
14.8 11.4 1.2129e-11
5.2 11.6 6.66055e-12
5.4 11.6 4.35573e-11
5.6 11.6 2.62766e-10
5.8 11.6 1.46361e-09
6 11.6 7.52696e-09
6.2 11.6 3.57397e-08
6.4 11.6 1.5668e-07
6.6 11.6 6.34166e-07
6.8 11.6 2.36983e-06
7 11.6 8.17617e-06
7.2 11.6 2.60435e-05
7.4 11.6 7.65884e-05
7.6 11.6 0.000207939
7.8 11.6 0.000521216
8 11.6 0.00120616
8.2 11.6 0.00257688
8.4 11.6 0.00508259
8.6 11.6 0.00925497
8.8 11.6 0.0155583
9 11.6 0.0241461
9.2 11.6 0.0345961
9.4 11.6 0.0457616
9.6 11.6 0.0558816
9.8 11.6 0.0629984
10 11.6 0.0655667
10.2 11.6 0.0629984
10.4 11.6 0.0558816
10.6 11.6 0.0457616
10.8 11.6 0.0345961
11 11.6 0.0241461
11.2 11.6 0.0155583
11.4 11.6 0.00925497
11.6 11.6 0.00508259
11.8 11.6 0.00257688
12 11.6 0.00120616
12.2 11.6 0.000521216
12.4 11.6 0.000207939
12.6 11.6 7.65884e-05
12.8 11.6 2.60435e-05
13 11.6 8.17617e-06
13.2 11.6 2.36983e-06
13.4 11.6 6.34166e-07
13.6 11.6 1.5668e-07
13.8 11.6 3.57397e-08
14 11.6 7.52696e-09
14.2 11.6 1.46361e-09
14.4 11.6 2.62766e-10
14.6 11.6 4.35573e-11
14.8 11.6 6.66055e-12
5.2 11.8 3.37667e-12
5.4 11.8 2.20822e-11
5.6 11.8 1.33215e-10
5.8 11.8 7.42013e-10
6 11.8 3.81601e-09
6.2 11.8 1.81194e-08
6.4 11.8 7.94342e-08
6.6 11.8 3.21514e-07
6.8 11.8 1.20148e-06
7 11.8 4.14524e-06
7.2 11.8 1.32039e-05
7.4 11.8 3.88299e-05
7.6 11.8 0.000105424
7.8 11.8 0.000264256
8 11.8 0.000611522
8.2 11.8 0.00130648
8.4 11.8 0.00257688
8.6 11.8 0.00469229
8.8 11.8 0.00788812
9 11.8 0.0122422
9.2 11.8 0.0175404
9.4 11.8 0.0232013
9.6 11.8 0.0283322
9.8 11.8 0.0319405
10 11.8 0.0332426
10.2 11.8 0.0319405
10.4 11.8 0.0283322
10.6 11.8 0.0232013
10.8 11.8 0.0175404
11 11.8 0.0122422
11.2 11.8 0.00788812
11.4 11.8 0.00469229
11.6 11.8 0.00257688
11.8 11.8 0.00130648
12 11.8 0.000611522
12.2 11.8 0.000264256
12.4 11.8 0.000105424
12.6 11.8 3.88299e-05
12.8 11.8 1.32039e-05
13 11.8 4.14524e-06
13.2 11.8 1.20148e-06
13.4 11.8 3.21514e-07
13.6 11.8 7.94342e-08
13.8 11.8 1.81194e-08
14 11.8 3.81601e-09
14.2 11.8 7.42013e-10
14.4 11.8 1.33215e-10
14.6 11.8 2.20822e-11
14.8 11.8 3.37667e-12
5.2 12 1.58039e-12
5.4 12 1.03352e-11
5.6 12 6.23498e-11
5.8 12 3.47293e-10
6 12 1.78606e-09
6.2 12 8.48074e-09
6.4 12 3.71793e-08
6.6 12 1.50486e-07
6.8 12 5.62358e-07
7 12 1.94022e-06
7.2 12 6.18022e-06
7.4 12 1.81748e-05
7.6 12 4.93454e-05
7.8 12 0.000123689
8 12 0.000286233
8.2 12 0.000611522
8.4 12 0.00120616
8.6 12 0.00219632
8.8 12 0.0036922
9 12 0.00573022
9.2 12 0.00821016
9.4 12 0.0108599
9.6 12 0.0132616
9.8 12 0.0149505
10 12 0.01556
10.2 12 0.0149505
10.4 12 0.0132616
10.6 12 0.0108599
10.8 12 0.00821016
11 12 0.00573022
11.2 12 0.0036922
11.4 12 0.00219632
11.6 12 0.00120616
11.8 12 0.000611522
12 12 0.000286233
12.2 12 0.000123689
12.4 12 4.93454e-05
12.6 12 1.81748e-05
12.8 12 6.18022e-06
13 12 1.94022e-06
13.2 12 5.62358e-07
13.4 12 1.50486e-07
13.6 12 3.71793e-08
13.8 12 8.48074e-09
14 12 1.78606e-09
14.2 12 3.47293e-10
14.4 12 6.23498e-11
14.6 12 1.03352e-11
14.8 12 1.58039e-12
5.2 12.2 6.82869e-13
5.4 12.2 4.46577e-12
5.6 12.2 2.69412e-11
5.8 12.2 1.50066e-10
6 12.2 7.71766e-10
6.2 12.2 3.66459e-09
6.4 12.2 1.60655e-08
6.6 12.2 6.50269e-08
6.8 12.2 2.43004e-07
7 12.2 8.38402e-07
7.2 12.2 2.6706e-06
7.4 12.2 7.85374e-06
7.6 12.2 2.13233e-05
7.8 12.2 5.34491e-05
8 12.2 0.000123689
8.2 12.2 0.000264256
8.4 12.2 0.000521216
8.6 12.2 0.000949097
8.8 12.2 0.00159551
9 12.2 0.00247621
9.2 12.2 0.00354787
9.4 12.2 0.00469292
9.6 12.2 0.00573075
9.8 12.2 0.0064606
10 12.2 0.00672398
10.2 12.2 0.0064606
10.4 12.2 0.00573075
10.6 12.2 0.00469292
10.8 12.2 0.00354787
11 12.2 0.00247621
11.2 12.2 0.00159551
11.4 12.2 0.000949097
11.6 12.2 0.000521216
11.8 12.2 0.000264256
12 12.2 0.000123689
12.2 12.2 5.34491e-05
12.4 12.2 2.13233e-05
12.6 12.2 7.85374e-06
12.8 12.2 2.6706e-06
13 12.2 8.38402e-07
13.2 12.2 2.43004e-07
13.4 12.2 6.50269e-08
13.6 12.2 1.60655e-08
13.8 12.2 3.66459e-09
14 12.2 7.71766e-10
14.2 12.2 1.50066e-10
14.4 12.2 2.69412e-11
14.6 12.2 4.46577e-12
14.8 12.2 6.82869e-13
5.2 12.4 2.72403e-13
5.4 12.4 1.78146e-12
5.6 12.4 1.07473e-11
5.8 12.4 5.98643e-11
6 12.4 3.07876e-10
6.2 12.4 1.46191e-09
6.4 12.4 6.40904e-09
6.6 12.4 2.59414e-08
6.8 12.4 9.6943e-08
7 12.4 3.34471e-07
7.2 12.4 1.06541e-06
7.4 12.4 3.13319e-06
7.6 12.4 8.50682e-06
7.8 12.4 2.13233e-05
8 12.4 4.93454e-05
8.2 12.4 0.000105424
8.4 12.4 0.000207939
8.6 12.4 0.000378643
8.8 12.4 0.000636534
9 12.4 0.00098789
9.2 12.4 0.00141544
9.4 12.4 0.00187226
9.6 12.4 0.00228631
9.8 12.4 0.00257748
10 12.4 0.00268256
10.2 12.4 0.00257748
10.4 12.4 0.00228631
10.6 12.4 0.00187226
10.8 12.4 0.00141544
11 12.4 0.00098789
11.2 12.4 0.000636534
11.4 12.4 0.000378643
11.6 12.4 0.000207939
11.8 12.4 0.000105424
12 12.4 4.93454e-05
12.2 12.4 2.13233e-05
12.4 12.4 8.50682e-06
12.6 12.4 3.13319e-06
12.8 12.4 1.06541e-06
13 12.4 3.34471e-07
13.2 12.4 9.6943e-08
13.4 12.4 2.59414e-08
13.6 12.4 6.40904e-09
13.8 12.4 1.46191e-09
14 12.4 3.07876e-10
14.2 12.4 5.98643e-11
14.4 12.4 1.07473e-11
14.6 12.4 1.78146e-12
14.8 12.4 2.72403e-13
5.2 12.6 1.00321e-13
5.4 12.6 6.5608e-13
5.6 12.6 3.95809e-12
5.8 12.6 2.20475e-11
6 12.6 1.13389e-10
6.2 12.6 5.38417e-10
6.4 12.6 2.36046e-09
6.6 12.6 9.55432e-09
6.8 12.6 3.57048e-08
7 12.6 1.23189e-07
7.2 12.6 3.92402e-07
7.4 12.6 1.154e-06
7.6 12.6 3.13319e-06
7.8 12.6 7.85374e-06
8 12.6 1.81748e-05
8.2 12.6 3.88299e-05
8.4 12.6 7.65884e-05
8.6 12.6 0.000139463
8.8 12.6 0.00023445
9 12.6 0.000363863
9.2 12.6 0.000521339
9.4 12.6 0.000689599
9.6 12.6 0.000842104
9.8 12.6 0.000949352
10 12.6 0.000988056
10.2 12.6 0.000949352
10.4 12.6 0.000842104
10.6 12.6 0.000689599
10.8 12.6 0.000521339
11 12.6 0.000363863
11.2 12.6 0.00023445
11.4 12.6 0.000139463
11.6 12.6 7.65884e-05
11.8 12.6 3.88299e-05
12 12.6 1.81748e-05
12.2 12.6 7.85374e-06
12.4 12.6 3.13319e-06
12.6 12.6 1.154e-06
12.8 12.6 3.92402e-07
13 12.6 1.23189e-07
13.2 12.6 3.57048e-08
13.4 12.6 9.55432e-09
13.6 12.6 2.36046e-09
13.8 12.6 5.38417e-10
14 12.6 1.13389e-10
14.2 12.6 2.20475e-11
14.4 12.6 3.95809e-12
14.6 12.6 6.5608e-13
14.8 12.6 1.00321e-13
5.2 12.8 3.41094e-14
5.4 12.8 2.23072e-13
5.6 12.8 1.34579e-12
5.8 12.8 7.49648e-12
6 12.8 3.85544e-11
6.2 12.8 1.83074e-10
6.4 12.8 8.02615e-10
6.6 12.8 3.24874e-09
6.8 12.8 1.21407e-08
7 12.8 4.18883e-08
7.2 12.8 1.33431e-07
7.4 12.8 3.92402e-07
7.6 12.8 1.06541e-06
7.8 12.8 2.6706e-06
8 12.8 6.18022e-06
8.2 12.8 1.32039e-05
8.4 12.8 2.60435e-05
8.6 12.8 4.74238e-05
8.8 12.8 7.9724e-05
9 12.8 0.000123731
9.2 12.8 0.000177281
9.4 12.8 0.000234497
9.6 12.8 0.000286357
9.8 12.8 0.000322827
10 12.8 0.000335988
10.2 12.8 0.000322827
10.4 12.8 0.000286357
10.6 12.8 0.000234497
10.8 12.8 0.000177281
11 12.8 0.000123731
11.2 12.8 7.9724e-05
11.4 12.8 4.74238e-05
11.6 12.8 2.60435e-05
11.8 12.8 1.32039e-05
12 12.8 6.18022e-06
12.2 12.8 2.6706e-06
12.4 12.8 1.06541e-06
12.6 12.8 3.92402e-07
12.8 12.8 1.33431e-07
13 12.8 4.18883e-08
13.2 12.8 1.21407e-08
13.4 12.8 3.24874e-09
13.6 12.8 8.02615e-10
13.8 12.8 1.83074e-10
14 12.8 3.85544e-11
14.2 12.8 7.49648e-12
14.4 12.8 1.34579e-12
14.6 12.8 2.23072e-13
14.8 12.8 3.41094e-14
5.2 13 1.07069e-14
5.4 13 7.0023e-14
5.6 13 4.22455e-13
5.8 13 2.35323e-12
6 13 1.21028e-11
6.2 13 5.74703e-11
6.4 13 2.51959e-10
6.6 13 1.01986e-09
6.8 13 3.81131e-09
7 13 1.315e-08
7.2 13 4.18883e-08
7.4 13 1.23189e-07
7.6 13 3.34471e-07
7.8 13 8.38402e-07
8 13 1.94022e-06
8.2 13 4.14524e-06
8.4 13 8.17617e-06
8.6 13 1.48884e-05
8.8 13 2.50289e-05
9 13 3.88447e-05
9.2 13 5.56565e-05
9.4 13 7.36196e-05
9.6 13 8.99008e-05
9.8 13 0.00010135
10 13 0.000105482
10.2 13 0.00010135
10.4 13 8.99008e-05
10.6 13 7.36196e-05
10.8 13 5.56565e-05
11 13 3.88447e-05
11.2 13 2.50289e-05
11.4 13 1.48884e-05
11.6 13 8.17617e-06
11.8 13 4.14524e-06
12 13 1.94022e-06
12.2 13 8.38402e-07
12.4 13 3.34471e-07
12.6 13 1.23189e-07
12.8 13 4.18883e-08
13 13 1.315e-08
13.2 13 3.81131e-09
13.4 13 1.01986e-09
13.6 13 2.51959e-10
13.8 13 5.74703e-11
14 13 1.21028e-11
14.2 13 2.35323e-12
14.4 13 4.22455e-13
14.6 13 7.0023e-14
14.8 13 1.07069e-14
5.2 13.2 3.10291e-15
5.4 13.2 2.02931e-14
5.6 13.2 1.22432e-13
5.8 13.2 6.82001e-13
6 13.2 3.50763e-12
6.2 13.2 1.66562e-11
6.4 13.2 7.3024e-11
6.6 13.2 2.95584e-10
6.8 13.2 1.10464e-09
7 13.2 3.81131e-09
7.2 13.2 1.21407e-08
7.4 13.2 3.57048e-08
7.6 13.2 9.6943e-08
7.8 13.2 2.43004e-07
8 13.2 5.62358e-07
8.2 13.2 1.20148e-06
8.4 13.2 2.36983e-06
8.6 13.2 4.31535e-06
8.8 13.2 7.25457e-06
9 13.2 1.12591e-05
9.2 13.2 1.6132e-05
9.4 13.2 2.13386e-05
9.6 13.2 2.60577e-05
9.8 13.2 2.93764e-05
10 13.2 3.05741e-05
10.2 13.2 2.93764e-05
10.4 13.2 2.60577e-05
10.6 13.2 2.13386e-05
10.8 13.2 1.6132e-05
11 13.2 1.12591e-05
11.2 13.2 7.25457e-06
11.4 13.2 4.31535e-06
11.6 13.2 2.36983e-06
11.8 13.2 1.20148e-06
12 13.2 5.62358e-07
12.2 13.2 2.43004e-07
12.4 13.2 9.6943e-08
12.6 13.2 3.57048e-08
12.8 13.2 1.21407e-08
13 13.2 3.81131e-09
13.2 13.2 1.10464e-09
13.4 13.2 2.95584e-10
13.6 13.2 7.3024e-11
13.8 13.2 1.66562e-11
14 13.2 3.50763e-12
14.2 13.2 6.82001e-13
14.4 13.2 1.22432e-13
14.6 13.2 2.02931e-14
14.8 13.2 3.10291e-15
5.2 13.4 8.30206e-16
5.4 13.4 5.42963e-15
5.6 13.4 3.27585e-14
5.8 13.4 1.82483e-13
6 13.4 9.38546e-13
6.2 13.4 4.45679e-12
6.4 13.4 1.95397e-11
6.6 13.4 7.90933e-11
6.8 13.4 2.95584e-10
7 13.4 1.01986e-09
7.2 13.4 3.24874e-09
7.4 13.4 9.55432e-09
7.6 13.4 2.59414e-08
7.8 13.4 6.50269e-08
8 13.4 1.50486e-07
8.2 13.4 3.21514e-07
8.4 13.4 6.34166e-07
8.6 13.4 1.15479e-06
8.8 13.4 1.94134e-06
9 13.4 3.01296e-06
9.2 13.4 4.31698e-06
9.4 13.4 5.7103e-06
9.6 13.4 6.97316e-06
9.8 13.4 7.86127e-06
10 13.4 8.18177e-06
10.2 13.4 7.86127e-06
10.4 13.4 6.97316e-06
10.6 13.4 5.7103e-06
10.8 13.4 4.31698e-06
11 13.4 3.01296e-06
11.2 13.4 1.94134e-06
11.4 13.4 1.15479e-06
11.6 13.4 6.34166e-07
11.8 13.4 3.21514e-07
12 13.4 1.50486e-07
12.2 13.4 6.50269e-08
12.4 13.4 2.59414e-08
12.6 13.4 9.55432e-09
12.8 13.4 3.24874e-09
13 13.4 1.01986e-09
13.2 13.4 2.95584e-10
13.4 13.4 7.90933e-11
13.6 13.4 1.95397e-11
13.8 13.4 4.45679e-12
14 13.4 9.38546e-13
14.2 13.4 1.82483e-13
14.4 13.4 3.27585e-14
14.6 13.4 5.42963e-15
14.8 13.4 8.30206e-16
5.2 13.6 2.05079e-16
5.4 13.6 1.34125e-15
5.6 13.6 8.09231e-15
5.8 13.6 4.50792e-14
6 13.6 2.31855e-13
6.2 13.6 1.10101e-12
6.4 13.6 4.82717e-12
6.6 13.6 1.95397e-11
6.8 13.6 7.3024e-11
7 13.6 2.51959e-10
7.2 13.6 8.02615e-10
7.4 13.6 2.36046e-09
7.6 13.6 6.40904e-09
7.8 13.6 1.60655e-08
8 13.6 3.71793e-08
8.2 13.6 7.94342e-08
8.4 13.6 1.5668e-07
8.6 13.6 2.8531e-07
8.8 13.6 4.7964e-07
9 13.6 7.44404e-07
9.2 13.6 1.06659e-06
9.4 13.6 1.41083e-06
9.6 13.6 1.72285e-06
9.8 13.6 1.94227e-06
10 13.6 2.02146e-06
10.2 13.6 1.94227e-06
10.4 13.6 1.72285e-06
10.6 13.6 1.41083e-06
10.8 13.6 1.06659e-06
11 13.6 7.44404e-07
11.2 13.6 4.7964e-07
11.4 13.6 2.8531e-07
11.6 13.6 1.5668e-07
11.8 13.6 7.94342e-08
12 13.6 3.71793e-08
12.2 13.6 1.60655e-08
12.4 13.6 6.40904e-09
12.6 13.6 2.36046e-09
12.8 13.6 8.02615e-10
13 13.6 2.51959e-10
13.2 13.6 7.3024e-11
13.4 13.6 1.95397e-11
13.6 13.6 4.82717e-12
13.8 13.6 1.10101e-12
14 13.6 2.31855e-13
14.2 13.6 4.50792e-14
14.4 13.6 8.09231e-15
14.6 13.6 1.34125e-15
14.8 13.6 2.05079e-16
5.2 13.8 4.67709e-17
5.4 13.8 3.05895e-16
5.6 13.8 1.84562e-15
5.8 13.8 1.02815e-14
6 13.8 5.28814e-14
6.2 13.8 2.51121e-13
6.4 13.8 1.10101e-12
6.6 13.8 4.45679e-12
6.8 13.8 1.66562e-11
7 13.8 5.74703e-11
7.2 13.8 1.83074e-10
7.4 13.8 5.38417e-10
7.6 13.8 1.46191e-09
7.8 13.8 3.66459e-09
8 13.8 8.48074e-09
8.2 13.8 1.81194e-08
8.4 13.8 3.57397e-08
8.6 13.8 6.50812e-08
8.8 13.8 1.0941e-07
9 13.8 1.69805e-07
9.2 13.8 2.43299e-07
9.4 13.8 3.21826e-07
9.6 13.8 3.93e-07
9.8 13.8 4.43054e-07
10 13.8 4.61117e-07
10.2 13.8 4.43054e-07
10.4 13.8 3.93e-07
10.6 13.8 3.21826e-07
10.8 13.8 2.43299e-07
11 13.8 1.69805e-07
11.2 13.8 1.0941e-07
11.4 13.8 6.50812e-08
11.6 13.8 3.57397e-08
11.8 13.8 1.81194e-08
12 13.8 8.48074e-09
12.2 13.8 3.66459e-09
12.4 13.8 1.46191e-09
12.6 13.8 5.38417e-10
12.8 13.8 1.83074e-10
13 13.8 5.74703e-11
13.2 13.8 1.66562e-11
13.4 13.8 4.45679e-12
13.6 13.8 1.10101e-12
13.8 13.8 2.51121e-13
14 13.8 5.28814e-14
14.2 13.8 1.02815e-14
14.4 13.8 1.84562e-15
14.6 13.8 3.05895e-16
14.8 13.8 4.67709e-17
5.2 14 9.8482e-18
5.4 14 6.44111e-17
5.6 14 3.88633e-16
5.8 14 2.16501e-15
6 14 1.11356e-14
6.2 14 5.28814e-14
6.4 14 2.31855e-13
6.6 14 9.38546e-13
6.8 14 3.50763e-12
7 14 1.21028e-11
7.2 14 3.85544e-11
7.4 14 1.13389e-10
7.6 14 3.07876e-10
7.8 14 7.71766e-10
8 14 1.78606e-09
8.2 14 3.81601e-09
8.4 14 7.52696e-09
8.6 14 1.37065e-08
8.8 14 2.30425e-08
9 14 3.57624e-08
9.2 14 5.12408e-08
9.4 14 6.77794e-08
9.6 14 8.27695e-08
9.8 14 9.33114e-08
10 14 9.71157e-08
10.2 14 9.33114e-08
10.4 14 8.27695e-08
10.6 14 6.77794e-08
10.8 14 5.12408e-08
11 14 3.57624e-08
11.2 14 2.30425e-08
11.4 14 1.37065e-08
11.6 14 7.52696e-09
11.8 14 3.81601e-09
12 14 1.78606e-09
12.2 14 7.71766e-10
12.4 14 3.07876e-10
12.6 14 1.13389e-10
12.8 14 3.85544e-11
13 14 1.21028e-11
13.2 14 3.50763e-12
13.4 14 9.38546e-13
13.6 14 2.31855e-13
13.8 14 5.28814e-14
14 14 1.11356e-14
14.2 14 2.16501e-15
14.4 14 3.88633e-16
14.6 14 6.44111e-17
14.8 14 9.8482e-18
5.2 14.2 1.91455e-18
5.4 14.2 1.25221e-17
5.6 14.2 7.55555e-17
5.8 14.2 4.20916e-16
6 14.2 2.16501e-15
6.2 14.2 1.02815e-14
6.4 14.2 4.50792e-14
6.6 14.2 1.82483e-13
6.8 14.2 6.82001e-13
7 14.2 2.35323e-12
7.2 14.2 7.49648e-12
7.4 14.2 2.20475e-11
7.6 14.2 5.98643e-11
7.8 14.2 1.50066e-10
8 14.2 3.47293e-10
8.2 14.2 7.42013e-10
8.4 14.2 1.46361e-09
8.6 14.2 2.66523e-09
8.8 14.2 4.48063e-09
9 14.2 6.95404e-09
9.2 14.2 9.96387e-09
9.4 14.2 1.31799e-08
9.6 14.2 1.60948e-08
9.8 14.2 1.81447e-08
10 14.2 1.88844e-08
10.2 14.2 1.81447e-08
10.4 14.2 1.60948e-08
10.6 14.2 1.31799e-08
10.8 14.2 9.96387e-09
11 14.2 6.95404e-09
11.2 14.2 4.48063e-09
11.4 14.2 2.66523e-09
11.6 14.2 1.46361e-09
11.8 14.2 7.42013e-10
12 14.2 3.47293e-10
12.2 14.2 1.50066e-10
12.4 14.2 5.98643e-11
12.6 14.2 2.20475e-11
12.8 14.2 7.49648e-12
13 14.2 2.35323e-12
13.2 14.2 6.82001e-13
13.4 14.2 1.82483e-13
13.6 14.2 4.50792e-14
13.8 14.2 1.02815e-14
14 14.2 2.16501e-15
14.2 14.2 4.20916e-16
14.4 14.2 7.55555e-17
14.6 14.2 1.25221e-17
14.8 14.2 1.91455e-18
5.2 14.4 3.43645e-19
5.4 14.4 2.24765e-18
5.6 14.4 1.35621e-17
5.8 14.4 7.55555e-17
6 14.4 3.88633e-16
6.2 14.4 1.84562e-15
6.4 14.4 8.09231e-15
6.6 14.4 3.27585e-14
6.8 14.4 1.22432e-13
7 14.4 4.22455e-13
7.2 14.4 1.34579e-12
7.4 14.4 3.95809e-12
7.6 14.4 1.07473e-11
7.8 14.4 2.69412e-11
8 14.4 6.23498e-11
8.2 14.4 1.33215e-10
8.4 14.4 2.62766e-10
8.6 14.4 4.785e-10
8.8 14.4 8.04431e-10
9 14.4 1.2485e-09
9.2 14.4 1.78888e-09
9.4 14.4 2.36628e-09
9.6 14.4 2.88962e-09
9.8 14.4 3.25765e-09
10 14.4 3.39047e-09
10.2 14.4 3.25765e-09
10.4 14.4 2.88962e-09
10.6 14.4 2.36628e-09
10.8 14.4 1.78888e-09
11 14.4 1.2485e-09
11.2 14.4 8.04431e-10
11.4 14.4 4.785e-10
11.6 14.4 2.62766e-10
11.8 14.4 1.33215e-10
12 14.4 6.23498e-11
12.2 14.4 2.69412e-11
12.4 14.4 1.07473e-11
12.6 14.4 3.95809e-12
12.8 14.4 1.34579e-12
13 14.4 4.22455e-13
13.2 14.4 1.22432e-13
13.4 14.4 3.27585e-14
13.6 14.4 8.09231e-15
13.8 14.4 1.84562e-15
14 14.4 3.88633e-16
14.2 14.4 7.55555e-17
14.4 14.4 1.35621e-17
14.6 14.4 2.24765e-18
14.8 14.4 3.43645e-19
5.2 14.6 5.69496e-20
5.4 14.6 3.72493e-19
5.6 14.6 2.24765e-18
5.8 14.6 1.25221e-17
6 14.6 6.44111e-17
6.2 14.6 3.05895e-16
6.4 14.6 1.34125e-15
6.6 14.6 5.42963e-15
6.8 14.6 2.02931e-14
7 14.6 7.0023e-14
7.2 14.6 2.23072e-13
7.4 14.6 6.5608e-13
7.6 14.6 1.78146e-12
7.8 14.6 4.46577e-12
8 14.6 1.03352e-11
8.2 14.6 2.20822e-11
8.4 14.6 4.35573e-11
8.6 14.6 7.93187e-11
8.8 14.6 1.33348e-10
9 14.6 2.0696e-10
9.2 14.6 2.96538e-10
9.4 14.6 3.92253e-10
9.6 14.6 4.79007e-10
9.8 14.6 5.40017e-10
10 14.6 5.62034e-10
10.2 14.6 5.40017e-10
10.4 14.6 4.79007e-10
10.6 14.6 3.92253e-10
10.8 14.6 2.96538e-10
11 14.6 2.0696e-10
11.2 14.6 1.33348e-10
11.4 14.6 7.93187e-11
11.6 14.6 4.35573e-11
11.8 14.6 2.20822e-11
12 14.6 1.03352e-11
12.2 14.6 4.46577e-12
12.4 14.6 1.78146e-12
12.6 14.6 6.5608e-13
12.8 14.6 2.23072e-13
13 14.6 7.0023e-14
13.2 14.6 2.02931e-14
13.4 14.6 5.42963e-15
13.6 14.6 1.34125e-15
13.8 14.6 3.05895e-16
14 14.6 6.44111e-17
14.2 14.6 1.25221e-17
14.4 14.6 2.24765e-18
14.6 14.6 3.72493e-19
14.8 14.6 5.69496e-20
5.2 14.8 8.70677e-21
5.4 14.8 5.69496e-20
5.6 14.8 3.43645e-19
5.8 14.8 1.91455e-18
6 14.8 9.8482e-18
6.2 14.8 4.67709e-17
6.4 14.8 2.05079e-16
6.6 14.8 8.30206e-16
6.8 14.8 3.10291e-15
7 14.8 1.07069e-14
7.2 14.8 3.41094e-14
7.4 14.8 1.00321e-13
7.6 14.8 2.72403e-13
7.8 14.8 6.82869e-13
8 14.8 1.58039e-12
8.2 14.8 3.37667e-12
8.4 14.8 6.66055e-12
8.6 14.8 1.2129e-11
8.8 14.8 2.0391e-11
9 14.8 3.16476e-11
9.2 14.8 4.53457e-11
9.4 14.8 5.99822e-11
9.6 14.8 7.32485e-11
9.8 14.8 8.2578e-11
10 14.8 8.59448e-11
10.2 14.8 8.2578e-11
10.4 14.8 7.32485e-11
10.6 14.8 5.99822e-11
10.8 14.8 4.53457e-11
11 14.8 3.16476e-11
11.2 14.8 2.0391e-11
11.4 14.8 1.2129e-11
11.6 14.8 6.66055e-12
11.8 14.8 3.37667e-12
12 14.8 1.58039e-12
12.2 14.8 6.82869e-13
12.4 14.8 2.72403e-13
12.6 14.8 1.00321e-13
12.8 14.8 3.41094e-14
13 14.8 1.07069e-14
13.2 14.8 3.10291e-15
13.4 14.8 8.30206e-16
13.6 14.8 2.05079e-16
13.8 14.8 4.67709e-17
14 14.8 9.8482e-18
14.2 14.8 1.91455e-18
14.4 14.8 3.43645e-19
14.6 14.8 5.69496e-20
14.8 14.8 8.70677e-21

