5.2 5.2 7.33155e-21
5.4 5.2 4.79234e-20
5.6 5.2 2.88933e-19
5.8 5.2 1.60847e-18
6 5.2 8.26771e-18
6.2 5.2 3.92384e-17
6.4 5.2 1.71944e-16
6.6 5.2 6.95669e-16
6.8 5.2 2.59871e-15
7 5.2 8.96284e-15
7.2 5.2 2.85406e-14
7.4 5.2 8.39085e-14
7.6 5.2 2.27757e-13
7.8 5.2 5.70761e-13
8 5.2 1.32054e-12
8.2 5.2 2.82075e-12
8.4 5.2 5.56272e-12
8.6 5.2 1.01279e-11
8.8 5.2 1.70237e-11
9 5.2 2.64178e-11
9.2 5.2 3.78478e-11
9.4 5.2 5.00597e-11
9.6 5.2 6.11275e-11
9.8 5.2 6.89106e-11
10 5.2 7.17193e-11
10.2 5.2 6.89106e-11
10.4 5.2 6.11275e-11
10.6 5.2 5.00597e-11
10.8 5.2 3.78478e-11
11 5.2 2.64178e-11
11.2 5.2 1.70237e-11
11.4 5.2 1.01279e-11
11.6 5.2 5.56272e-12
11.8 5.2 2.82075e-12
12 5.2 1.32054e-12
12.2 5.2 5.70761e-13
12.4 5.2 2.27757e-13
12.6 5.2 8.39085e-14
12.8 5.2 2.85406e-14
13 5.2 8.96284e-15
13.2 5.2 2.59871e-15
13.4 5.2 6.95669e-16
13.6 5.2 1.71944e-16
13.8 5.2 3.92384e-17
14 5.2 8.26771e-18
14.2 5.2 1.60847e-18
14.4 5.2 2.88933e-19
14.6 5.2 4.79234e-20
14.8 5.2 7.33155e-21
5.2 5.4 4.79234e-20
5.4 5.4 3.13249e-19
5.6 5.4 1.88855e-18
5.8 5.4 1.05132e-17
6 5.4 5.40377e-17
6.2 5.4 2.56457e-16
6.4 5.4 1.12378e-15
6.6 5.4 4.54663e-15
6.8 5.4 1.69839e-14
7 5.4 5.85759e-14
7.2 5.4 1.86522e-13
7.4 5.4 5.48363e-13
7.6 5.4 1.48843e-12
7.8 5.4 3.72998e-12
8 5.4 8.62982e-12
8.2 5.4 1.84336e-11
8.4 5.4 3.6352e-11
8.6 5.4 6.61845e-11
8.8 5.4 1.11248e-10
9 5.4 1.72636e-10
9.2 5.4 2.47328e-10
9.4 5.4 3.2713e-10
9.6 5.4 3.99455e-10
9.8 5.4 4.50315e-10
10 5.4 4.68669e-10
10.2 5.4 4.50315e-10
10.4 5.4 3.99455e-10
10.6 5.4 3.2713e-10
10.8 5.4 2.47328e-10
11 5.4 1.72636e-10
11.2 5.4 1.11248e-10
11.4 5.4 6.61845e-11
11.6 5.4 3.6352e-11
11.8 5.4 1.84336e-11
12 5.4 8.62982e-12
12.2 5.4 3.72998e-12
12.4 5.4 1.48843e-12
12.6 5.4 5.48363e-13
12.8 5.4 1.86522e-13
13 5.4 5.85759e-14
13.2 5.4 1.69839e-14
13.4 5.4 4.54663e-15
13.6 5.4 1.12378e-15
13.8 5.4 2.56457e-16
14 5.4 5.40377e-17
14.2 5.4 1.05132e-17
14.4 5.4 1.88855e-18
14.6 5.4 3.13249e-19
14.8 5.4 4.79234e-20
5.2 5.6 2.88933e-19
5.4 5.6 1.88855e-18
5.6 5.6 1.13855e-17
5.8 5.6 6.33786e-17
6 5.6 3.25757e-16
6.2 5.6 1.54596e-15
6.4 5.6 6.77414e-15
6.6 5.6 2.74065e-14
6.8 5.6 1.02374e-13
7 5.6 3.53073e-13
7.2 5.6 1.12426e-12
7.4 5.6 3.3052e-12
7.6 5.6 8.97122e-12
7.8 5.6 2.24815e-11
8 5.6 5.20132e-11
8.2 5.6 1.11101e-10
8.4 5.6 2.19095e-10
8.6 5.6 3.98893e-10
8.8 5.6 6.70483e-10
9 5.6 1.04046e-09
9.2 5.6 1.49062e-09
9.4 5.6 1.97156e-09
9.6 5.6 2.40745e-09
9.8 5.6 2.71397e-09
10 5.6 2.82459e-09
10.2 5.6 2.71397e-09
10.4 5.6 2.40745e-09
10.6 5.6 1.97156e-09
10.8 5.6 1.49062e-09
11 5.6 1.04046e-09
11.2 5.6 6.70483e-10
11.4 5.6 3.98893e-10
11.6 5.6 2.19095e-10
11.8 5.6 1.11101e-10
12 5.6 5.20132e-11
12.2 5.6 2.24815e-11
12.4 5.6 8.97122e-12
12.6 5.6 3.3052e-12
12.8 5.6 1.12426e-12
13 5.6 3.53073e-13
13.2 5.6 1.02374e-13
13.4 5.6 2.74065e-14
13.6 5.6 6.77414e-15
13.8 5.6 1.54596e-15
14 5.6 3.25757e-16
14.2 5.6 6.33786e-17
14.4 5.6 1.13855e-17
14.6 5.6 1.88855e-18
14.8 5.6 2.88933e-19
5.2 5.8 1.60847e-18
5.4 5.8 1.05132e-17
5.6 5.8 6.33786e-17
5.8 5.8 3.52793e-16
6 5.8 1.81326e-15
6.2 5.8 8.60505e-15
6.4 5.8 3.77049e-14
6.6 5.8 1.52541e-13
6.8 5.8 5.69793e-13
7 5.8 1.96509e-12
7.2 5.8 6.25717e-12
7.4 5.8 1.83951e-11
7.6 5.8 4.99285e-11
7.8 5.8 1.25117e-10
8 5.8 2.89468e-10
8.2 5.8 6.18301e-10
8.4 5.8 1.2193e-09
8.6 5.8 2.21989e-09
8.8 5.8 3.7313e-09
9 5.8 5.79022e-09
9.2 5.8 8.29534e-09
9.4 5.8 1.09718e-08
9.6 5.8 1.33975e-08
9.8 5.8 1.51032e-08
10 5.8 1.57188e-08
10.2 5.8 1.51032e-08
10.4 5.8 1.33975e-08
10.6 5.8 1.09718e-08
10.8 5.8 8.29534e-09
11 5.8 5.79022e-09
11.2 5.8 3.7313e-09
11.4 5.8 2.21989e-09
11.6 5.8 1.2193e-09
11.8 5.8 6.18301e-10
12 5.8 2.89468e-10
12.2 5.8 1.25117e-10
12.4 5.8 4.99285e-11
12.6 5.8 1.83951e-11
12.8 5.8 6.25717e-12
13 5.8 1.96509e-12
13.2 5.8 5.69793e-13
13.4 5.8 1.52541e-13
13.6 5.8 3.77049e-14
13.8 5.8 8.60505e-15
14 5.8 1.81326e-15
14.2 5.8 3.52793e-16
14.4 5.8 6.33786e-17
14.6 5.8 1.05132e-17
14.8 5.8 1.60847e-18
5.2 6 8.26771e-18
5.4 6 5.40377e-17
5.6 6 3.25757e-16
5.8 6 1.81326e-15
6 6 9.31938e-15
6.2 6 4.42253e-14
6.4 6 1.93779e-13
6.6 6 7.83946e-13
6.8 6 2.92825e-12
7 6 1.00987e-11
7.2 6 3.21554e-11
7.4 6 9.45304e-11
7.6 6 2.56574e-10
7.8 6 6.42947e-10
8 6 1.48749e-09
8.2 6 3.17724e-09
8.4 6 6.26553e-09
8.6 6 1.14071e-08
8.8 6 1.91735e-08
9 6 2.97532e-08
9.2 6 4.26256e-08
9.4 6 5.63784e-08
9.6 6 6.88425e-08
9.8 6 7.76075e-08
10 6 8.07705e-08
10.2 6 7.76075e-08
10.4 6 6.88425e-08
10.6 6 5.63784e-08
10.8 6 4.26256e-08
11 6 2.97532e-08
11.2 6 1.91735e-08
11.4 6 1.14071e-08
11.6 6 6.26553e-09
11.8 6 3.17724e-09
12 6 1.48749e-09
12.2 6 6.42947e-10
12.4 6 2.56574e-10
12.6 6 9.45304e-11
12.8 6 3.21554e-11
13 6 1.00987e-11
13.2 6 2.92825e-12
13.4 6 7.83946e-13
13.6 6 1.93779e-13
13.8 6 4.42253e-14
14 6 9.31938e-15
14.2 6 1.81326e-15
14.4 6 3.25757e-16
14.6 6 5.40377e-17
14.8 6 8.26771e-18
5.2 6.2 3.92384e-17
5.4 6.2 2.56457e-16
5.6 6.2 1.54596e-15
5.8 6.2 8.60505e-15
6 6.2 4.42253e-14
6.2 6.2 2.09868e-13
6.4 6.2 9.19541e-13
6.6 6.2 3.72001e-12
6.8 6.2 1.3895e-11
7 6.2 4.7919e-11
7.2 6.2 1.52578e-10
7.4 6.2 4.48541e-10
7.6 6.2 1.21741e-09
7.8 6.2 3.05068e-09
8 6.2 7.05784e-09
8.2 6.2 1.50752e-08
8.4 6.2 2.97281e-08
8.6 6.2 5.4123e-08
8.8 6.2 9.09714e-08
9 6.2 1.41168e-07
9.2 6.2 2.02242e-07
9.4 6.2 2.67492e-07
9.6 6.2 3.26629e-07
9.8 6.2 3.68215e-07
10 6.2 3.83221e-07
10.2 6.2 3.68215e-07
10.4 6.2 3.26629e-07
10.6 6.2 2.67492e-07
10.8 6.2 2.02242e-07
11 6.2 1.41168e-07
11.2 6.2 9.09714e-08
11.4 6.2 5.4123e-08
11.6 6.2 2.97281e-08
11.8 6.2 1.50752e-08
12 6.2 7.05784e-09
12.2 6.2 3.05068e-09
12.4 6.2 1.21741e-09
12.6 6.2 4.48541e-10
12.8 6.2 1.52578e-10
13 6.2 4.7919e-11
13.2 6.2 1.3895e-11
13.4 6.2 3.72001e-12
13.6 6.2 9.19541e-13
13.8 6.2 2.09868e-13
14 6.2 4.42253e-14
14.2 6.2 8.60505e-15
14.4 6.2 1.54596e-15
14.6 6.2 2.56457e-16
14.8 6.2 3.92384e-17
5.2 6.4 1.71944e-16
5.4 6.4 1.12378e-15
5.6 6.4 6.77414e-15
5.8 6.4 3.77049e-14
6 6.4 1.93779e-13
6.2 6.4 9.19541e-13
6.4 6.4 4.02892e-12
6.6 6.4 1.62987e-11
6.8 6.4 6.0878e-11
7 6.4 2.09944e-10
7.2 6.4 6.68469e-10
7.4 6.4 1.96511e-09
7.6 6.4 5.33358e-09
7.8 6.4 1.33651e-08
8 6.4 3.09203e-08
8.2 6.4 6.60437e-08
8.4 6.4 1.30236e-07
8.6 6.4 2.37107e-07
8.8 6.4 3.98534e-07
9 6.4 6.18434e-07
9.2 6.4 8.85988e-07
9.4 6.4 1.17184e-06
9.6 6.4 1.4309e-06
9.8 6.4 1.61308e-06
10 6.4 1.67882e-06
10.2 6.4 1.61308e-06
10.4 6.4 1.4309e-06
10.6 6.4 1.17184e-06
10.8 6.4 8.85988e-07
11 6.4 6.18434e-07
11.2 6.4 3.98534e-07
11.4 6.4 2.37107e-07
11.6 6.4 1.30236e-07
11.8 6.4 6.60437e-08
12 6.4 3.09203e-08
12.2 6.4 1.33651e-08
12.4 6.4 5.33358e-09
12.6 6.4 1.96511e-09
12.8 6.4 6.68469e-10
13 6.4 2.09944e-10
13.2 6.4 6.0878e-11
13.4 6.4 1.62987e-11
13.6 6.4 4.02892e-12
13.8 6.4 9.19541e-13
14 6.4 1.93779e-13
14.2 6.4 3.77049e-14
14.4 6.4 6.77414e-15
14.6 6.4 1.12378e-15
14.8 6.4 1.71944e-16
5.2 6.6 6.95669e-16
5.4 6.6 4.54663e-15
5.6 6.6 2.74065e-14
5.8 6.6 1.52541e-13
6 6.6 7.83946e-13
6.2 6.6 3.72001e-12
6.4 6.6 1.62987e-11
6.6 6.6 6.59343e-11
6.8 6.6 2.4627e-10
7 6.6 8.49278e-10
7.2 6.6 2.70409e-09
7.4 6.6 7.94918e-09
7.6 6.6 2.15749e-08
7.8 6.6 5.40628e-08
8 6.6 1.25074e-07
8.2 6.6 2.67147e-07
8.4 6.6 5.26804e-07
8.6 6.6 9.59088e-07
8.8 6.6 1.61204e-06
9 6.6 2.50152e-06
9.2 6.6 3.58374e-06
9.4 6.6 4.73995e-06
9.6 6.6 5.78783e-06
9.8 6.6 6.52471e-06
10 6.6 6.79063e-06
10.2 6.6 6.52471e-06
10.4 6.6 5.78783e-06
10.6 6.6 4.73995e-06
10.8 6.6 3.58374e-06
11 6.6 2.50152e-06
11.2 6.6 1.61204e-06
11.4 6.6 9.59088e-07
11.6 6.6 5.26804e-07
11.8 6.6 2.67147e-07
12 6.6 1.25074e-07
12.2 6.6 5.40628e-08
12.4 6.6 2.15749e-08
12.6 6.6 7.94918e-09
12.8 6.6 2.70409e-09
13 6.6 8.49278e-10
13.2 6.6 2.4627e-10
13.4 6.6 6.59343e-11
13.6 6.6 1.62987e-11
13.8 6.6 3.72001e-12
14 6.6 7.83946e-13
14.2 6.6 1.52541e-13
14.4 6.6 2.74065e-14
14.6 6.6 4.54663e-15
14.8 6.6 6.95669e-16
5.2 6.8 2.59871e-15
5.4 6.8 1.69839e-14
5.6 6.8 1.02374e-13
5.8 6.8 5.69793e-13
6 6.8 2.92825e-12
6.2 6.8 1.3895e-11
6.4 6.8 6.0878e-11
6.6 6.8 2.4627e-10
6.8 6.8 9.19826e-10
7 6.8 3.17204e-09
7.2 6.8 1.00996e-08
7.4 6.8 2.96894e-08
7.6 6.8 8.05794e-08
7.8 6.8 2.01915e-07
8 6.8 4.67126e-07
8.2 6.8 9.97736e-07
8.4 6.8 1.96748e-06
8.6 6.8 3.58194e-06
8.8 6.8 6.02053e-06
9 6.8 9.34243e-06
9.2 6.8 1.33842e-05
9.4 6.8 1.77022e-05
9.6 6.8 2.16157e-05
9.8 6.8 2.43677e-05
10 6.8 2.53608e-05
10.2 6.8 2.43677e-05
10.4 6.8 2.16157e-05
10.6 6.8 1.77022e-05
10.8 6.8 1.33842e-05
11 6.8 9.34243e-06
11.2 6.8 6.02053e-06
11.4 6.8 3.58194e-06
11.6 6.8 1.96748e-06
11.8 6.8 9.97736e-07
12 6.8 4.67126e-07
12.2 6.8 2.01915e-07
12.4 6.8 8.05794e-08
12.6 6.8 2.96894e-08
12.8 6.8 1.00996e-08
13 6.8 3.17204e-09
13.2 6.8 9.19826e-10
13.4 6.8 2.4627e-10
13.6 6.8 6.0878e-11
13.8 6.8 1.3895e-11
14 6.8 2.92825e-12
14.2 6.8 5.69793e-13
14.4 6.8 1.02374e-13
14.6 6.8 1.69839e-14
14.8 6.8 2.59871e-15
5.2 7 8.96284e-15
5.4 7 5.85759e-14
5.6 7 3.53073e-13
5.8 7 1.96509e-12
6 7 1.00987e-11
6.2 7 4.7919e-11
6.4 7 2.09944e-10
6.6 7 8.49278e-10
6.8 7 3.17204e-09
7 7 1.09387e-08
7.2 7 3.4828e-08
7.4 7 1.02381e-07
7.6 7 2.77868e-07
7.8 7 6.96275e-07
8 7 1.6108e-06
8.2 7 3.4405e-06
8.4 7 6.78444e-06
8.6 7 1.23515e-05
8.8 7 2.07603e-05
9 7 3.2215e-05
9.2 7 4.61517e-05
9.4 7 6.10413e-05
9.6 7 7.45357e-05
9.8 7 8.4025e-05
10 7 8.74494e-05
10.2 7 8.4025e-05
10.4 7 7.45357e-05
10.6 7 6.10413e-05
10.8 7 4.61517e-05
11 7 3.2215e-05
11.2 7 2.07603e-05
11.4 7 1.23515e-05
11.6 7 6.78444e-06
11.8 7 3.4405e-06
12 7 1.6108e-06
12.2 7 6.96275e-07
12.4 7 2.77868e-07
12.6 7 1.02381e-07
12.8 7 3.4828e-08
13 7 1.09387e-08
13.2 7 3.17204e-09
13.4 7 8.49278e-10
13.6 7 2.09944e-10
13.8 7 4.7919e-11
14 7 1.00987e-11
14.2 7 1.96509e-12
14.4 7 3.53073e-13
14.6 7 5.85759e-14
14.8 7 8.96284e-15
5.2 7.2 2.85406e-14
5.4 7.2 1.86522e-13
5.6 7.2 1.12426e-12
5.8 7.2 6.25717e-12
6 7.2 3.21554e-11
6.2 7.2 1.52578e-10
6.4 7.2 6.68469e-10
6.6 7.2 2.70409e-09
6.8 7.2 1.00996e-08
7 7.2 3.4828e-08
7.2 7.2 1.10888e-07
7.4 7.2 3.25968e-07
7.6 7.2 8.84687e-07
7.8 7.2 2.21681e-06
8 7.2 5.12846e-06
8.2 7.2 1.09538e-05
8.4 7.2 2.16e-05
8.6 7.2 3.93239e-05
8.8 7.2 6.60953e-05
9 7.2 0.000102563
9.2 7.2 0.000146934
9.4 7.2 0.000194337
9.6 7.2 0.000237299
9.8 7.2 0.00026751
10 7.2 0.000278412
10.2 7.2 0.00026751
10.4 7.2 0.000237299
10.6 7.2 0.000194337
10.8 7.2 0.000146934
11 7.2 0.000102563
11.2 7.2 6.60953e-05
11.4 7.2 3.93239e-05
11.6 7.2 2.16e-05
11.8 7.2 1.09538e-05
12 7.2 5.12846e-06
12.2 7.2 2.21681e-06
12.4 7.2 8.84687e-07
12.6 7.2 3.25968e-07
12.8 7.2 1.10888e-07
13 7.2 3.4828e-08
13.2 7.2 1.00996e-08
13.4 7.2 2.70409e-09
13.6 7.2 6.68469e-10
13.8 7.2 1.52578e-10
14 7.2 3.21554e-11
14.2 7.2 6.25717e-12
14.4 7.2 1.12426e-12
14.6 7.2 1.86522e-13
14.8 7.2 2.85406e-14
5.2 7.4 8.39085e-14
5.4 7.4 5.48363e-13
5.6 7.4 3.3052e-12
5.8 7.4 1.83951e-11
6 7.4 9.45304e-11
6.2 7.4 4.48541e-10
6.4 7.4 1.96511e-09
6.6 7.4 7.94918e-09
6.8 7.4 2.96894e-08
7 7.4 1.02381e-07
7.2 7.4 3.25968e-07
7.4 7.4 9.58207e-07
7.6 7.4 2.60059e-06
7.8 7.4 6.51639e-06
8 7.4 1.50752e-05
8.2 7.4 3.21986e-05
8.4 7.4 6.3493e-05
8.6 7.4 0.000115592
8.8 7.4 0.000194285
9 7.4 0.000301481
9.2 7.4 0.000431905
9.4 7.4 0.000571244
9.6 7.4 0.000697527
9.8 7.4 0.000786331
10 7.4 0.000818377
10.2 7.4 0.000786331
10.4 7.4 0.000697527
10.6 7.4 0.000571244
10.8 7.4 0.000431905
11 7.4 0.000301481
11.2 7.4 0.000194285
11.4 7.4 0.000115592
11.6 7.4 6.3493e-05
11.8 7.4 3.21986e-05
12 7.4 1.50752e-05
12.2 7.4 6.51639e-06
12.4 7.4 2.60059e-06
12.6 7.4 9.58207e-07
12.8 7.4 3.25968e-07
13 7.4 1.02381e-07
13.2 7.4 2.96894e-08
13.4 7.4 7.94918e-09
13.6 7.4 1.96511e-09
13.8 7.4 4.48541e-10
14 7.4 9.45304e-11
14.2 7.4 1.83951e-11
14.4 7.4 3.3052e-12
14.6 7.4 5.48363e-13
14.8 7.4 8.39085e-14
5.2 7.6 2.27757e-13
5.4 7.6 1.48843e-12
5.6 7.6 8.97122e-12
5.8 7.6 4.99285e-11
6 7.6 2.56574e-10
6.2 7.6 1.21741e-09
6.4 7.6 5.33358e-09
6.6 7.6 2.15749e-08
6.8 7.6 8.05794e-08
7 7.6 2.77868e-07
7.2 7.6 8.84687e-07
7.4 7.6 2.60059e-06
7.6 7.6 7.05798e-06
7.8 7.6 1.76854e-05
8 7.6 4.09136e-05
8.2 7.6 8.73855e-05
8.4 7.6 0.000172316
8.6 7.6 0.000313708
8.8 7.6 0.000527274
9 7.6 0.000818193
9.2 7.6 0.00117215
9.4 7.6 0.0015503
9.6 7.6 0.00189302
9.8 7.6 0.00213402
10 7.6 0.00222099
10.2 7.6 0.00213402
10.4 7.6 0.00189302
10.6 7.6 0.0015503
10.8 7.6 0.00117215
11 7.6 0.000818193
11.2 7.6 0.000527274
11.4 7.6 0.000313708
11.6 7.6 0.000172316
11.8 7.6 8.73855e-05
12 7.6 4.09136e-05
12.2 7.6 1.76854e-05
12.4 7.6 7.05798e-06
12.6 7.6 2.60059e-06
12.8 7.6 8.84687e-07
13 7.6 2.77868e-07
13.2 7.6 8.05794e-08
13.4 7.6 2.15749e-08
13.6 7.6 5.33358e-09
13.8 7.6 1.21741e-09
14 7.6 2.56574e-10
14.2 7.6 4.99285e-11
14.4 7.6 8.97122e-12
14.6 7.6 1.48843e-12
14.8 7.6 2.27757e-13
5.2 7.8 5.70761e-13
5.4 7.8 3.72998e-12
5.6 7.8 2.24815e-11
5.8 7.8 1.25117e-10
6 7.8 6.42947e-10
6.2 7.8 3.05068e-09
6.4 7.8 1.33651e-08
6.6 7.8 5.40628e-08
6.8 7.8 2.01915e-07
7 7.8 6.96275e-07
7.2 7.8 2.21681e-06
7.4 7.8 6.51639e-06
7.6 7.8 1.76854e-05
7.8 7.8 4.43144e-05
8 7.8 0.000102517
8.2 7.8 0.000218961
8.4 7.8 0.000431769
8.6 7.8 0.000786049
8.8 7.8 0.00132117
9 7.8 0.00205011
9.2 7.8 0.002937
9.4 7.8 0.00388451
9.6 7.8 0.00474324
9.8 7.8 0.0053471
10 7.8 0.00556501
10.2 7.8 0.0053471
10.4 7.8 0.00474324
10.6 7.8 0.00388451
10.8 7.8 0.002937
11 7.8 0.00205011
11.2 7.8 0.00132117
11.4 7.8 0.000786049
11.6 7.8 0.000431769
11.8 7.8 0.000218961
12 7.8 0.000102517
12.2 7.8 4.43144e-05
12.4 7.8 1.76854e-05
12.6 7.8 6.51639e-06
12.8 7.8 2.21681e-06
13 7.8 6.96275e-07
13.2 7.8 2.01915e-07
13.4 7.8 5.40628e-08
13.6 7.8 1.33651e-08
13.8 7.8 3.05068e-09
14 7.8 6.42947e-10
14.2 7.8 1.25117e-10
14.4 7.8 2.24815e-11
14.6 7.8 3.72998e-12
14.8 7.8 5.70761e-13
5.2 8 1.32054e-12
5.4 8 8.62982e-12
5.6 8 5.20132e-11
5.8 8 2.89468e-10
6 8 1.48749e-09
6.2 8 7.05784e-09
6.4 8 3.09203e-08
6.6 8 1.25074e-07
6.8 8 4.67126e-07
7 8 1.6108e-06
7.2 8 5.12846e-06
7.4 8 1.50752e-05
7.6 8 4.09136e-05
7.8 8 0.000102517
8 8 0.000237163
8.2 8 0.000506541
8.4 8 0.000998845
8.6 8 0.00181842
8.8 8 0.00305635
9 8 0.00474265
9.2 8 0.00679432
9.4 8 0.00898625
9.6 8 0.0109728
9.8 8 0.0123697
10 8 0.0128738
10.2 8 0.0123697
10.4 8 0.0109728
10.6 8 0.00898625
10.8 8 0.00679432
11 8 0.00474265
11.2 8 0.00305635
11.4 8 0.00181842
11.6 8 0.000998845
11.8 8 0.000506541
12 8 0.000237163
12.2 8 0.000102517
12.4 8 4.09136e-05
12.6 8 1.50752e-05
12.8 8 5.12846e-06
13 8 1.6108e-06
13.2 8 4.67126e-07
13.4 8 1.25074e-07
13.6 8 3.09203e-08
13.8 8 7.05784e-09
14 8 1.48749e-09
14.2 8 2.89468e-10
14.4 8 5.20132e-11
14.6 8 8.62982e-12
14.8 8 1.32054e-12
5.2 8.2 2.82075e-12
5.4 8.2 1.84336e-11
5.6 8.2 1.11101e-10
5.8 8.2 6.18301e-10
6 8.2 3.17724e-09
6.2 8.2 1.50752e-08
6.4 8.2 6.60437e-08
6.6 8.2 2.67147e-07
6.8 8.2 9.97736e-07
7 8.2 3.4405e-06
7.2 8.2 1.09538e-05
7.4 8.2 3.21986e-05
7.6 8.2 8.73855e-05
7.8 8.2 0.000218961
8 8.2 0.000506541
8.2 8.2 0.00108188
8.4 8.2 0.00213336
8.6 8.2 0.00388382
8.8 8.2 0.00652779
9 8.2 0.0101294
9.2 8.2 0.0145113
9.4 8.2 0.0191929
9.6 8.2 0.0234357
9.8 8.2 0.0264192
10 8.2 0.0274959
10.2 8.2 0.0264192
10.4 8.2 0.0234357
10.6 8.2 0.0191929
10.8 8.2 0.0145113
11 8.2 0.0101294
11.2 8.2 0.00652779
11.4 8.2 0.00388382
11.6 8.2 0.00213336
11.8 8.2 0.00108188
12 8.2 0.000506541
12.2 8.2 0.000218961
12.4 8.2 8.73855e-05
12.6 8.2 3.21986e-05
12.8 8.2 1.09538e-05
13 8.2 3.4405e-06
13.2 8.2 9.97736e-07
13.4 8.2 2.67147e-07
13.6 8.2 6.60437e-08
13.8 8.2 1.50752e-08
14 8.2 3.17724e-09
14.2 8.2 6.18301e-10
14.4 8.2 1.11101e-10
14.6 8.2 1.84336e-11
14.8 8.2 2.82075e-12
5.2 8.4 5.56272e-12
5.4 8.4 3.6352e-11
5.6 8.4 2.19095e-10
5.8 8.4 1.2193e-09
6 8.4 6.26553e-09
6.2 8.4 2.97281e-08
6.4 8.4 1.30236e-07
6.6 8.4 5.26804e-07
6.8 8.4 1.96748e-06
7 8.4 6.78444e-06
7.2 8.4 2.16e-05
7.4 8.4 6.3493e-05
7.6 8.4 0.000172316
7.8 8.4 0.000431769
8 8.4 0.000998845
8.2 8.4 0.00213336
8.4 8.4 0.00420673
8.6 8.4 0.00765842
8.8 8.4 0.012872
9 8.4 0.0199738
9.2 8.4 0.0286145
9.4 8.4 0.0378457
9.6 8.4 0.0462119
9.8 8.4 0.0520951
10 8.4 0.0542181
10.2 8.4 0.0520951
10.4 8.4 0.0462119
10.6 8.4 0.0378457
10.8 8.4 0.0286145
11 8.4 0.0199738
11.2 8.4 0.012872
11.4 8.4 0.00765842
11.6 8.4 0.00420673
11.8 8.4 0.00213336
12 8.4 0.000998845
12.2 8.4 0.000431769
12.4 8.4 0.000172316
12.6 8.4 6.3493e-05
12.8 8.4 2.16e-05
13 8.4 6.78444e-06
13.2 8.4 1.96748e-06
13.4 8.4 5.26804e-07
13.6 8.4 1.30236e-07
13.8 8.4 2.97281e-08
14 8.4 6.26553e-09
14.2 8.4 1.2193e-09
14.4 8.4 2.19095e-10
14.6 8.4 3.6352e-11
14.8 8.4 5.56272e-12
5.2 8.6 1.01279e-11
5.4 8.6 6.61845e-11
5.6 8.6 3.98893e-10
5.8 8.6 2.21989e-09
6 8.6 1.14071e-08
6.2 8.6 5.4123e-08
6.4 8.6 2.37107e-07
6.6 8.6 9.59088e-07
6.8 8.6 3.58194e-06
7 8.6 1.23515e-05
7.2 8.6 3.93239e-05
7.4 8.6 0.000115592
7.6 8.6 0.000313708
7.8 8.6 0.000786049
8 8.6 0.00181842
8.2 8.6 0.00388382
8.4 8.6 0.00765842
8.6 8.6 0.0139423
8.8 8.6 0.0234336
9 8.6 0.0363625
9.2 8.6 0.0520928
9.4 8.6 0.0688983
9.6 8.6 0.084129
9.8 8.6 0.0948392
10 8.6 0.0987042
10.2 8.6 0.0948392
10.4 8.6 0.084129
10.6 8.6 0.0688983
10.8 8.6 0.0520928
11 8.6 0.0363625
11.2 8.6 0.0234336
11.4 8.6 0.0139423
11.6 8.6 0.00765842
11.8 8.6 0.00388382
12 8.6 0.00181842
12.2 8.6 0.000786049
12.4 8.6 0.000313708
12.6 8.6 0.000115592
12.8 8.6 3.93239e-05
13 8.6 1.23515e-05
13.2 8.6 3.58194e-06
13.4 8.6 9.59088e-07
13.6 8.6 2.37107e-07
13.8 8.6 5.4123e-08
14 8.6 1.14071e-08
14.2 8.6 2.21989e-09
14.4 8.6 3.98893e-10
14.6 8.6 6.61845e-11
14.8 8.6 1.01279e-11
5.2 8.8 1.70237e-11
5.4 8.8 1.11248e-10
5.6 8.8 6.70483e-10
5.8 8.8 3.7313e-09
6 8.8 1.91735e-08
6.2 8.8 9.09714e-08
6.4 8.8 3.98534e-07
6.6 8.8 1.61204e-06
6.8 8.8 6.02053e-06
7 8.8 2.07603e-05
7.2 8.8 6.60953e-05
7.4 8.8 0.000194285
7.6 8.8 0.000527274
7.8 8.8 0.00132117
8 8.8 0.00305635
8.2 8.8 0.00652779
8.4 8.8 0.012872
8.6 8.8 0.0234336
8.8 8.8 0.0393862
9 8.8 0.0611165
9.2 8.8 0.0875551
9.4 8.8 0.115801
9.6 8.8 0.1414
9.8 8.8 0.159401
10 8.8 0.165897
10.2 8.8 0.159401
10.4 8.8 0.1414
10.6 8.8 0.115801
10.8 8.8 0.0875551
11 8.8 0.0611165
11.2 8.8 0.0393862
11.4 8.8 0.0234336
11.6 8.8 0.012872
11.8 8.8 0.00652779
12 8.8 0.00305635
12.2 8.8 0.00132117
12.4 8.8 0.000527274
12.6 8.8 0.000194285
12.8 8.8 6.60953e-05
13 8.8 2.07603e-05
13.2 8.8 6.02053e-06
13.4 8.8 1.61204e-06
13.6 8.8 3.98534e-07
13.8 8.8 9.09714e-08
14 8.8 1.91735e-08
14.2 8.8 3.7313e-09
14.4 8.8 6.70483e-10
14.6 8.8 1.11248e-10
14.8 8.8 1.70237e-11
5.2 9 2.64178e-11
5.4 9 1.72636e-10
5.6 9 1.04046e-09
5.8 9 5.79022e-09
6 9 2.97532e-08
6.2 9 1.41168e-07
6.4 9 6.18434e-07
6.6 9 2.50152e-06
6.8 9 9.34243e-06
7 9 3.2215e-05
7.2 9 0.000102563
7.4 9 0.000301481
7.6 9 0.000818193
7.8 9 0.00205011
8 9 0.00474265
8.2 9 0.0101294
8.4 9 0.0199738
8.6 9 0.0363625
8.8 9 0.0611165
9 9 0.0948359
9.2 9 0.135861
9.4 9 0.179691
9.6 9 0.219413
9.8 9 0.247346
10 9 0.257426
10.2 9 0.247346
10.4 9 0.219413
10.6 9 0.179691
10.8 9 0.135861
11 9 0.0948359
11.2 9 0.0611165
11.4 9 0.0363625
11.6 9 0.0199738
11.8 9 0.0101294
12 9 0.00474265
12.2 9 0.00205011
12.4 9 0.000818193
12.6 9 0.000301481
12.8 9 0.000102563
13 9 3.2215e-05
13.2 9 9.34243e-06
13.4 9 2.50152e-06
13.6 9 6.18434e-07
13.8 9 1.41168e-07
14 9 2.97532e-08
14.2 9 5.79022e-09
14.4 9 1.04046e-09
14.6 9 1.72636e-10
14.8 9 2.64178e-11
5.2 9.2 3.78478e-11
5.4 9.2 2.47328e-10
5.6 9.2 1.49062e-09
5.8 9.2 8.29534e-09
6 9.2 4.26256e-08
6.2 9.2 2.02242e-07
6.4 9.2 8.85988e-07
6.6 9.2 3.58374e-06
6.8 9.2 1.33842e-05
7 9.2 4.61517e-05
7.2 9.2 0.000146934
7.4 9.2 0.000431905
7.6 9.2 0.00117215
7.8 9.2 0.002937
8 9.2 0.00679432
8.2 9.2 0.0145113
8.4 9.2 0.0286145
8.6 9.2 0.0520928
8.8 9.2 0.0875551
9 9.2 0.135861
9.2 9.2 0.194634
9.4 9.2 0.257423
9.6 9.2 0.314329
9.8 9.2 0.354345
10 9.2 0.368786
10.2 9.2 0.354345
10.4 9.2 0.314329
10.6 9.2 0.257423
10.8 9.2 0.194634
11 9.2 0.135861
11.2 9.2 0.0875551
11.4 9.2 0.0520928
11.6 9.2 0.0286145
11.8 9.2 0.0145113
12 9.2 0.00679432
12.2 9.2 0.002937
12.4 9.2 0.00117215
12.6 9.2 0.000431905
12.8 9.2 0.000146934
13 9.2 4.61517e-05
13.2 9.2 1.33842e-05
13.4 9.2 3.58374e-06
13.6 9.2 8.85988e-07
13.8 9.2 2.02242e-07
14 9.2 4.26256e-08
14.2 9.2 8.29534e-09
14.4 9.2 1.49062e-09
14.6 9.2 2.47328e-10
14.8 9.2 3.78478e-11
5.2 9.4 5.00597e-11
5.4 9.4 3.2713e-10
5.6 9.4 1.97156e-09
5.8 9.4 1.09718e-08
6 9.4 5.63784e-08
6.2 9.4 2.67492e-07
6.4 9.4 1.17184e-06
6.6 9.4 4.73995e-06
6.8 9.4 1.77022e-05
7 9.4 6.10413e-05
7.2 9.4 0.000194337
7.4 9.4 0.000571244
7.6 9.4 0.0015503
7.8 9.4 0.00388451
8 9.4 0.00898625
8.2 9.4 0.0191929
8.4 9.4 0.0378457
8.6 9.4 0.0688983
8.8 9.4 0.115801
9 9.4 0.179691
9.2 9.4 0.257423
9.4 9.4 0.340469
9.6 9.4 0.415733
9.8 9.4 0.468658
10 9.4 0.487757
10.2 9.4 0.468658
10.4 9.4 0.415733
10.6 9.4 0.340469
10.8 9.4 0.257423
11 9.4 0.179691
11.2 9.4 0.115801
11.4 9.4 0.0688983
11.6 9.4 0.0378457
11.8 9.4 0.0191929
12 9.4 0.00898625
12.2 9.4 0.00388451
12.4 9.4 0.0015503
12.6 9.4 0.000571244
12.8 9.4 0.000194337
13 9.4 6.10413e-05
13.2 9.4 1.77022e-05
13.4 9.4 4.73995e-06
13.6 9.4 1.17184e-06
13.8 9.4 2.67492e-07
14 9.4 5.63784e-08
14.2 9.4 1.09718e-08
14.4 9.4 1.97156e-09
14.6 9.4 3.2713e-10
14.8 9.4 5.00597e-11
5.2 9.6 6.11275e-11
5.4 9.6 3.99455e-10
5.6 9.6 2.40745e-09
5.8 9.6 1.33975e-08
6 9.6 6.88425e-08
6.2 9.6 3.26629e-07
6.4 9.6 1.4309e-06
6.6 9.6 5.78783e-06
6.8 9.6 2.16157e-05
7 9.6 7.45357e-05
7.2 9.6 0.000237299
7.4 9.6 0.000697527
7.6 9.6 0.00189302
7.8 9.6 0.00474324
8 9.6 0.0109728
8.2 9.6 0.0234357
8.4 9.6 0.0462119
8.6 9.6 0.084129
8.8 9.6 0.1414
9 9.6 0.219413
9.2 9.6 0.314329
9.4 9.6 0.415733
9.6 9.6 0.507633
9.8 9.6 0.572258
10 9.6 0.595579
10.2 9.6 0.572258
10.4 9.6 0.507633
10.6 9.6 0.415733
10.8 9.6 0.314329
11 9.6 0.219413
11.2 9.6 0.1414
11.4 9.6 0.084129
11.6 9.6 0.0462119
11.8 9.6 0.0234357
12 9.6 0.0109728
12.2 9.6 0.00474324
12.4 9.6 0.00189302
12.6 9.6 0.000697527
12.8 9.6 0.000237299
13 9.6 7.45357e-05
13.2 9.6 2.16157e-05
13.4 9.6 5.78783e-06
13.6 9.6 1.4309e-06
13.8 9.6 3.26629e-07
14 9.6 6.88425e-08
14.2 9.6 1.33975e-08
14.4 9.6 2.40745e-09
14.6 9.6 3.99455e-10
14.8 9.6 6.11275e-11
5.2 9.8 6.89106e-11
5.4 9.8 4.50315e-10
5.6 9.8 2.71397e-09
5.8 9.8 1.51032e-08
6 9.8 7.76075e-08
6.2 9.8 3.68215e-07
6.4 9.8 1.61308e-06
6.6 9.8 6.52471e-06
6.8 9.8 2.43677e-05
7 9.8 8.4025e-05
7.2 9.8 0.00026751
7.4 9.8 0.000786331
7.6 9.8 0.00213402
7.8 9.8 0.0053471
8 9.8 0.0123697
8.2 9.8 0.0264192
8.4 9.8 0.0520951
8.6 9.8 0.0948392
8.8 9.8 0.159401
9 9.8 0.247346
9.2 9.8 0.354345
9.4 9.8 0.468658
9.6 9.8 0.572258
9.8 9.8 0.64511
10 9.8 0.6714
10.2 9.8 0.64511
10.4 9.8 0.572258
10.6 9.8 0.468658
10.8 9.8 0.354345
11 9.8 0.247346
11.2 9.8 0.159401
11.4 9.8 0.0948392
11.6 9.8 0.0520951
11.8 9.8 0.0264192
12 9.8 0.0123697
12.2 9.8 0.0053471
12.4 9.8 0.00213402
12.6 9.8 0.000786331
12.8 9.8 0.00026751
13 9.8 8.4025e-05
13.2 9.8 2.43677e-05
13.4 9.8 6.52471e-06
13.6 9.8 1.61308e-06
13.8 9.8 3.68215e-07
14 9.8 7.76075e-08
14.2 9.8 1.51032e-08
14.4 9.8 2.71397e-09
14.6 9.8 4.50315e-10
14.8 9.8 6.89106e-11
5.2 10 7.17193e-11
5.4 10 4.68669e-10
5.6 10 2.82459e-09
5.8 10 1.57188e-08
6 10 8.07705e-08
6.2 10 3.83221e-07
6.4 10 1.67882e-06
6.6 10 6.79063e-06
6.8 10 2.53608e-05
7 10 8.74494e-05
7.2 10 0.000278412
7.4 10 0.000818377
7.6 10 0.00222099
7.8 10 0.00556501
8 10 0.0128738
8.2 10 0.0274959
8.4 10 0.0542181
8.6 10 0.0987042
8.8 10 0.165897
9 10 0.257426
9.2 10 0.368786
9.4 10 0.487757
9.6 10 0.595579
9.8 10 0.6714
10 10 0.698761
10.2 10 0.6714
10.4 10 0.595579
10.6 10 0.487757
10.8 10 0.368786
11 10 0.257426
11.2 10 0.165897
11.4 10 0.0987042
11.6 10 0.0542181
11.8 10 0.0274959
12 10 0.0128738
12.2 10 0.00556501
12.4 10 0.00222099
12.6 10 0.000818377
12.8 10 0.000278412
13 10 8.74494e-05
13.2 10 2.53608e-05
13.4 10 6.79063e-06
13.6 10 1.67882e-06
13.8 10 3.83221e-07
14 10 8.07705e-08
14.2 10 1.57188e-08
14.4 10 2.82459e-09
14.6 10 4.68669e-10
14.8 10 7.17193e-11
5.2 10.2 6.89106e-11
5.4 10.2 4.50315e-10
5.6 10.2 2.71397e-09
5.8 10.2 1.51032e-08
6 10.2 7.76075e-08
6.2 10.2 3.68215e-07
6.4 10.2 1.61308e-06
6.6 10.2 6.52471e-06
6.8 10.2 2.43677e-05
7 10.2 8.4025e-05
7.2 10.2 0.00026751
7.4 10.2 0.000786331
7.6 10.2 0.00213402
7.8 10.2 0.0053471
8 10.2 0.0123697
8.2 10.2 0.0264192
8.4 10.2 0.0520951
8.6 10.2 0.0948392
8.8 10.2 0.159401
9 10.2 0.247346
9.2 10.2 0.354345
9.4 10.2 0.468658
9.6 10.2 0.572258
9.8 10.2 0.64511
10 10.2 0.6714
10.2 10.2 0.64511
10.4 10.2 0.572258
10.6 10.2 0.468658
10.8 10.2 0.354345
11 10.2 0.247346
11.2 10.2 0.159401
11.4 10.2 0.0948392
11.6 10.2 0.0520951
11.8 10.2 0.0264192
12 10.2 0.0123697
12.2 10.2 0.0053471
12.4 10.2 0.00213402
12.6 10.2 0.000786331
12.8 10.2 0.00026751
13 10.2 8.4025e-05
13.2 10.2 2.43677e-05
13.4 10.2 6.52471e-06
13.6 10.2 1.61308e-06
13.8 10.2 3.68215e-07
14 10.2 7.76075e-08
14.2 10.2 1.51032e-08
14.4 10.2 2.71397e-09
14.6 10.2 4.50315e-10
14.8 10.2 6.89106e-11
5.2 10.4 6.11275e-11
5.4 10.4 3.99455e-10
5.6 10.4 2.40745e-09
5.8 10.4 1.33975e-08
6 10.4 6.88425e-08
6.2 10.4 3.26629e-07
6.4 10.4 1.4309e-06
6.6 10.4 5.78783e-06
6.8 10.4 2.16157e-05
7 10.4 7.45357e-05
7.2 10.4 0.000237299
7.4 10.4 0.000697527
7.6 10.4 0.00189302
7.8 10.4 0.00474324
8 10.4 0.0109728
8.2 10.4 0.0234357
8.4 10.4 0.0462119
8.6 10.4 0.084129
8.8 10.4 0.1414
9 10.4 0.219413
9.2 10.4 0.314329
9.4 10.4 0.415733
9.6 10.4 0.507633
9.8 10.4 0.572258
10 10.4 0.595579
10.2 10.4 0.572258
10.4 10.4 0.507633
10.6 10.4 0.415733
10.8 10.4 0.314329
11 10.4 0.219413
11.2 10.4 0.1414
11.4 10.4 0.084129
11.6 10.4 0.0462119
11.8 10.4 0.0234357
12 10.4 0.0109728
12.2 10.4 0.00474324
12.4 10.4 0.00189302
12.6 10.4 0.000697527
12.8 10.4 0.000237299
13 10.4 7.45357e-05
13.2 10.4 2.16157e-05
13.4 10.4 5.78783e-06
13.6 10.4 1.4309e-06
13.8 10.4 3.26629e-07
14 10.4 6.88425e-08
14.2 10.4 1.33975e-08
14.4 10.4 2.40745e-09
14.6 10.4 3.99455e-10
14.8 10.4 6.11275e-11
5.2 10.6 5.00597e-11
5.4 10.6 3.2713e-10
5.6 10.6 1.97156e-09
5.8 10.6 1.09718e-08
6 10.6 5.63784e-08
6.2 10.6 2.67492e-07
6.4 10.6 1.17184e-06
6.6 10.6 4.73995e-06
6.8 10.6 1.77022e-05
7 10.6 6.10413e-05
7.2 10.6 0.000194337
7.4 10.6 0.000571244
7.6 10.6 0.0015503
7.8 10.6 0.00388451
8 10.6 0.00898625
8.2 10.6 0.0191929
8.4 10.6 0.0378457
8.6 10.6 0.0688983
8.8 10.6 0.115801
9 10.6 0.179691
9.2 10.6 0.257423
9.4 10.6 0.340469
9.6 10.6 0.415733
9.8 10.6 0.468658
10 10.6 0.487757
10.2 10.6 0.468658
10.4 10.6 0.415733
10.6 10.6 0.340469
10.8 10.6 0.257423
11 10.6 0.179691
11.2 10.6 0.115801
11.4 10.6 0.0688983
11.6 10.6 0.0378457
11.8 10.6 0.0191929
12 10.6 0.00898625
12.2 10.6 0.00388451
12.4 10.6 0.0015503
12.6 10.6 0.000571244
12.8 10.6 0.000194337
13 10.6 6.10413e-05
13.2 10.6 1.77022e-05
13.4 10.6 4.73995e-06
13.6 10.6 1.17184e-06
13.8 10.6 2.67492e-07
14 10.6 5.63784e-08
14.2 10.6 1.09718e-08
14.4 10.6 1.97156e-09
14.6 10.6 3.2713e-10
14.8 10.6 5.00597e-11
5.2 10.8 3.78478e-11
5.4 10.8 2.47328e-10
5.6 10.8 1.49062e-09
5.8 10.8 8.29534e-09
6 10.8 4.26256e-08
6.2 10.8 2.02242e-07
6.4 10.8 8.85988e-07
6.6 10.8 3.58374e-06
6.8 10.8 1.33842e-05
7 10.8 4.61517e-05
7.2 10.8 0.000146934
7.4 10.8 0.000431905
7.6 10.8 0.00117215
7.8 10.8 0.002937
8 10.8 0.00679432
8.2 10.8 0.0145113
8.4 10.8 0.0286145
8.6 10.8 0.0520928
8.8 10.8 0.0875551
9 10.8 0.135861
9.2 10.8 0.194634
9.4 10.8 0.257423
9.6 10.8 0.314329
9.8 10.8 0.354345
10 10.8 0.368786
10.2 10.8 0.354345
10.4 10.8 0.314329
10.6 10.8 0.257423
10.8 10.8 0.194634
11 10.8 0.135861
11.2 10.8 0.0875551
11.4 10.8 0.0520928
11.6 10.8 0.0286145
11.8 10.8 0.0145113
12 10.8 0.00679432
12.2 10.8 0.002937
12.4 10.8 0.00117215
12.6 10.8 0.000431905
12.8 10.8 0.000146934
13 10.8 4.61517e-05
13.2 10.8 1.33842e-05
13.4 10.8 3.58374e-06
13.6 10.8 8.85988e-07
13.8 10.8 2.02242e-07
14 10.8 4.26256e-08
14.2 10.8 8.29534e-09
14.4 10.8 1.49062e-09
14.6 10.8 2.47328e-10
14.8 10.8 3.78478e-11
5.2 11 2.64178e-11
5.4 11 1.72636e-10
5.6 11 1.04046e-09
5.8 11 5.79022e-09
6 11 2.97532e-08
6.2 11 1.41168e-07
6.4 11 6.18434e-07
6.6 11 2.50152e-06
6.8 11 9.34243e-06
7 11 3.2215e-05
7.2 11 0.000102563
7.4 11 0.000301481
7.6 11 0.000818193
7.8 11 0.00205011
8 11 0.00474265
8.2 11 0.0101294
8.4 11 0.0199738
8.6 11 0.0363625
8.8 11 0.0611165
9 11 0.0948359
9.2 11 0.135861
9.4 11 0.179691
9.6 11 0.219413
9.8 11 0.247346
10 11 0.257426
10.2 11 0.247346
10.4 11 0.219413
10.6 11 0.179691
10.8 11 0.135861
11 11 0.0948359
11.2 11 0.0611165
11.4 11 0.0363625
11.6 11 0.0199738
11.8 11 0.0101294
12 11 0.00474265
12.2 11 0.00205011
12.4 11 0.000818193
12.6 11 0.000301481
12.8 11 0.000102563
13 11 3.2215e-05
13.2 11 9.34243e-06
13.4 11 2.50152e-06
13.6 11 6.18434e-07
13.8 11 1.41168e-07
14 11 2.97532e-08
14.2 11 5.79022e-09
14.4 11 1.04046e-09
14.6 11 1.72636e-10
14.8 11 2.64178e-11
5.2 11.2 1.70237e-11
5.4 11.2 1.11248e-10
5.6 11.2 6.70483e-10
5.8 11.2 3.7313e-09
6 11.2 1.91735e-08
6.2 11.2 9.09714e-08
6.4 11.2 3.98534e-07
6.6 11.2 1.61204e-06
6.8 11.2 6.02053e-06
7 11.2 2.07603e-05
7.2 11.2 6.60953e-05
7.4 11.2 0.000194285
7.6 11.2 0.000527274
7.8 11.2 0.00132117
8 11.2 0.00305635
8.2 11.2 0.00652779
8.4 11.2 0.012872
8.6 11.2 0.0234336
8.8 11.2 0.0393862
9 11.2 0.0611165
9.2 11.2 0.0875551
9.4 11.2 0.115801
9.6 11.2 0.1414
9.8 11.2 0.159401
10 11.2 0.165897
10.2 11.2 0.159401
10.4 11.2 0.1414
10.6 11.2 0.115801
10.8 11.2 0.0875551
11 11.2 0.0611165
11.2 11.2 0.0393862
11.4 11.2 0.0234336
11.6 11.2 0.012872
11.8 11.2 0.00652779
12 11.2 0.00305635
12.2 11.2 0.00132117
12.4 11.2 0.000527274
12.6 11.2 0.000194285
12.8 11.2 6.60953e-05
13 11.2 2.07603e-05
13.2 11.2 6.02053e-06
13.4 11.2 1.61204e-06
13.6 11.2 3.98534e-07
13.8 11.2 9.09714e-08
14 11.2 1.91735e-08
14.2 11.2 3.7313e-09
14.4 11.2 6.70483e-10
14.6 11.2 1.11248e-10
14.8 11.2 1.70237e-11
5.2 11.4 1.01279e-11
5.4 11.4 6.61845e-11
5.6 11.4 3.98893e-10
5.8 11.4 2.21989e-09
6 11.4 1.14071e-08
6.2 11.4 5.4123e-08
6.4 11.4 2.37107e-07
6.6 11.4 9.59088e-07
6.8 11.4 3.58194e-06
7 11.4 1.23515e-05
7.2 11.4 3.93239e-05
7.4 11.4 0.000115592
7.6 11.4 0.000313708
7.8 11.4 0.000786049
8 11.4 0.00181842
8.2 11.4 0.00388382
8.4 11.4 0.00765842
8.6 11.4 0.0139423
8.8 11.4 0.0234336
9 11.4 0.0363625
9.2 11.4 0.0520928
9.4 11.4 0.0688983
9.6 11.4 0.084129
9.8 11.4 0.0948392
10 11.4 0.0987042
10.2 11.4 0.0948392
10.4 11.4 0.084129
10.6 11.4 0.0688983
10.8 11.4 0.0520928
11 11.4 0.0363625
11.2 11.4 0.0234336
11.4 11.4 0.0139423
11.6 11.4 0.00765842
11.8 11.4 0.00388382
12 11.4 0.00181842
12.2 11.4 0.000786049
12.4 11.4 0.000313708
12.6 11.4 0.000115592
12.8 11.4 3.93239e-05
13 11.4 1.23515e-05
13.2 11.4 3.58194e-06
13.4 11.4 9.59088e-07
13.6 11.4 2.37107e-07
13.8 11.4 5.4123e-08
14 11.4 1.14071e-08
14.2 11.4 2.21989e-09
14.4 11.4 3.98893e-10
14.6 11.4 6.61845e-11
14.8 11.4 1.01279e-11
5.2 11.6 5.56272e-12
5.4 11.6 3.6352e-11
5.6 11.6 2.19095e-10
5.8 11.6 1.2193e-09
6 11.6 6.26553e-09
6.2 11.6 2.97281e-08
6.4 11.6 1.30236e-07
6.6 11.6 5.26804e-07
6.8 11.6 1.96748e-06
7 11.6 6.78444e-06
7.2 11.6 2.16e-05
7.4 11.6 6.3493e-05
7.6 11.6 0.000172316
7.8 11.6 0.000431769
8 11.6 0.000998845
8.2 11.6 0.00213336
8.4 11.6 0.00420673
8.6 11.6 0.00765842
8.8 11.6 0.012872
9 11.6 0.0199738
9.2 11.6 0.0286145
9.4 11.6 0.0378457
9.6 11.6 0.0462119
9.8 11.6 0.0520951
10 11.6 0.0542181
10.2 11.6 0.0520951
10.4 11.6 0.0462119
10.6 11.6 0.0378457
10.8 11.6 0.0286145
11 11.6 0.0199738
11.2 11.6 0.012872
11.4 11.6 0.00765842
11.6 11.6 0.00420673
11.8 11.6 0.00213336
12 11.6 0.000998845
12.2 11.6 0.000431769
12.4 11.6 0.000172316
12.6 11.6 6.3493e-05
12.8 11.6 2.16e-05
13 11.6 6.78444e-06
13.2 11.6 1.96748e-06
13.4 11.6 5.26804e-07
13.6 11.6 1.30236e-07
13.8 11.6 2.97281e-08
14 11.6 6.26553e-09
14.2 11.6 1.2193e-09
14.4 11.6 2.19095e-10
14.6 11.6 3.6352e-11
14.8 11.6 5.56272e-12
5.2 11.8 2.82075e-12
5.4 11.8 1.84336e-11
5.6 11.8 1.11101e-10
5.8 11.8 6.18301e-10
6 11.8 3.17724e-09
6.2 11.8 1.50752e-08
6.4 11.8 6.60437e-08
6.6 11.8 2.67147e-07
6.8 11.8 9.97736e-07
7 11.8 3.4405e-06
7.2 11.8 1.09538e-05
7.4 11.8 3.21986e-05
7.6 11.8 8.73855e-05
7.8 11.8 0.000218961
8 11.8 0.000506541
8.2 11.8 0.00108188
8.4 11.8 0.00213336
8.6 11.8 0.00388382
8.8 11.8 0.00652779
9 11.8 0.0101294
9.2 11.8 0.0145113
9.4 11.8 0.0191929
9.6 11.8 0.0234357
9.8 11.8 0.0264192
10 11.8 0.0274959
10.2 11.8 0.0264192
10.4 11.8 0.0234357
10.6 11.8 0.0191929
10.8 11.8 0.0145113
11 11.8 0.0101294
11.2 11.8 0.00652779
11.4 11.8 0.00388382
11.6 11.8 0.00213336
11.8 11.8 0.00108188
12 11.8 0.000506541
12.2 11.8 0.000218961
12.4 11.8 8.73855e-05
12.6 11.8 3.21986e-05
12.8 11.8 1.09538e-05
13 11.8 3.4405e-06
13.2 11.8 9.97736e-07
13.4 11.8 2.67147e-07
13.6 11.8 6.60437e-08
13.8 11.8 1.50752e-08
14 11.8 3.17724e-09
14.2 11.8 6.18301e-10
14.4 11.8 1.11101e-10
14.6 11.8 1.84336e-11
14.8 11.8 2.82075e-12
5.2 12 1.32054e-12
5.4 12 8.62982e-12
5.6 12 5.20132e-11
5.8 12 2.89468e-10
6 12 1.48749e-09
6.2 12 7.05784e-09
6.4 12 3.09203e-08
6.6 12 1.25074e-07
6.8 12 4.67126e-07
7 12 1.6108e-06
7.2 12 5.12846e-06
7.4 12 1.50752e-05
7.6 12 4.09136e-05
7.8 12 0.000102517
8 12 0.000237163
8.2 12 0.000506541
8.4 12 0.000998845
8.6 12 0.00181842
8.8 12 0.00305635
9 12 0.00474265
9.2 12 0.00679432
9.4 12 0.00898625
9.6 12 0.0109728
9.8 12 0.0123697
10 12 0.0128738
10.2 12 0.0123697
10.4 12 0.0109728
10.6 12 0.00898625
10.8 12 0.00679432
11 12 0.00474265
11.2 12 0.00305635
11.4 12 0.00181842
11.6 12 0.000998845
11.8 12 0.000506541
12 12 0.000237163
12.2 12 0.000102517
12.4 12 4.09136e-05
12.6 12 1.50752e-05
12.8 12 5.12846e-06
13 12 1.6108e-06
13.2 12 4.67126e-07
13.4 12 1.25074e-07
13.6 12 3.09203e-08
13.8 12 7.05784e-09
14 12 1.48749e-09
14.2 12 2.89468e-10
14.4 12 5.20132e-11
14.6 12 8.62982e-12
14.8 12 1.32054e-12
5.2 12.2 5.70761e-13
5.4 12.2 3.72998e-12
5.6 12.2 2.24815e-11
5.8 12.2 1.25117e-10
6 12.2 6.42947e-10
6.2 12.2 3.05068e-09
6.4 12.2 1.33651e-08
6.6 12.2 5.40628e-08
6.8 12.2 2.01915e-07
7 12.2 6.96275e-07
7.2 12.2 2.21681e-06
7.4 12.2 6.51639e-06
7.6 12.2 1.76854e-05
7.8 12.2 4.43144e-05
8 12.2 0.000102517
8.2 12.2 0.000218961
8.4 12.2 0.000431769
8.6 12.2 0.000786049
8.8 12.2 0.00132117
9 12.2 0.00205011
9.2 12.2 0.002937
9.4 12.2 0.00388451
9.6 12.2 0.00474324
9.8 12.2 0.0053471
10 12.2 0.00556501
10.2 12.2 0.0053471
10.4 12.2 0.00474324
10.6 12.2 0.00388451
10.8 12.2 0.002937
11 12.2 0.00205011
11.2 12.2 0.00132117
11.4 12.2 0.000786049
11.6 12.2 0.000431769
11.8 12.2 0.000218961
12 12.2 0.000102517
12.2 12.2 4.43144e-05
12.4 12.2 1.76854e-05
12.6 12.2 6.51639e-06
12.8 12.2 2.21681e-06
13 12.2 6.96275e-07
13.2 12.2 2.01915e-07
13.4 12.2 5.40628e-08
13.6 12.2 1.33651e-08
13.8 12.2 3.05068e-09
14 12.2 6.42947e-10
14.2 12.2 1.25117e-10
14.4 12.2 2.24815e-11
14.6 12.2 3.72998e-12
14.8 12.2 5.70761e-13
5.2 12.4 2.27757e-13
5.4 12.4 1.48843e-12
5.6 12.4 8.97122e-12
5.8 12.4 4.99285e-11
6 12.4 2.56574e-10
6.2 12.4 1.21741e-09
6.4 12.4 5.33358e-09
6.6 12.4 2.15749e-08
6.8 12.4 8.05794e-08
7 12.4 2.77868e-07
7.2 12.4 8.84687e-07
7.4 12.4 2.60059e-06
7.6 12.4 7.05798e-06
7.8 12.4 1.76854e-05
8 12.4 4.09136e-05
8.2 12.4 8.73855e-05
8.4 12.4 0.000172316
8.6 12.4 0.000313708
8.8 12.4 0.000527274
9 12.4 0.000818193
9.2 12.4 0.00117215
9.4 12.4 0.0015503
9.6 12.4 0.00189302
9.8 12.4 0.00213402
10 12.4 0.00222099
10.2 12.4 0.00213402
10.4 12.4 0.00189302
10.6 12.4 0.0015503
10.8 12.4 0.00117215
11 12.4 0.000818193
11.2 12.4 0.000527274
11.4 12.4 0.000313708
11.6 12.4 0.000172316
11.8 12.4 8.73855e-05
12 12.4 4.09136e-05
12.2 12.4 1.76854e-05
12.4 12.4 7.05798e-06
12.6 12.4 2.60059e-06
12.8 12.4 8.84687e-07
13 12.4 2.77868e-07
13.2 12.4 8.05794e-08
13.4 12.4 2.15749e-08
13.6 12.4 5.33358e-09
13.8 12.4 1.21741e-09
14 12.4 2.56574e-10
14.2 12.4 4.99285e-11
14.4 12.4 8.97122e-12
14.6 12.4 1.48843e-12
14.8 12.4 2.27757e-13
5.2 12.6 8.39085e-14
5.4 12.6 5.48363e-13
5.6 12.6 3.3052e-12
5.8 12.6 1.83951e-11
6 12.6 9.45304e-11
6.2 12.6 4.48541e-10
6.4 12.6 1.96511e-09
6.6 12.6 7.94918e-09
6.8 12.6 2.96894e-08
7 12.6 1.02381e-07
7.2 12.6 3.25968e-07
7.4 12.6 9.58207e-07
7.6 12.6 2.60059e-06
7.8 12.6 6.51639e-06
8 12.6 1.50752e-05
8.2 12.6 3.21986e-05
8.4 12.6 6.3493e-05
8.6 12.6 0.000115592
8.8 12.6 0.000194285
9 12.6 0.000301481
9.2 12.6 0.000431905
9.4 12.6 0.000571244
9.6 12.6 0.000697527
9.8 12.6 0.000786331
10 12.6 0.000818377
10.2 12.6 0.000786331
10.4 12.6 0.000697527
10.6 12.6 0.000571244
10.8 12.6 0.000431905
11 12.6 0.000301481
11.2 12.6 0.000194285
11.4 12.6 0.000115592
11.6 12.6 6.3493e-05
11.8 12.6 3.21986e-05
12 12.6 1.50752e-05
12.2 12.6 6.51639e-06
12.4 12.6 2.60059e-06
12.6 12.6 9.58207e-07
12.8 12.6 3.25968e-07
13 12.6 1.02381e-07
13.2 12.6 2.96894e-08
13.4 12.6 7.94918e-09
13.6 12.6 1.96511e-09
13.8 12.6 4.48541e-10
14 12.6 9.45304e-11
14.2 12.6 1.83951e-11
14.4 12.6 3.3052e-12
14.6 12.6 5.48363e-13
14.8 12.6 8.39085e-14
5.2 12.8 2.85406e-14
5.4 12.8 1.86522e-13
5.6 12.8 1.12426e-12
5.8 12.8 6.25717e-12
6 12.8 3.21554e-11
6.2 12.8 1.52578e-10
6.4 12.8 6.68469e-10
6.6 12.8 2.70409e-09
6.8 12.8 1.00996e-08
7 12.8 3.4828e-08
7.2 12.8 1.10888e-07
7.4 12.8 3.25968e-07
7.6 12.8 8.84687e-07
7.8 12.8 2.21681e-06
8 12.8 5.12846e-06
8.2 12.8 1.09538e-05
8.4 12.8 2.16e-05
8.6 12.8 3.93239e-05
8.8 12.8 6.60953e-05
9 12.8 0.000102563
9.2 12.8 0.000146934
9.4 12.8 0.000194337
9.6 12.8 0.000237299
9.8 12.8 0.00026751
10 12.8 0.000278412
10.2 12.8 0.00026751
10.4 12.8 0.000237299
10.6 12.8 0.000194337
10.8 12.8 0.000146934
11 12.8 0.000102563
11.2 12.8 6.60953e-05
11.4 12.8 3.93239e-05
11.6 12.8 2.16e-05
11.8 12.8 1.09538e-05
12 12.8 5.12846e-06
12.2 12.8 2.21681e-06
12.4 12.8 8.84687e-07
12.6 12.8 3.25968e-07
12.8 12.8 1.10888e-07
13 12.8 3.4828e-08
13.2 12.8 1.00996e-08
13.4 12.8 2.70409e-09
13.6 12.8 6.68469e-10
13.8 12.8 1.52578e-10
14 12.8 3.21554e-11
14.2 12.8 6.25717e-12
14.4 12.8 1.12426e-12
14.6 12.8 1.86522e-13
14.8 12.8 2.85406e-14
5.2 13 8.96284e-15
5.4 13 5.85759e-14
5.6 13 3.53073e-13
5.8 13 1.96509e-12
6 13 1.00987e-11
6.2 13 4.7919e-11
6.4 13 2.09944e-10
6.6 13 8.49278e-10
6.8 13 3.17204e-09
7 13 1.09387e-08
7.2 13 3.4828e-08
7.4 13 1.02381e-07
7.6 13 2.77868e-07
7.8 13 6.96275e-07
8 13 1.6108e-06
8.2 13 3.4405e-06
8.4 13 6.78444e-06
8.6 13 1.23515e-05
8.8 13 2.07603e-05
9 13 3.2215e-05
9.2 13 4.61517e-05
9.4 13 6.10413e-05
9.6 13 7.45357e-05
9.8 13 8.4025e-05
10 13 8.74494e-05
10.2 13 8.4025e-05
10.4 13 7.45357e-05
10.6 13 6.10413e-05
10.8 13 4.61517e-05
11 13 3.2215e-05
11.2 13 2.07603e-05
11.4 13 1.23515e-05
11.6 13 6.78444e-06
11.8 13 3.4405e-06
12 13 1.6108e-06
12.2 13 6.96275e-07
12.4 13 2.77868e-07
12.6 13 1.02381e-07
12.8 13 3.4828e-08
13 13 1.09387e-08
13.2 13 3.17204e-09
13.4 13 8.49278e-10
13.6 13 2.09944e-10
13.8 13 4.7919e-11
14 13 1.00987e-11
14.2 13 1.96509e-12
14.4 13 3.53073e-13
14.6 13 5.85759e-14
14.8 13 8.96284e-15
5.2 13.2 2.59871e-15
5.4 13.2 1.69839e-14
5.6 13.2 1.02374e-13
5.8 13.2 5.69793e-13
6 13.2 2.92825e-12
6.2 13.2 1.3895e-11
6.4 13.2 6.0878e-11
6.6 13.2 2.4627e-10
6.8 13.2 9.19826e-10
7 13.2 3.17204e-09
7.2 13.2 1.00996e-08
7.4 13.2 2.96894e-08
7.6 13.2 8.05794e-08
7.8 13.2 2.01915e-07
8 13.2 4.67126e-07
8.2 13.2 9.97736e-07
8.4 13.2 1.96748e-06
8.6 13.2 3.58194e-06
8.8 13.2 6.02053e-06
9 13.2 9.34243e-06
9.2 13.2 1.33842e-05
9.4 13.2 1.77022e-05
9.6 13.2 2.16157e-05
9.8 13.2 2.43677e-05
10 13.2 2.53608e-05
10.2 13.2 2.43677e-05
10.4 13.2 2.16157e-05
10.6 13.2 1.77022e-05
10.8 13.2 1.33842e-05
11 13.2 9.34243e-06
11.2 13.2 6.02053e-06
11.4 13.2 3.58194e-06
11.6 13.2 1.96748e-06
11.8 13.2 9.97736e-07
12 13.2 4.67126e-07
12.2 13.2 2.01915e-07
12.4 13.2 8.05794e-08
12.6 13.2 2.96894e-08
12.8 13.2 1.00996e-08
13 13.2 3.17204e-09
13.2 13.2 9.19826e-10
13.4 13.2 2.4627e-10
13.6 13.2 6.0878e-11
13.8 13.2 1.3895e-11
14 13.2 2.92825e-12
14.2 13.2 5.69793e-13
14.4 13.2 1.02374e-13
14.6 13.2 1.69839e-14
14.8 13.2 2.59871e-15
5.2 13.4 6.95669e-16
5.4 13.4 4.54663e-15
5.6 13.4 2.74065e-14
5.8 13.4 1.52541e-13
6 13.4 7.83946e-13
6.2 13.4 3.72001e-12
6.4 13.4 1.62987e-11
6.6 13.4 6.59343e-11
6.8 13.4 2.4627e-10
7 13.4 8.49278e-10
7.2 13.4 2.70409e-09
7.4 13.4 7.94918e-09
7.6 13.4 2.15749e-08
7.8 13.4 5.40628e-08
8 13.4 1.25074e-07
8.2 13.4 2.67147e-07
8.4 13.4 5.26804e-07
8.6 13.4 9.59088e-07
8.8 13.4 1.61204e-06
9 13.4 2.50152e-06
9.2 13.4 3.58374e-06
9.4 13.4 4.73995e-06
9.6 13.4 5.78783e-06
9.8 13.4 6.52471e-06
10 13.4 6.79063e-06
10.2 13.4 6.52471e-06
10.4 13.4 5.78783e-06
10.6 13.4 4.73995e-06
10.8 13.4 3.58374e-06
11 13.4 2.50152e-06
11.2 13.4 1.61204e-06
11.4 13.4 9.59088e-07
11.6 13.4 5.26804e-07
11.8 13.4 2.67147e-07
12 13.4 1.25074e-07
12.2 13.4 5.40628e-08
12.4 13.4 2.15749e-08
12.6 13.4 7.94918e-09
12.8 13.4 2.70409e-09
13 13.4 8.49278e-10
13.2 13.4 2.4627e-10
13.4 13.4 6.59343e-11
13.6 13.4 1.62987e-11
13.8 13.4 3.72001e-12
14 13.4 7.83946e-13
14.2 13.4 1.52541e-13
14.4 13.4 2.74065e-14
14.6 13.4 4.54663e-15
14.8 13.4 6.95669e-16
5.2 13.6 1.71944e-16
5.4 13.6 1.12378e-15
5.6 13.6 6.77414e-15
5.8 13.6 3.77049e-14
6 13.6 1.93779e-13
6.2 13.6 9.19541e-13
6.4 13.6 4.02892e-12
6.6 13.6 1.62987e-11
6.8 13.6 6.0878e-11
7 13.6 2.09944e-10
7.2 13.6 6.68469e-10
7.4 13.6 1.96511e-09
7.6 13.6 5.33358e-09
7.8 13.6 1.33651e-08
8 13.6 3.09203e-08
8.2 13.6 6.60437e-08
8.4 13.6 1.30236e-07
8.6 13.6 2.37107e-07
8.8 13.6 3.98534e-07
9 13.6 6.18434e-07
9.2 13.6 8.85988e-07
9.4 13.6 1.17184e-06
9.6 13.6 1.4309e-06
9.8 13.6 1.61308e-06
10 13.6 1.67882e-06
10.2 13.6 1.61308e-06
10.4 13.6 1.4309e-06
10.6 13.6 1.17184e-06
10.8 13.6 8.85988e-07
11 13.6 6.18434e-07
11.2 13.6 3.98534e-07
11.4 13.6 2.37107e-07
11.6 13.6 1.30236e-07
11.8 13.6 6.60437e-08
12 13.6 3.09203e-08
12.2 13.6 1.33651e-08
12.4 13.6 5.33358e-09
12.6 13.6 1.96511e-09
12.8 13.6 6.68469e-10
13 13.6 2.09944e-10
13.2 13.6 6.0878e-11
13.4 13.6 1.62987e-11
13.6 13.6 4.02892e-12
13.8 13.6 9.19541e-13
14 13.6 1.93779e-13
14.2 13.6 3.77049e-14
14.4 13.6 6.77414e-15
14.6 13.6 1.12378e-15
14.8 13.6 1.71944e-16
5.2 13.8 3.92384e-17
5.4 13.8 2.56457e-16
5.6 13.8 1.54596e-15
5.8 13.8 8.60505e-15
6 13.8 4.42253e-14
6.2 13.8 2.09868e-13
6.4 13.8 9.19541e-13
6.6 13.8 3.72001e-12
6.8 13.8 1.3895e-11
7 13.8 4.7919e-11
7.2 13.8 1.52578e-10
7.4 13.8 4.48541e-10
7.6 13.8 1.21741e-09
7.8 13.8 3.05068e-09
8 13.8 7.05784e-09
8.2 13.8 1.50752e-08
8.4 13.8 2.97281e-08
8.6 13.8 5.4123e-08
8.8 13.8 9.09714e-08
9 13.8 1.41168e-07
9.2 13.8 2.02242e-07
9.4 13.8 2.67492e-07
9.6 13.8 3.26629e-07
9.8 13.8 3.68215e-07
10 13.8 3.83221e-07
10.2 13.8 3.68215e-07
10.4 13.8 3.26629e-07
10.6 13.8 2.67492e-07
10.8 13.8 2.02242e-07
11 13.8 1.41168e-07
11.2 13.8 9.09714e-08
11.4 13.8 5.4123e-08
11.6 13.8 2.97281e-08
11.8 13.8 1.50752e-08
12 13.8 7.05784e-09
12.2 13.8 3.05068e-09
12.4 13.8 1.21741e-09
12.6 13.8 4.48541e-10
12.8 13.8 1.52578e-10
13 13.8 4.7919e-11
13.2 13.8 1.3895e-11
13.4 13.8 3.72001e-12
13.6 13.8 9.19541e-13
13.8 13.8 2.09868e-13
14 13.8 4.42253e-14
14.2 13.8 8.60505e-15
14.4 13.8 1.54596e-15
14.6 13.8 2.56457e-16
14.8 13.8 3.92384e-17
5.2 14 8.26771e-18
5.4 14 5.40377e-17
5.6 14 3.25757e-16
5.8 14 1.81326e-15
6 14 9.31938e-15
6.2 14 4.42253e-14
6.4 14 1.93779e-13
6.6 14 7.83946e-13
6.8 14 2.92825e-12
7 14 1.00987e-11
7.2 14 3.21554e-11
7.4 14 9.45304e-11
7.6 14 2.56574e-10
7.8 14 6.42947e-10
8 14 1.48749e-09
8.2 14 3.17724e-09
8.4 14 6.26553e-09
8.6 14 1.14071e-08
8.8 14 1.91735e-08
9 14 2.97532e-08
9.2 14 4.26256e-08
9.4 14 5.63784e-08
9.6 14 6.88425e-08
9.8 14 7.76075e-08
10 14 8.07705e-08
10.2 14 7.76075e-08
10.4 14 6.88425e-08
10.6 14 5.63784e-08
10.8 14 4.26256e-08
11 14 2.97532e-08
11.2 14 1.91735e-08
11.4 14 1.14071e-08
11.6 14 6.26553e-09
11.8 14 3.17724e-09
12 14 1.48749e-09
12.2 14 6.42947e-10
12.4 14 2.56574e-10
12.6 14 9.45304e-11
12.8 14 3.21554e-11
13 14 1.00987e-11
13.2 14 2.92825e-12
13.4 14 7.83946e-13
13.6 14 1.93779e-13
13.8 14 4.42253e-14
14 14 9.31938e-15
14.2 14 1.81326e-15
14.4 14 3.25757e-16
14.6 14 5.40377e-17
14.8 14 8.26771e-18
5.2 14.2 1.60847e-18
5.4 14.2 1.05132e-17
5.6 14.2 6.33786e-17
5.8 14.2 3.52793e-16
6 14.2 1.81326e-15
6.2 14.2 8.60505e-15
6.4 14.2 3.77049e-14
6.6 14.2 1.52541e-13
6.8 14.2 5.69793e-13
7 14.2 1.96509e-12
7.2 14.2 6.25717e-12
7.4 14.2 1.83951e-11
7.6 14.2 4.99285e-11
7.8 14.2 1.25117e-10
8 14.2 2.89468e-10
8.2 14.2 6.18301e-10
8.4 14.2 1.2193e-09
8.6 14.2 2.21989e-09
8.8 14.2 3.7313e-09
9 14.2 5.79022e-09
9.2 14.2 8.29534e-09
9.4 14.2 1.09718e-08
9.6 14.2 1.33975e-08
9.8 14.2 1.51032e-08
10 14.2 1.57188e-08
10.2 14.2 1.51032e-08
10.4 14.2 1.33975e-08
10.6 14.2 1.09718e-08
10.8 14.2 8.29534e-09
11 14.2 5.79022e-09
11.2 14.2 3.7313e-09
11.4 14.2 2.21989e-09
11.6 14.2 1.2193e-09
11.8 14.2 6.18301e-10
12 14.2 2.89468e-10
12.2 14.2 1.25117e-10
12.4 14.2 4.99285e-11
12.6 14.2 1.83951e-11
12.8 14.2 6.25717e-12
13 14.2 1.96509e-12
13.2 14.2 5.69793e-13
13.4 14.2 1.52541e-13
13.6 14.2 3.77049e-14
13.8 14.2 8.60505e-15
14 14.2 1.81326e-15
14.2 14.2 3.52793e-16
14.4 14.2 6.33786e-17
14.6 14.2 1.05132e-17
14.8 14.2 1.60847e-18
5.2 14.4 2.88933e-19
5.4 14.4 1.88855e-18
5.6 14.4 1.13855e-17
5.8 14.4 6.33786e-17
6 14.4 3.25757e-16
6.2 14.4 1.54596e-15
6.4 14.4 6.77414e-15
6.6 14.4 2.74065e-14
6.8 14.4 1.02374e-13
7 14.4 3.53073e-13
7.2 14.4 1.12426e-12
7.4 14.4 3.3052e-12
7.6 14.4 8.97122e-12
7.8 14.4 2.24815e-11
8 14.4 5.20132e-11
8.2 14.4 1.11101e-10
8.4 14.4 2.19095e-10
8.6 14.4 3.98893e-10
8.8 14.4 6.70483e-10
9 14.4 1.04046e-09
9.2 14.4 1.49062e-09
9.4 14.4 1.97156e-09
9.6 14.4 2.40745e-09
9.8 14.4 2.71397e-09
10 14.4 2.82459e-09
10.2 14.4 2.71397e-09
10.4 14.4 2.40745e-09
10.6 14.4 1.97156e-09
10.8 14.4 1.49062e-09
11 14.4 1.04046e-09
11.2 14.4 6.70483e-10
11.4 14.4 3.98893e-10
11.6 14.4 2.19095e-10
11.8 14.4 1.11101e-10
12 14.4 5.20132e-11
12.2 14.4 2.24815e-11
12.4 14.4 8.97122e-12
12.6 14.4 3.3052e-12
12.8 14.4 1.12426e-12
13 14.4 3.53073e-13
13.2 14.4 1.02374e-13
13.4 14.4 2.74065e-14
13.6 14.4 6.77414e-15
13.8 14.4 1.54596e-15
14 14.4 3.25757e-16
14.2 14.4 6.33786e-17
14.4 14.4 1.13855e-17
14.6 14.4 1.88855e-18
14.8 14.4 2.88933e-19
5.2 14.6 4.79234e-20
5.4 14.6 3.13249e-19
5.6 14.6 1.88855e-18
5.8 14.6 1.05132e-17
6 14.6 5.40377e-17
6.2 14.6 2.56457e-16
6.4 14.6 1.12378e-15
6.6 14.6 4.54663e-15
6.8 14.6 1.69839e-14
7 14.6 5.85759e-14
7.2 14.6 1.86522e-13
7.4 14.6 5.48363e-13
7.6 14.6 1.48843e-12
7.8 14.6 3.72998e-12
8 14.6 8.62982e-12
8.2 14.6 1.84336e-11
8.4 14.6 3.6352e-11
8.6 14.6 6.61845e-11
8.8 14.6 1.11248e-10
9 14.6 1.72636e-10
9.2 14.6 2.47328e-10
9.4 14.6 3.2713e-10
9.6 14.6 3.99455e-10
9.8 14.6 4.50315e-10
10 14.6 4.68669e-10
10.2 14.6 4.50315e-10
10.4 14.6 3.99455e-10
10.6 14.6 3.2713e-10
10.8 14.6 2.47328e-10
11 14.6 1.72636e-10
11.2 14.6 1.11248e-10
11.4 14.6 6.61845e-11
11.6 14.6 3.6352e-11
11.8 14.6 1.84336e-11
12 14.6 8.62982e-12
12.2 14.6 3.72998e-12
12.4 14.6 1.48843e-12
12.6 14.6 5.48363e-13
12.8 14.6 1.86522e-13
13 14.6 5.85759e-14
13.2 14.6 1.69839e-14
13.4 14.6 4.54663e-15
13.6 14.6 1.12378e-15
13.8 14.6 2.56457e-16
14 14.6 5.40377e-17
14.2 14.6 1.05132e-17
14.4 14.6 1.88855e-18
14.6 14.6 3.13249e-19
14.8 14.6 4.79234e-20
5.2 14.8 7.33155e-21
5.4 14.8 4.79234e-20
5.6 14.8 2.88933e-19
5.8 14.8 1.60847e-18
6 14.8 8.26771e-18
6.2 14.8 3.92384e-17
6.4 14.8 1.71944e-16
6.6 14.8 6.95669e-16
6.8 14.8 2.59871e-15
7 14.8 8.96284e-15
7.2 14.8 2.85406e-14
7.4 14.8 8.39085e-14
7.6 14.8 2.27757e-13
7.8 14.8 5.70761e-13
8 14.8 1.32054e-12
8.2 14.8 2.82075e-12
8.4 14.8 5.56272e-12
8.6 14.8 1.01279e-11
8.8 14.8 1.70237e-11
9 14.8 2.64178e-11
9.2 14.8 3.78478e-11
9.4 14.8 5.00597e-11
9.6 14.8 6.11275e-11
9.8 14.8 6.89106e-11
10 14.8 7.17193e-11
10.2 14.8 6.89106e-11
10.4 14.8 6.11275e-11
10.6 14.8 5.00597e-11
10.8 14.8 3.78478e-11
11 14.8 2.64178e-11
11.2 14.8 1.70237e-11
11.4 14.8 1.01279e-11
11.6 14.8 5.56272e-12
11.8 14.8 2.82075e-12
12 14.8 1.32054e-12
12.2 14.8 5.70761e-13
12.4 14.8 2.27757e-13
12.6 14.8 8.39085e-14
12.8 14.8 2.85406e-14
13 14.8 8.96284e-15
13.2 14.8 2.59871e-15
13.4 14.8 6.95669e-16
13.6 14.8 1.71944e-16
13.8 14.8 3.92384e-17
14 14.8 8.26771e-18
14.2 14.8 1.60847e-18
14.4 14.8 2.88933e-19
14.6 14.8 4.79234e-20
14.8 14.8 7.33155e-21

