5.2 5.2 1.22789e-20
5.4 5.2 8.04182e-20
5.6 5.2 4.86087e-19
5.8 5.2 2.71242e-18
6 5.2 1.39727e-17
6.2 5.2 6.64488e-17
6.4 5.2 2.91724e-16
6.6 5.2 1.18232e-15
6.8 5.2 4.42359e-15
7 5.2 1.52789e-14
7.2 5.2 4.87171e-14
7.4 5.2 1.43399e-13
7.6 5.2 3.89657e-13
7.8 5.2 9.77442e-13
8 5.2 2.26345e-12
8.2 5.2 4.83862e-12
8.4 5.2 9.54866e-12
8.6 5.2 1.73953e-11
8.8 5.2 2.92544e-11
9 5.2 4.54171e-11
9.2 5.2 6.50901e-11
9.4 5.2 8.61149e-11
9.6 5.2 1.05174e-10
9.8 5.2 1.18579e-10
10 5.2 1.23417e-10
10.2 5.2 1.18579e-10
10.4 5.2 1.05174e-10
10.6 5.2 8.61149e-11
10.8 5.2 6.50901e-11
11 5.2 4.54171e-11
11.2 5.2 2.92544e-11
11.4 5.2 1.73953e-11
11.6 5.2 9.54866e-12
11.8 5.2 4.83862e-12
12 5.2 2.26345e-12
12.2 5.2 9.77442e-13
12.4 5.2 3.89657e-13
12.6 5.2 1.43399e-13
12.8 5.2 4.87171e-14
13 5.2 1.52789e-14
13.2 5.2 4.42359e-15
13.4 5.2 1.18232e-15
13.6 5.2 2.91724e-16
13.8 5.2 6.64488e-17
14 5.2 1.39727e-17
14.2 5.2 2.71242e-18
14.4 5.2 4.86087e-19
14.6 5.2 8.04182e-20
14.8 5.2 1.22789e-20
5.2 5.4 8.04182e-20
5.4 5.4 5.2668e-19
5.6 5.4 3.18349e-18
5.8 5.4 1.77641e-17
6 5.4 9.15095e-17
6.2 5.4 4.35181e-16
6.4 5.4 1.91052e-15
6.6 5.4 7.74308e-15
6.8 5.4 2.89702e-14
7 5.4 1.00061e-13
7.2 5.4 3.19047e-13
7.4 5.4 9.39112e-13
7.6 5.4 2.55184e-12
7.8 5.4 6.40119e-12
8 5.4 1.48231e-11
8.2 5.4 3.16876e-11
8.4 5.4 6.25331e-11
8.6 5.4 1.1392e-10
8.8 5.4 1.91583e-10
9 5.4 2.9743e-10
9.2 5.4 4.26265e-10
9.4 5.4 5.63953e-10
9.6 5.4 6.8877e-10
9.8 5.4 7.76556e-10
10 5.4 8.08238e-10
10.2 5.4 7.76556e-10
10.4 5.4 6.8877e-10
10.6 5.4 5.63953e-10
10.8 5.4 4.26265e-10
11 5.4 2.9743e-10
11.2 5.4 1.91583e-10
11.4 5.4 1.1392e-10
11.6 5.4 6.25331e-11
11.8 5.4 3.16876e-11
12 5.4 1.48231e-11
12.2 5.4 6.40119e-12
12.4 5.4 2.55184e-12
12.6 5.4 9.39112e-13
12.8 5.4 3.19047e-13
13 5.4 1.00061e-13
13.2 5.4 2.89702e-14
13.4 5.4 7.74308e-15
13.6 5.4 1.91052e-15
13.8 5.4 4.35181e-16
14 5.4 9.15095e-17
14.2 5.4 1.77641e-17
14.4 5.4 3.18349e-18
14.6 5.4 5.2668e-19
14.8 5.4 8.04182e-20
5.2 5.6 4.86087e-19
5.4 5.6 3.18349e-18
5.6 5.6 1.92422e-17
5.8 5.6 1.07372e-16
6 5.6 5.53111e-16
6.2 5.6 2.63034e-15
6.4 5.6 1.15476e-14
6.6 5.6 4.68006e-14
6.8 5.6 1.751e-13
7 5.6 6.04782e-13
7.2 5.6 1.92835e-12
7.4 5.6 5.67605e-12
7.6 5.6 1.54234e-11
7.8 5.6 3.86889e-11
8 5.6 8.9591e-11
8.2 5.6 1.9152e-10
8.4 5.6 3.77948e-10
8.6 5.6 6.88526e-10
8.8 5.6 1.15792e-09
9 5.6 1.79765e-09
9.2 5.6 2.57632e-09
9.4 5.6 3.40849e-09
9.6 5.6 4.16287e-09
9.8 5.6 4.69344e-09
10 5.6 4.88492e-09
10.2 5.6 4.69344e-09
10.4 5.6 4.16287e-09
10.6 5.6 3.40849e-09
10.8 5.6 2.57632e-09
11 5.6 1.79765e-09
11.2 5.6 1.15792e-09
11.4 5.6 6.88526e-10
11.6 5.6 3.77948e-10
11.8 5.6 1.9152e-10
12 5.6 8.9591e-11
12.2 5.6 3.86889e-11
12.4 5.6 1.54234e-11
12.6 5.6 5.67605e-12
12.8 5.6 1.92835e-12
13 5.6 6.04782e-13
13.2 5.6 1.751e-13
13.4 5.6 4.68006e-14
13.6 5.6 1.15476e-14
13.8 5.6 2.63034e-15
14 5.6 5.53111e-16
14.2 5.6 1.07372e-16
14.4 5.6 1.92422e-17
14.6 5.6 3.18349e-18
14.8 5.6 4.86087e-19
5.2 5.8 2.71242e-18
5.4 5.8 1.77641e-17
5.6 5.8 1.07372e-16
5.8 5.8 5.99137e-16
6 5.8 3.08633e-15
6.2 5.8 1.46771e-14
6.4 5.8 6.44344e-14
6.6 5.8 2.6114e-13
6.8 5.8 9.77029e-13
7 5.8 3.37456e-12
7.2 5.8 1.07597e-11
7.4 5.8 3.1671e-11
7.6 5.8 8.60585e-11
7.8 5.8 2.15873e-10
8 5.8 4.99891e-10
8.2 5.8 1.06862e-09
8.4 5.8 2.10883e-09
8.6 5.8 3.84174e-09
8.8 5.8 6.46078e-09
9 5.8 1.00302e-08
9.2 5.8 1.43749e-08
9.4 5.8 1.90181e-08
9.6 5.8 2.32273e-08
9.8 5.8 2.61877e-08
10 5.8 2.7256e-08
10.2 5.8 2.61877e-08
10.4 5.8 2.32273e-08
10.6 5.8 1.90181e-08
10.8 5.8 1.43749e-08
11 5.8 1.00302e-08
11.2 5.8 6.46078e-09
11.4 5.8 3.84174e-09
11.6 5.8 2.10883e-09
11.8 5.8 1.06862e-09
12 5.8 4.99891e-10
12.2 5.8 2.15873e-10
12.4 5.8 8.60585e-11
12.6 5.8 3.1671e-11
12.8 5.8 1.07597e-11
13 5.8 3.37456e-12
13.2 5.8 9.77029e-13
13.4 5.8 2.6114e-13
13.6 5.8 6.44344e-14
13.8 5.8 1.46771e-14
14 5.8 3.08633e-15
14.2 5.8 5.99137e-16
14.4 5.8 1.07372e-16
14.6 5.8 1.77641e-17
14.8 5.8 2.71242e-18
5.2 6 1.39727e-17
5.4 6 9.15095e-17
5.6 6 5.53111e-16
5.8 6 3.08633e-15
6 6 1.58985e-14
6.2 6 7.56051e-14
6.4 6 3.31914e-13
6.6 6 1.34518e-12
6.8 6 5.03282e-12
7 6 1.73828e-11
7.2 6 5.54246e-11
7.4 6 1.6314e-10
7.6 6 4.43293e-10
7.8 6 1.11197e-09
8 6 2.57496e-09
8.2 6 5.50449e-09
8.4 6 1.08626e-08
8.6 6 1.97889e-08
8.8 6 3.32795e-08
9 6 5.16657e-08
9.2 6 7.4045e-08
9.4 6 9.79621e-08
9.6 6 1.19643e-07
9.8 6 1.34892e-07
10 6 1.40395e-07
10.2 6 1.34892e-07
10.4 6 1.19643e-07
10.6 6 9.79621e-08
10.8 6 7.4045e-08
11 6 5.16657e-08
11.2 6 3.32795e-08
11.4 6 1.97889e-08
11.6 6 1.08626e-08
11.8 6 5.50449e-09
12 6 2.57496e-09
12.2 6 1.11197e-09
12.4 6 4.43293e-10
12.6 6 1.6314e-10
12.8 6 5.54246e-11
13 6 1.73828e-11
13.2 6 5.03282e-12
13.4 6 1.34518e-12
13.6 6 3.31914e-13
13.8 6 7.56051e-14
14 6 1.58985e-14
14.2 6 3.08633e-15
14.4 6 5.53111e-16
14.6 6 9.15095e-17
14.8 6 1.39727e-17
5.2 6.2 6.64488e-17
5.4 6.2 4.35181e-16
5.6 6.2 2.63034e-15
5.8 6.2 1.46771e-14
6 6.2 7.56051e-14
6.2 6.2 3.59537e-13
6.4 6.2 1.5784e-12
6.6 6.2 6.39688e-12
6.8 6.2 2.3933e-11
7 6.2 8.26616e-11
7.2 6.2 2.63564e-10
7.4 6.2 7.75786e-10
7.6 6.2 2.108e-09
7.8 6.2 5.28779e-09
8 6.2 1.22447e-08
8.2 6.2 2.61754e-08
8.4 6.2 5.16547e-08
8.6 6.2 9.41014e-08
8.8 6.2 1.58253e-07
9 6.2 2.45684e-07
9.2 6.2 3.52103e-07
9.4 6.2 4.65834e-07
9.6 6.2 5.68934e-07
9.8 6.2 6.41445e-07
10 6.2 6.67614e-07
10.2 6.2 6.41445e-07
10.4 6.2 5.68934e-07
10.6 6.2 4.65834e-07
10.8 6.2 3.52103e-07
11 6.2 2.45684e-07
11.2 6.2 1.58253e-07
11.4 6.2 9.41014e-08
11.6 6.2 5.16547e-08
11.8 6.2 2.61754e-08
12 6.2 1.22447e-08
12.2 6.2 5.28779e-09
12.4 6.2 2.108e-09
12.6 6.2 7.75786e-10
12.8 6.2 2.63564e-10
13 6.2 8.26616e-11
13.2 6.2 2.3933e-11
13.4 6.2 6.39688e-12
13.6 6.2 1.5784e-12
13.8 6.2 3.59537e-13
14 6.2 7.56051e-14
14.2 6.2 1.46771e-14
14.4 6.2 2.63034e-15
14.6 6.2 4.35181e-16
14.8 6.2 6.64488e-17
5.2 6.4 2.91724e-16
5.4 6.4 1.91052e-15
5.6 6.4 1.15476e-14
5.8 6.4 6.44344e-14
6 6.4 3.31914e-13
6.2 6.4 1.5784e-12
6.4 6.4 6.92926e-12
6.6 6.4 2.80826e-11
6.8 6.4 1.05067e-10
7 6.4 3.62885e-10
7.2 6.4 1.15704e-09
7.4 6.4 3.40568e-09
7.6 6.4 9.25407e-09
7.8 6.4 2.32132e-08
8 6.4 5.37536e-08
8.2 6.4 1.14909e-07
8.4 6.4 2.26761e-07
8.6 6.4 4.13098e-07
8.8 6.4 6.94717e-07
9 6.4 1.07853e-06
9.2 6.4 1.5457e-06
9.4 6.4 2.04497e-06
9.6 6.4 2.49756e-06
9.8 6.4 2.81588e-06
10 6.4 2.93076e-06
10.2 6.4 2.81588e-06
10.4 6.4 2.49756e-06
10.6 6.4 2.04497e-06
10.8 6.4 1.5457e-06
11 6.4 1.07853e-06
11.2 6.4 6.94717e-07
11.4 6.4 4.13098e-07
11.6 6.4 2.26761e-07
11.8 6.4 1.14909e-07
12 6.4 5.37536e-08
12.2 6.4 2.32132e-08
12.4 6.4 9.25407e-09
12.6 6.4 3.40568e-09
12.8 6.4 1.15704e-09
13 6.4 3.62885e-10
13.2 6.4 1.05067e-10
13.4 6.4 2.80826e-11
13.6 6.4 6.92926e-12
13.8 6.4 1.5784e-12
14 6.4 3.31914e-13
14.2 6.4 6.44344e-14
14.4 6.4 1.15476e-14
14.6 6.4 1.91052e-15
14.8 6.4 2.91724e-16
5.2 6.6 1.18232e-15
5.4 6.6 7.74308e-15
5.6 6.6 4.68006e-14
5.8 6.6 2.6114e-13
6 6.6 1.34518e-12
6.2 6.6 6.39688e-12
6.4 6.6 2.80826e-11
6.6 6.6 1.13811e-10
6.8 6.6 4.25806e-10
7 6.6 1.47067e-09
7.2 6.6 4.68914e-09
7.4 6.6 1.38022e-08
7.6 6.6 3.75037e-08
7.8 6.6 9.40751e-08
8 6.6 2.17845e-07
8.2 6.6 4.65683e-07
8.4 6.6 9.18978e-07
8.6 6.6 1.67413e-06
8.8 6.6 2.81543e-06
9 6.6 4.37087e-06
9.2 6.6 6.26413e-06
9.4 6.6 8.28747e-06
9.6 6.6 1.01217e-05
9.8 6.6 1.14117e-05
10 6.6 1.18772e-05
10.2 6.6 1.14117e-05
10.4 6.6 1.01217e-05
10.6 6.6 8.28747e-06
10.8 6.6 6.26413e-06
11 6.6 4.37087e-06
11.2 6.6 2.81543e-06
11.4 6.6 1.67413e-06
11.6 6.6 9.18978e-07
11.8 6.6 4.65683e-07
12 6.6 2.17845e-07
12.2 6.6 9.40751e-08
12.4 6.6 3.75037e-08
12.6 6.6 1.38022e-08
12.8 6.6 4.68914e-09
13 6.6 1.47067e-09
13.2 6.6 4.25806e-10
13.4 6.6 1.13811e-10
13.6 6.6 2.80826e-11
13.8 6.6 6.39688e-12
14 6.6 1.34518e-12
14.2 6.6 2.6114e-13
14.4 6.6 4.68006e-14
14.6 6.6 7.74308e-15
14.8 6.6 1.18232e-15
5.2 6.8 4.42359e-15
5.4 6.8 2.89702e-14
5.6 6.8 1.751e-13
5.8 6.8 9.77029e-13
6 6.8 5.03282e-12
6.2 6.8 2.3933e-11
6.4 6.8 1.05067e-10
6.6 6.8 4.25806e-10
6.8 6.8 1.59307e-09
7 6.8 5.50222e-09
7.2 6.8 1.75435e-08
7.4 6.8 5.16378e-08
7.6 6.8 1.40312e-07
7.8 6.8 3.5196e-07
8 6.8 8.15014e-07
8.2 6.8 1.74224e-06
8.4 6.8 3.43813e-06
8.6 6.8 6.26334e-06
8.8 6.8 1.05332e-05
9 6.8 1.63525e-05
9.2 6.8 2.34356e-05
9.4 6.8 3.10054e-05
9.6 6.8 3.78675e-05
9.8 6.8 4.26937e-05
10 6.8 4.44355e-05
10.2 6.8 4.26937e-05
10.4 6.8 3.78675e-05
10.6 6.8 3.10054e-05
10.8 6.8 2.34356e-05
11 6.8 1.63525e-05
11.2 6.8 1.05332e-05
11.4 6.8 6.26334e-06
11.6 6.8 3.43813e-06
11.8 6.8 1.74224e-06
12 6.8 8.15014e-07
12.2 6.8 3.5196e-07
12.4 6.8 1.40312e-07
12.6 6.8 5.16378e-08
12.8 6.8 1.75435e-08
13 6.8 5.50222e-09
13.2 6.8 1.59307e-09
13.4 6.8 4.25806e-10
13.6 6.8 1.05067e-10
13.8 6.8 2.3933e-11
14 6.8 5.03282e-12
14.2 6.8 9.77029e-13
14.4 6.8 1.751e-13
14.6 6.8 2.89702e-14
14.8 6.8 4.42359e-15
5.2 7 1.52789e-14
5.4 7 1.00061e-13
5.6 7 6.04782e-13
5.8 7 3.37456e-12
6 7 1.73828e-11
6.2 7 8.26616e-11
6.4 7 3.62885e-10
6.6 7 1.47067e-09
6.8 7 5.50222e-09
7 7 1.90037e-08
7.2 7 6.05919e-08
7.4 7 1.78347e-07
7.6 7 4.84609e-07
7.8 7 1.2156e-06
8 7 2.81488e-06
8.2 7 6.01732e-06
8.4 7 1.18745e-05
8.6 7 2.16322e-05
8.8 7 3.63792e-05
9 7 5.64776e-05
9.2 7 8.0941e-05
9.4 7 0.000107085
9.6 7 0.000130785
9.8 7 0.000147454
10 7 0.000153469
10.2 7 0.000147454
10.4 7 0.000130785
10.6 7 0.000107085
10.8 7 8.0941e-05
11 7 5.64776e-05
11.2 7 3.63792e-05
11.4 7 2.16322e-05
11.6 7 1.18745e-05
11.8 7 6.01732e-06
12 7 2.81488e-06
12.2 7 1.2156e-06
12.4 7 4.84609e-07
12.6 7 1.78347e-07
12.8 7 6.05919e-08
13 7 1.90037e-08
13.2 7 5.50222e-09
13.4 7 1.47067e-09
13.6 7 3.62885e-10
13.8 7 8.26616e-11
14 7 1.73828e-11
14.2 7 3.37456e-12
14.4 7 6.04782e-13
14.6 7 1.00061e-13
14.8 7 1.52789e-14
5.2 7.2 4.87171e-14
5.4 7.2 3.19047e-13
5.6 7.2 1.92835e-12
5.8 7.2 1.07597e-11
6 7.2 5.54246e-11
6.2 7.2 2.63564e-10
6.4 7.2 1.15704e-09
6.6 7.2 4.68914e-09
6.8 7.2 1.75435e-08
7 7.2 6.05919e-08
7.2 7.2 1.93192e-07
7.4 7.2 5.68644e-07
7.6 7.2 1.54513e-06
7.8 7.2 3.87581e-06
8 7.2 8.97496e-06
8.2 7.2 1.91856e-05
8.4 7.2 3.78606e-05
8.6 7.2 6.89716e-05
8.8 7.2 0.000115991
9 7.2 0.000180072
9.2 7.2 0.00025807
9.4 7.2 0.000341427
9.6 7.2 0.000416992
9.8 7.2 0.000470137
10 7.2 0.000489317
10.2 7.2 0.000470137
10.4 7.2 0.000416992
10.6 7.2 0.000341427
10.8 7.2 0.00025807
11 7.2 0.000180072
11.2 7.2 0.000115991
11.4 7.2 6.89716e-05
11.6 7.2 3.78606e-05
11.8 7.2 1.91856e-05
12 7.2 8.97496e-06
12.2 7.2 3.87581e-06
12.4 7.2 1.54513e-06
12.6 7.2 5.68644e-07
12.8 7.2 1.93192e-07
13 7.2 6.05919e-08
13.2 7.2 1.75435e-08
13.4 7.2 4.68914e-09
13.6 7.2 1.15704e-09
13.8 7.2 2.63564e-10
14 7.2 5.54246e-11
14.2 7.2 1.07597e-11
14.4 7.2 1.92835e-12
14.6 7.2 3.19047e-13
14.8 7.2 4.87171e-14
5.2 7.4 1.43399e-13
5.4 7.4 9.39112e-13
5.6 7.4 5.67605e-12
5.8 7.4 3.1671e-11
6 7.4 1.6314e-10
6.2 7.4 7.75786e-10
6.4 7.4 3.40568e-09
6.6 7.4 1.38022e-08
6.8 7.4 5.16378e-08
7 7.4 1.78347e-07
7.2 7.4 5.68644e-07
7.4 7.4 1.67375e-06
7.6 7.4 4.54793e-06
7.8 7.4 1.1408e-05
8 7.4 2.64168e-05
8.2 7.4 5.64704e-05
8.4 7.4 0.000111438
8.6 7.4 0.000203009
8.8 7.4 0.000341404
9 7.4 0.000530018
9.2 7.4 0.000759596
9.4 7.4 0.00100495
9.6 7.4 0.00122736
9.8 7.4 0.00138379
10 7.4 0.00144024
10.2 7.4 0.00138379
10.4 7.4 0.00122736
10.6 7.4 0.00100495
10.8 7.4 0.000759596
11 7.4 0.000530018
11.2 7.4 0.000341404
11.4 7.4 0.000203009
11.6 7.4 0.000111438
11.8 7.4 5.64704e-05
12 7.4 2.64168e-05
12.2 7.4 1.1408e-05
12.4 7.4 4.54793e-06
12.6 7.4 1.67375e-06
12.8 7.4 5.68644e-07
13 7.4 1.78347e-07
13.2 7.4 5.16378e-08
13.4 7.4 1.38022e-08
13.6 7.4 3.40568e-09
13.8 7.4 7.75786e-10
14 7.4 1.6314e-10
14.2 7.4 3.1671e-11
14.4 7.4 5.67605e-12
14.6 7.4 9.39112e-13
14.8 7.4 1.43399e-13
5.2 7.6 3.89657e-13
5.4 7.6 2.55184e-12
5.6 7.6 1.54234e-11
5.8 7.6 8.60585e-11
6 7.6 4.43293e-10
6.2 7.6 2.108e-09
6.4 7.6 9.25407e-09
6.6 7.6 3.75037e-08
6.8 7.6 1.40312e-07
7 7.6 4.84609e-07
7.2 7.6 1.54513e-06
7.4 7.6 4.54793e-06
7.6 7.6 1.23577e-05
7.8 7.6 3.09979e-05
8 7.6 7.17797e-05
8.2 7.6 0.000153441
8.4 7.6 0.000302799
8.6 7.6 0.000551615
8.8 7.6 0.00092766
9 7.6 0.00144016
9.2 7.6 0.00206396
9.4 7.6 0.00273062
9.6 7.6 0.00333496
9.8 7.6 0.00376
10 7.6 0.0039134
10.2 7.6 0.00376
10.4 7.6 0.00333496
10.6 7.6 0.00273062
10.8 7.6 0.00206396
11 7.6 0.00144016
11.2 7.6 0.00092766
11.4 7.6 0.000551615
11.6 7.6 0.000302799
11.8 7.6 0.000153441
12 7.6 7.17797e-05
12.2 7.6 3.09979e-05
12.4 7.6 1.23577e-05
12.6 7.6 4.54793e-06
12.8 7.6 1.54513e-06
13 7.6 4.84609e-07
13.2 7.6 1.40312e-07
13.4 7.6 3.75037e-08
13.6 7.6 9.25407e-09
13.8 7.6 2.108e-09
14 7.6 4.43293e-10
14.2 7.6 8.60585e-11
14.4 7.6 1.54234e-11
14.6 7.6 2.55184e-12
14.8 7.6 3.89657e-13
5.2 7.8 9.77442e-13
5.4 7.8 6.40119e-12
5.6 7.8 3.86889e-11
5.8 7.8 2.15873e-10
6 7.8 1.11197e-09
6.2 7.8 5.28779e-09
6.4 7.8 2.32132e-08
6.6 7.8 9.40751e-08
6.8 7.8 3.5196e-07
7 7.8 1.2156e-06
7.2 7.8 3.87581e-06
7.4 7.8 1.1408e-05
7.6 7.8 3.09979e-05
7.8 7.8 7.7755e-05
8 7.8 0.000180051
8.2 7.8 0.00038489
8.4 7.8 0.000759536
8.6 7.8 0.00138366
8.8 7.8 0.00232692
9 7.8 0.00361247
9.2 7.8 0.0051772
9.4 7.8 0.00684944
9.6 7.8 0.00836534
9.8 7.8 0.00943151
10 7.8 0.00981628
10.2 7.8 0.00943151
10.4 7.8 0.00836534
10.6 7.8 0.00684944
10.8 7.8 0.0051772
11 7.8 0.00361247
11.2 7.8 0.00232692
11.4 7.8 0.00138366
11.6 7.8 0.000759536
11.8 7.8 0.00038489
12 7.8 0.000180051
12.2 7.8 7.7755e-05
12.4 7.8 3.09979e-05
12.6 7.8 1.1408e-05
12.8 7.8 3.87581e-06
13 7.8 1.2156e-06
13.2 7.8 3.5196e-07
13.4 7.8 9.40751e-08
13.6 7.8 2.32132e-08
13.8 7.8 5.28779e-09
14 7.8 1.11197e-09
14.2 7.8 2.15873e-10
14.4 7.8 3.86889e-11
14.6 7.8 6.40119e-12
14.8 7.8 9.77442e-13
5.2 8 2.26345e-12
5.4 8 1.48231e-11
5.6 8 8.9591e-11
5.8 8 4.99891e-10
6 8 2.57496e-09
6.2 8 1.22447e-08
6.4 8 5.37536e-08
6.6 8 2.17845e-07
6.8 8 8.15014e-07
7 8 2.81488e-06
7.2 8 8.97496e-06
7.4 8 2.64168e-05
7.6 8 7.17797e-05
7.8 8 0.000180051
8 8 0.000416931
8.2 8 0.00089126
8.4 8 0.00175879
8.6 8 0.00320403
8.8 8 0.00538826
9 8 0.00836508
9.2 8 0.0119884
9.4 8 0.0158606
9.6 8 0.0193709
9.8 8 0.0218397
10 8 0.0227307
10.2 8 0.0218397
10.4 8 0.0193709
10.6 8 0.0158606
10.8 8 0.0119884
11 8 0.00836508
11.2 8 0.00538826
11.4 8 0.00320403
11.6 8 0.00175879
11.8 8 0.00089126
12 8 0.000416931
12.2 8 0.000180051
12.4 8 7.17797e-05
12.6 8 2.64168e-05
12.8 8 8.97496e-06
13 8 2.81488e-06
13.2 8 8.15014e-07
13.4 8 2.17845e-07
13.6 8 5.37536e-08
13.8 8 1.22447e-08
14 8 2.57496e-09
14.2 8 4.99891e-10
14.4 8 8.9591e-11
14.6 8 1.48231e-11
14.8 8 2.26345e-12
5.2 8.2 4.83862e-12
5.4 8.2 3.16876e-11
5.6 8.2 1.9152e-10
5.8 8.2 1.06862e-09
6 8.2 5.50449e-09
6.2 8.2 2.61754e-08
6.4 8.2 1.14909e-07
6.6 8.2 4.65683e-07
6.8 8.2 1.74224e-06
7 8.2 6.01732e-06
7.2 8.2 1.91856e-05
7.4 8.2 5.64704e-05
7.6 8.2 0.000153441
7.8 8.2 0.00038489
8 8.2 0.00089126
8.2 8.2 0.00190521
8.4 8.2 0.00375971
8.6 8.2 0.00684913
8.8 8.2 0.0115183
9 8.2 0.0178817
9.2 8.2 0.0256271
9.4 8.2 0.0339046
9.6 8.2 0.0414083
9.8 8.2 0.0466858
10 8.2 0.0485904
10.2 8.2 0.0466858
10.4 8.2 0.0414083
10.6 8.2 0.0339046
10.8 8.2 0.0256271
11 8.2 0.0178817
11.2 8.2 0.0115183
11.4 8.2 0.00684913
11.6 8.2 0.00375971
11.8 8.2 0.00190521
12 8.2 0.00089126
12.2 8.2 0.00038489
12.4 8.2 0.000153441
12.6 8.2 5.64704e-05
12.8 8.2 1.91856e-05
13 8.2 6.01732e-06
13.2 8.2 1.74224e-06
13.4 8.2 4.65683e-07
13.6 8.2 1.14909e-07
13.8 8.2 2.61754e-08
14 8.2 5.50449e-09
14.2 8.2 1.06862e-09
14.4 8.2 1.9152e-10
14.6 8.2 3.16876e-11
14.8 8.2 4.83862e-12
5.2 8.4 9.54866e-12
5.4 8.4 6.25331e-11
5.6 8.4 3.77948e-10
5.8 8.4 2.10883e-09
6 8.4 1.08626e-08
6.2 8.4 5.16547e-08
6.4 8.4 2.26761e-07
6.6 8.4 9.18978e-07
6.8 8.4 3.43813e-06
7 8.4 1.18745e-05
7.2 8.4 3.78606e-05
7.4 8.4 0.000111438
7.6 8.4 0.000302799
7.8 8.4 0.000759536
8 8.4 0.00175879
8.2 8.4 0.00375971
8.4 8.4 0.00741933
8.6 8.4 0.0135159
8.8 8.4 0.0227299
9 8.4 0.0352873
9.2 8.4 0.0505718
9.4 8.4 0.0669065
9.6 8.4 0.081714
9.8 8.4 0.0921285
10 8.4 0.095887
10.2 8.4 0.0921285
10.4 8.4 0.081714
10.6 8.4 0.0669065
10.8 8.4 0.0505718
11 8.4 0.0352873
11.2 8.4 0.0227299
11.4 8.4 0.0135159
11.6 8.4 0.00741933
11.8 8.4 0.00375971
12 8.4 0.00175879
12.2 8.4 0.000759536
12.4 8.4 0.000302799
12.6 8.4 0.000111438
12.8 8.4 3.78606e-05
13 8.4 1.18745e-05
13.2 8.4 3.43813e-06
13.4 8.4 9.18978e-07
13.6 8.4 2.26761e-07
13.8 8.4 5.16547e-08
14 8.4 1.08626e-08
14.2 8.4 2.10883e-09
14.4 8.4 3.77948e-10
14.6 8.4 6.25331e-11
14.8 8.4 9.54866e-12
5.2 8.6 1.73953e-11
5.4 8.6 1.1392e-10
5.6 8.6 6.88526e-10
5.8 8.6 3.84174e-09
6 8.6 1.97889e-08
6.2 8.6 9.41014e-08
6.4 8.6 4.13098e-07
6.6 8.6 1.67413e-06
6.8 8.6 6.26334e-06
7 8.6 2.16322e-05
7.2 8.6 6.89716e-05
7.4 8.6 0.000203009
7.6 8.6 0.000551615
7.8 8.6 0.00138366
8 8.6 0.00320403
8.2 8.6 0.00684913
8.4 8.6 0.0135159
8.6 8.6 0.0246222
8.8 8.6 0.0414074
9 8.6 0.0642834
9.2 8.6 0.0921274
9.4 8.6 0.121885
9.6 8.6 0.14886
9.8 8.6 0.167832
10 8.6 0.174679
10.2 8.6 0.167832
10.4 8.6 0.14886
10.6 8.6 0.121885
10.8 8.6 0.0921274
11 8.6 0.0642834
11.2 8.6 0.0414074
11.4 8.6 0.0246222
11.6 8.6 0.0135159
11.8 8.6 0.00684913
12 8.6 0.00320403
12.2 8.6 0.00138366
12.4 8.6 0.000551615
12.6 8.6 0.000203009
12.8 8.6 6.89716e-05
13 8.6 2.16322e-05
13.2 8.6 6.26334e-06
13.4 8.6 1.67413e-06
13.6 8.6 4.13098e-07
13.8 8.6 9.41014e-08
14 8.6 1.97889e-08
14.2 8.6 3.84174e-09
14.4 8.6 6.88526e-10
14.6 8.6 1.1392e-10
14.8 8.6 1.73953e-11
5.2 8.8 2.92544e-11
5.4 8.8 1.91583e-10
5.6 8.8 1.15792e-09
5.8 8.8 6.46078e-09
6 8.8 3.32795e-08
6.2 8.8 1.58253e-07
6.4 8.8 6.94717e-07
6.6 8.8 2.81543e-06
6.8 8.8 1.05332e-05
7 8.8 3.63792e-05
7.2 8.8 0.000115991
7.4 8.8 0.000341404
7.6 8.8 0.00092766
7.8 8.8 0.00232692
8 8.8 0.00538826
8.2 8.8 0.0115183
8.4 8.8 0.0227299
8.6 8.8 0.0414074
8.8 8.8 0.0696352
9 8.8 0.108106
9.2 8.8 0.154931
9.4 8.8 0.204974
9.6 8.8 0.250338
9.8 8.8 0.282244
10 8.8 0.293758
10.2 8.8 0.282244
10.4 8.8 0.250338
10.6 8.8 0.204974
10.8 8.8 0.154931
11 8.8 0.108106
11.2 8.8 0.0696352
11.4 8.8 0.0414074
11.6 8.8 0.0227299
11.8 8.8 0.0115183
12 8.8 0.00538826
12.2 8.8 0.00232692
12.4 8.8 0.00092766
12.6 8.8 0.000341404
12.8 8.8 0.000115991
13 8.8 3.63792e-05
13.2 8.8 1.05332e-05
13.4 8.8 2.81543e-06
13.6 8.8 6.94717e-07
13.8 8.8 1.58253e-07
14 8.8 3.32795e-08
14.2 8.8 6.46078e-09
14.4 8.8 1.15792e-09
14.6 8.8 1.91583e-10
14.8 8.8 2.92544e-11
5.2 9 4.54171e-11
5.4 9 2.9743e-10
5.6 9 1.79765e-09
5.8 9 1.00302e-08
6 9 5.16657e-08
6.2 9 2.45684e-07
6.4 9 1.07853e-06
6.6 9 4.37087e-06
6.8 9 1.63525e-05
7 9 5.64776e-05
7.2 9 0.000180072
7.4 9 0.000530018
7.6 9 0.00144016
7.8 9 0.00361247
8 9 0.00836508
8.2 9 0.0178817
8.4 9 0.0352873
8.6 9 0.0642834
8.8 9 0.108106
9 9 0.16783
9.2 9 0.240525
9.4 9 0.318214
9.6 9 0.38864
9.8 9 0.438172
10 9 0.456048
10.2 9 0.438172
10.4 9 0.38864
10.6 9 0.318214
10.8 9 0.240525
11 9 0.16783
11.2 9 0.108106
11.4 9 0.0642834
11.6 9 0.0352873
11.8 9 0.0178817
12 9 0.00836508
12.2 9 0.00361247
12.4 9 0.00144016
12.6 9 0.000530018
12.8 9 0.000180072
13 9 5.64776e-05
13.2 9 1.63525e-05
13.4 9 4.37087e-06
13.6 9 1.07853e-06
13.8 9 2.45684e-07
14 9 5.16657e-08
14.2 9 1.00302e-08
14.4 9 1.79765e-09
14.6 9 2.9743e-10
14.8 9 4.54171e-11
5.2 9.2 6.50901e-11
5.4 9.2 4.26265e-10
5.6 9.2 2.57632e-09
5.8 9.2 1.43749e-08
6 9.2 7.4045e-08
6.2 9.2 3.52103e-07
6.4 9.2 1.5457e-06
6.6 9.2 6.26413e-06
6.8 9.2 2.34356e-05
7 9.2 8.0941e-05
7.2 9.2 0.00025807
7.4 9.2 0.000759596
7.6 9.2 0.00206396
7.8 9.2 0.0051772
8 9.2 0.0119884
8.2 9.2 0.0256271
8.4 9.2 0.0505718
8.6 9.2 0.0921274
8.8 9.2 0.154931
9 9.2 0.240525
9.2 9.2 0.344707
9.4 9.2 0.456047
9.6 9.2 0.556978
9.8 9.2 0.627964
10 9.2 0.653583
10.2 9.2 0.627964
10.4 9.2 0.556978
10.6 9.2 0.456047
10.8 9.2 0.344707
11 9.2 0.240525
11.2 9.2 0.154931
11.4 9.2 0.0921274
11.6 9.2 0.0505718
11.8 9.2 0.0256271
12 9.2 0.0119884
12.2 9.2 0.0051772
12.4 9.2 0.00206396
12.6 9.2 0.000759596
12.8 9.2 0.00025807
13 9.2 8.0941e-05
13.2 9.2 2.34356e-05
13.4 9.2 6.26413e-06
13.6 9.2 1.5457e-06
13.8 9.2 3.52103e-07
14 9.2 7.4045e-08
14.2 9.2 1.43749e-08
14.4 9.2 2.57632e-09
14.6 9.2 4.26265e-10
14.8 9.2 6.50901e-11
5.2 9.4 8.61149e-11
5.4 9.4 5.63953e-10
5.6 9.4 3.40849e-09
5.8 9.4 1.90181e-08
6 9.4 9.79621e-08
6.2 9.4 4.65834e-07
6.4 9.4 2.04497e-06
6.6 9.4 8.28747e-06
6.8 9.4 3.10054e-05
7 9.4 0.000107085
7.2 9.4 0.000341427
7.4 9.4 0.00100495
7.6 9.4 0.00273062
7.8 9.4 0.00684944
8 9.4 0.0158606
8.2 9.4 0.0339046
8.4 9.4 0.0669065
8.6 9.4 0.121885
8.8 9.4 0.204974
9 9.4 0.318214
9.2 9.4 0.456047
9.4 9.4 0.603349
9.6 9.4 0.736881
9.8 9.4 0.830795
10 9.4 0.864689
10.2 9.4 0.830795
10.4 9.4 0.736881
10.6 9.4 0.603349
10.8 9.4 0.456047
11 9.4 0.318214
11.2 9.4 0.204974
11.4 9.4 0.121885
11.6 9.4 0.0669065
11.8 9.4 0.0339046
12 9.4 0.0158606
12.2 9.4 0.00684944
12.4 9.4 0.00273062
12.6 9.4 0.00100495
12.8 9.4 0.000341427
13 9.4 0.000107085
13.2 9.4 3.10054e-05
13.4 9.4 8.28747e-06
13.6 9.4 2.04497e-06
13.8 9.4 4.65834e-07
14 9.4 9.79621e-08
14.2 9.4 1.90181e-08
14.4 9.4 3.40849e-09
14.6 9.4 5.63953e-10
14.8 9.4 8.61149e-11
5.2 9.6 1.05174e-10
5.4 9.6 6.8877e-10
5.6 9.6 4.16287e-09
5.8 9.6 2.32273e-08
6 9.6 1.19643e-07
6.2 9.6 5.68934e-07
6.4 9.6 2.49756e-06
6.6 9.6 1.01217e-05
6.8 9.6 3.78675e-05
7 9.6 0.000130785
7.2 9.6 0.000416992
7.4 9.6 0.00122736
7.6 9.6 0.00333496
7.8 9.6 0.00836534
8 9.6 0.0193709
8.2 9.6 0.0414083
8.4 9.6 0.081714
8.6 9.6 0.14886
8.8 9.6 0.250338
9 9.6 0.38864
9.2 9.6 0.556978
9.4 9.6 0.736881
9.6 9.6 0.899964
9.8 9.6 1.01466
10 9.6 1.05606
10.2 9.6 1.01466
10.4 9.6 0.899964
10.6 9.6 0.736881
10.8 9.6 0.556978
11 9.6 0.38864
11.2 9.6 0.250338
11.4 9.6 0.14886
11.6 9.6 0.081714
11.8 9.6 0.0414083
12 9.6 0.0193709
12.2 9.6 0.00836534
12.4 9.6 0.00333496
12.6 9.6 0.00122736
12.8 9.6 0.000416992
13 9.6 0.000130785
13.2 9.6 3.78675e-05
13.4 9.6 1.01217e-05
13.6 9.6 2.49756e-06
13.8 9.6 5.68934e-07
14 9.6 1.19643e-07
14.2 9.6 2.32273e-08
14.4 9.6 4.16287e-09
14.6 9.6 6.8877e-10
14.8 9.6 1.05174e-10
5.2 9.8 1.18579e-10
5.4 9.8 7.76556e-10
5.6 9.8 4.69344e-09
5.8 9.8 2.61877e-08
6 9.8 1.34892e-07
6.2 9.8 6.41445e-07
6.4 9.8 2.81588e-06
6.6 9.8 1.14117e-05
6.8 9.8 4.26937e-05
7 9.8 0.000147454
7.2 9.8 0.000470137
7.4 9.8 0.00138379
7.6 9.8 0.00376
7.8 9.8 0.00943151
8 9.8 0.0218397
8.2 9.8 0.0466858
8.4 9.8 0.0921285
8.6 9.8 0.167832
8.8 9.8 0.282244
9 9.8 0.438172
9.2 9.8 0.627964
9.4 9.8 0.830795
9.6 9.8 1.01466
9.8 9.8 1.14398
10 9.8 1.19065
10.2 9.8 1.14398
10.4 9.8 1.01466
10.6 9.8 0.830795
10.8 9.8 0.627964
11 9.8 0.438172
11.2 9.8 0.282244
11.4 9.8 0.167832
11.6 9.8 0.0921285
11.8 9.8 0.0466858
12 9.8 0.0218397
12.2 9.8 0.00943151
12.4 9.8 0.00376
12.6 9.8 0.00138379
12.8 9.8 0.000470137
13 9.8 0.000147454
13.2 9.8 4.26937e-05
13.4 9.8 1.14117e-05
13.6 9.8 2.81588e-06
13.8 9.8 6.41445e-07
14 9.8 1.34892e-07
14.2 9.8 2.61877e-08
14.4 9.8 4.69344e-09
14.6 9.8 7.76556e-10
14.8 9.8 1.18579e-10
5.2 10 1.23417e-10
5.4 10 8.08238e-10
5.6 10 4.88492e-09
5.8 10 2.7256e-08
6 10 1.40395e-07
6.2 10 6.67614e-07
6.4 10 2.93076e-06
6.6 10 1.18772e-05
6.8 10 4.44355e-05
7 10 0.000153469
7.2 10 0.000489317
7.4 10 0.00144024
7.6 10 0.0039134
7.8 10 0.00981628
8 10 0.0227307
8.2 10 0.0485904
8.4 10 0.095887
8.6 10 0.174679
8.8 10 0.293758
9 10 0.456048
9.2 10 0.653583
9.4 10 0.864689
9.6 10 1.05606
9.8 10 1.19065
10 10 1.23923
10.2 10 1.19065
10.4 10 1.05606
10.6 10 0.864689
10.8 10 0.653583
11 10 0.456048
11.2 10 0.293758
11.4 10 0.174679
11.6 10 0.095887
11.8 10 0.0485904
12 10 0.0227307
12.2 10 0.00981628
12.4 10 0.0039134
12.6 10 0.00144024
12.8 10 0.000489317
13 10 0.000153469
13.2 10 4.44355e-05
13.4 10 1.18772e-05
13.6 10 2.93076e-06
13.8 10 6.67614e-07
14 10 1.40395e-07
14.2 10 2.7256e-08
14.4 10 4.88492e-09
14.6 10 8.08238e-10
14.8 10 1.23417e-10
5.2 10.2 1.18579e-10
5.4 10.2 7.76556e-10
5.6 10.2 4.69344e-09
5.8 10.2 2.61877e-08
6 10.2 1.34892e-07
6.2 10.2 6.41445e-07
6.4 10.2 2.81588e-06
6.6 10.2 1.14117e-05
6.8 10.2 4.26937e-05
7 10.2 0.000147454
7.2 10.2 0.000470137
7.4 10.2 0.00138379
7.6 10.2 0.00376
7.8 10.2 0.00943151
8 10.2 0.0218397
8.2 10.2 0.0466858
8.4 10.2 0.0921285
8.6 10.2 0.167832
8.8 10.2 0.282244
9 10.2 0.438172
9.2 10.2 0.627964
9.4 10.2 0.830795
9.6 10.2 1.01466
9.8 10.2 1.14398
10 10.2 1.19065
10.2 10.2 1.14398
10.4 10.2 1.01466
10.6 10.2 0.830795
10.8 10.2 0.627964
11 10.2 0.438172
11.2 10.2 0.282244
11.4 10.2 0.167832
11.6 10.2 0.0921285
11.8 10.2 0.0466858
12 10.2 0.0218397
12.2 10.2 0.00943151
12.4 10.2 0.00376
12.6 10.2 0.00138379
12.8 10.2 0.000470137
13 10.2 0.000147454
13.2 10.2 4.26937e-05
13.4 10.2 1.14117e-05
13.6 10.2 2.81588e-06
13.8 10.2 6.41445e-07
14 10.2 1.34892e-07
14.2 10.2 2.61877e-08
14.4 10.2 4.69344e-09
14.6 10.2 7.76556e-10
14.8 10.2 1.18579e-10
5.2 10.4 1.05174e-10
5.4 10.4 6.8877e-10
5.6 10.4 4.16287e-09
5.8 10.4 2.32273e-08
6 10.4 1.19643e-07
6.2 10.4 5.68934e-07
6.4 10.4 2.49756e-06
6.6 10.4 1.01217e-05
6.8 10.4 3.78675e-05
7 10.4 0.000130785
7.2 10.4 0.000416992
7.4 10.4 0.00122736
7.6 10.4 0.00333496
7.8 10.4 0.00836534
8 10.4 0.0193709
8.2 10.4 0.0414083
8.4 10.4 0.081714
8.6 10.4 0.14886
8.8 10.4 0.250338
9 10.4 0.38864
9.2 10.4 0.556978
9.4 10.4 0.736881
9.6 10.4 0.899964
9.8 10.4 1.01466
10 10.4 1.05606
10.2 10.4 1.01466
10.4 10.4 0.899964
10.6 10.4 0.736881
10.8 10.4 0.556978
11 10.4 0.38864
11.2 10.4 0.250338
11.4 10.4 0.14886
11.6 10.4 0.081714
11.8 10.4 0.0414083
12 10.4 0.0193709
12.2 10.4 0.00836534
12.4 10.4 0.00333496
12.6 10.4 0.00122736
12.8 10.4 0.000416992
13 10.4 0.000130785
13.2 10.4 3.78675e-05
13.4 10.4 1.01217e-05
13.6 10.4 2.49756e-06
13.8 10.4 5.68934e-07
14 10.4 1.19643e-07
14.2 10.4 2.32273e-08
14.4 10.4 4.16287e-09
14.6 10.4 6.8877e-10
14.8 10.4 1.05174e-10
5.2 10.6 8.61149e-11
5.4 10.6 5.63953e-10
5.6 10.6 3.40849e-09
5.8 10.6 1.90181e-08
6 10.6 9.79621e-08
6.2 10.6 4.65834e-07
6.4 10.6 2.04497e-06
6.6 10.6 8.28747e-06
6.8 10.6 3.10054e-05
7 10.6 0.000107085
7.2 10.6 0.000341427
7.4 10.6 0.00100495
7.6 10.6 0.00273062
7.8 10.6 0.00684944
8 10.6 0.0158606
8.2 10.6 0.0339046
8.4 10.6 0.0669065
8.6 10.6 0.121885
8.8 10.6 0.204974
9 10.6 0.318214
9.2 10.6 0.456047
9.4 10.6 0.603349
9.6 10.6 0.736881
9.8 10.6 0.830795
10 10.6 0.864689
10.2 10.6 0.830795
10.4 10.6 0.736881
10.6 10.6 0.603349
10.8 10.6 0.456047
11 10.6 0.318214
11.2 10.6 0.204974
11.4 10.6 0.121885
11.6 10.6 0.0669065
11.8 10.6 0.0339046
12 10.6 0.0158606
12.2 10.6 0.00684944
12.4 10.6 0.00273062
12.6 10.6 0.00100495
12.8 10.6 0.000341427
13 10.6 0.000107085
13.2 10.6 3.10054e-05
13.4 10.6 8.28747e-06
13.6 10.6 2.04497e-06
13.8 10.6 4.65834e-07
14 10.6 9.79621e-08
14.2 10.6 1.90181e-08
14.4 10.6 3.40849e-09
14.6 10.6 5.63953e-10
14.8 10.6 8.61149e-11
5.2 10.8 6.50901e-11
5.4 10.8 4.26265e-10
5.6 10.8 2.57632e-09
5.8 10.8 1.43749e-08
6 10.8 7.4045e-08
6.2 10.8 3.52103e-07
6.4 10.8 1.5457e-06
6.6 10.8 6.26413e-06
6.8 10.8 2.34356e-05
7 10.8 8.0941e-05
7.2 10.8 0.00025807
7.4 10.8 0.000759596
7.6 10.8 0.00206396
7.8 10.8 0.0051772
8 10.8 0.0119884
8.2 10.8 0.0256271
8.4 10.8 0.0505718
8.6 10.8 0.0921274
8.8 10.8 0.154931
9 10.8 0.240525
9.2 10.8 0.344707
9.4 10.8 0.456047
9.6 10.8 0.556978
9.8 10.8 0.627964
10 10.8 0.653583
10.2 10.8 0.627964
10.4 10.8 0.556978
10.6 10.8 0.456047
10.8 10.8 0.344707
11 10.8 0.240525
11.2 10.8 0.154931
11.4 10.8 0.0921274
11.6 10.8 0.0505718
11.8 10.8 0.0256271
12 10.8 0.0119884
12.2 10.8 0.0051772
12.4 10.8 0.00206396
12.6 10.8 0.000759596
12.8 10.8 0.00025807
13 10.8 8.0941e-05
13.2 10.8 2.34356e-05
13.4 10.8 6.26413e-06
13.6 10.8 1.5457e-06
13.8 10.8 3.52103e-07
14 10.8 7.4045e-08
14.2 10.8 1.43749e-08
14.4 10.8 2.57632e-09
14.6 10.8 4.26265e-10
14.8 10.8 6.50901e-11
5.2 11 4.54171e-11
5.4 11 2.9743e-10
5.6 11 1.79765e-09
5.8 11 1.00302e-08
6 11 5.16657e-08
6.2 11 2.45684e-07
6.4 11 1.07853e-06
6.6 11 4.37087e-06
6.8 11 1.63525e-05
7 11 5.64776e-05
7.2 11 0.000180072
7.4 11 0.000530018
7.6 11 0.00144016
7.8 11 0.00361247
8 11 0.00836508
8.2 11 0.0178817
8.4 11 0.0352873
8.6 11 0.0642834
8.8 11 0.108106
9 11 0.16783
9.2 11 0.240525
9.4 11 0.318214
9.6 11 0.38864
9.8 11 0.438172
10 11 0.456048
10.2 11 0.438172
10.4 11 0.38864
10.6 11 0.318214
10.8 11 0.240525
11 11 0.16783
11.2 11 0.108106
11.4 11 0.0642834
11.6 11 0.0352873
11.8 11 0.0178817
12 11 0.00836508
12.2 11 0.00361247
12.4 11 0.00144016
12.6 11 0.000530018
12.8 11 0.000180072
13 11 5.64776e-05
13.2 11 1.63525e-05
13.4 11 4.37087e-06
13.6 11 1.07853e-06
13.8 11 2.45684e-07
14 11 5.16657e-08
14.2 11 1.00302e-08
14.4 11 1.79765e-09
14.6 11 2.9743e-10
14.8 11 4.54171e-11
5.2 11.2 2.92544e-11
5.4 11.2 1.91583e-10
5.6 11.2 1.15792e-09
5.8 11.2 6.46078e-09
6 11.2 3.32795e-08
6.2 11.2 1.58253e-07
6.4 11.2 6.94717e-07
6.6 11.2 2.81543e-06
6.8 11.2 1.05332e-05
7 11.2 3.63792e-05
7.2 11.2 0.000115991
7.4 11.2 0.000341404
7.6 11.2 0.00092766
7.8 11.2 0.00232692
8 11.2 0.00538826
8.2 11.2 0.0115183
8.4 11.2 0.0227299
8.6 11.2 0.0414074
8.8 11.2 0.0696352
9 11.2 0.108106
9.2 11.2 0.154931
9.4 11.2 0.204974
9.6 11.2 0.250338
9.8 11.2 0.282244
10 11.2 0.293758
10.2 11.2 0.282244
10.4 11.2 0.250338
10.6 11.2 0.204974
10.8 11.2 0.154931
11 11.2 0.108106
11.2 11.2 0.0696352
11.4 11.2 0.0414074
11.6 11.2 0.0227299
11.8 11.2 0.0115183
12 11.2 0.00538826
12.2 11.2 0.00232692
12.4 11.2 0.00092766
12.6 11.2 0.000341404
12.8 11.2 0.000115991
13 11.2 3.63792e-05
13.2 11.2 1.05332e-05
13.4 11.2 2.81543e-06
13.6 11.2 6.94717e-07
13.8 11.2 1.58253e-07
14 11.2 3.32795e-08
14.2 11.2 6.46078e-09
14.4 11.2 1.15792e-09
14.6 11.2 1.91583e-10
14.8 11.2 2.92544e-11
5.2 11.4 1.73953e-11
5.4 11.4 1.1392e-10
5.6 11.4 6.88526e-10
5.8 11.4 3.84174e-09
6 11.4 1.97889e-08
6.2 11.4 9.41014e-08
6.4 11.4 4.13098e-07
6.6 11.4 1.67413e-06
6.8 11.4 6.26334e-06
7 11.4 2.16322e-05
7.2 11.4 6.89716e-05
7.4 11.4 0.000203009
7.6 11.4 0.000551615
7.8 11.4 0.00138366
8 11.4 0.00320403
8.2 11.4 0.00684913
8.4 11.4 0.0135159
8.6 11.4 0.0246222
8.8 11.4 0.0414074
9 11.4 0.0642834
9.2 11.4 0.0921274
9.4 11.4 0.121885
9.6 11.4 0.14886
9.8 11.4 0.167832
10 11.4 0.174679
10.2 11.4 0.167832
10.4 11.4 0.14886
10.6 11.4 0.121885
10.8 11.4 0.0921274
11 11.4 0.0642834
11.2 11.4 0.0414074
11.4 11.4 0.0246222
11.6 11.4 0.0135159
11.8 11.4 0.00684913
12 11.4 0.00320403
12.2 11.4 0.00138366
12.4 11.4 0.000551615
12.6 11.4 0.000203009
12.8 11.4 6.89716e-05
13 11.4 2.16322e-05
13.2 11.4 6.26334e-06
13.4 11.4 1.67413e-06
13.6 11.4 4.13098e-07
13.8 11.4 9.41014e-08
14 11.4 1.97889e-08
14.2 11.4 3.84174e-09
14.4 11.4 6.88526e-10
14.6 11.4 1.1392e-10
14.8 11.4 1.73953e-11
5.2 11.6 9.54866e-12
5.4 11.6 6.25331e-11
5.6 11.6 3.77948e-10
5.8 11.6 2.10883e-09
6 11.6 1.08626e-08
6.2 11.6 5.16547e-08
6.4 11.6 2.26761e-07
6.6 11.6 9.18978e-07
6.8 11.6 3.43813e-06
7 11.6 1.18745e-05
7.2 11.6 3.78606e-05
7.4 11.6 0.000111438
7.6 11.6 0.000302799
7.8 11.6 0.000759536
8 11.6 0.00175879
8.2 11.6 0.00375971
8.4 11.6 0.00741933
8.6 11.6 0.0135159
8.8 11.6 0.0227299
9 11.6 0.0352873
9.2 11.6 0.0505718
9.4 11.6 0.0669065
9.6 11.6 0.081714
9.8 11.6 0.0921285
10 11.6 0.095887
10.2 11.6 0.0921285
10.4 11.6 0.081714
10.6 11.6 0.0669065
10.8 11.6 0.0505718
11 11.6 0.0352873
11.2 11.6 0.0227299
11.4 11.6 0.0135159
11.6 11.6 0.00741933
11.8 11.6 0.00375971
12 11.6 0.00175879
12.2 11.6 0.000759536
12.4 11.6 0.000302799
12.6 11.6 0.000111438
12.8 11.6 3.78606e-05
13 11.6 1.18745e-05
13.2 11.6 3.43813e-06
13.4 11.6 9.18978e-07
13.6 11.6 2.26761e-07
13.8 11.6 5.16547e-08
14 11.6 1.08626e-08
14.2 11.6 2.10883e-09
14.4 11.6 3.77948e-10
14.6 11.6 6.25331e-11
14.8 11.6 9.54866e-12
5.2 11.8 4.83862e-12
5.4 11.8 3.16876e-11
5.6 11.8 1.9152e-10
5.8 11.8 1.06862e-09
6 11.8 5.50449e-09
6.2 11.8 2.61754e-08
6.4 11.8 1.14909e-07
6.6 11.8 4.65683e-07
6.8 11.8 1.74224e-06
7 11.8 6.01732e-06
7.2 11.8 1.91856e-05
7.4 11.8 5.64704e-05
7.6 11.8 0.000153441
7.8 11.8 0.00038489
8 11.8 0.00089126
8.2 11.8 0.00190521
8.4 11.8 0.00375971
8.6 11.8 0.00684913
8.8 11.8 0.0115183
9 11.8 0.0178817
9.2 11.8 0.0256271
9.4 11.8 0.0339046
9.6 11.8 0.0414083
9.8 11.8 0.0466858
10 11.8 0.0485904
10.2 11.8 0.0466858
10.4 11.8 0.0414083
10.6 11.8 0.0339046
10.8 11.8 0.0256271
11 11.8 0.0178817
11.2 11.8 0.0115183
11.4 11.8 0.00684913
11.6 11.8 0.00375971
11.8 11.8 0.00190521
12 11.8 0.00089126
12.2 11.8 0.00038489
12.4 11.8 0.000153441
12.6 11.8 5.64704e-05
12.8 11.8 1.91856e-05
13 11.8 6.01732e-06
13.2 11.8 1.74224e-06
13.4 11.8 4.65683e-07
13.6 11.8 1.14909e-07
13.8 11.8 2.61754e-08
14 11.8 5.50449e-09
14.2 11.8 1.06862e-09
14.4 11.8 1.9152e-10
14.6 11.8 3.16876e-11
14.8 11.8 4.83862e-12
5.2 12 2.26345e-12
5.4 12 1.48231e-11
5.6 12 8.9591e-11
5.8 12 4.99891e-10
6 12 2.57496e-09
6.2 12 1.22447e-08
6.4 12 5.37536e-08
6.6 12 2.17845e-07
6.8 12 8.15014e-07
7 12 2.81488e-06
7.2 12 8.97496e-06
7.4 12 2.64168e-05
7.6 12 7.17797e-05
7.8 12 0.000180051
8 12 0.000416931
8.2 12 0.00089126
8.4 12 0.00175879
8.6 12 0.00320403
8.8 12 0.00538826
9 12 0.00836508
9.2 12 0.0119884
9.4 12 0.0158606
9.6 12 0.0193709
9.8 12 0.0218397
10 12 0.0227307
10.2 12 0.0218397
10.4 12 0.0193709
10.6 12 0.0158606
10.8 12 0.0119884
11 12 0.00836508
11.2 12 0.00538826
11.4 12 0.00320403
11.6 12 0.00175879
11.8 12 0.00089126
12 12 0.000416931
12.2 12 0.000180051
12.4 12 7.17797e-05
12.6 12 2.64168e-05
12.8 12 8.97496e-06
13 12 2.81488e-06
13.2 12 8.15014e-07
13.4 12 2.17845e-07
13.6 12 5.37536e-08
13.8 12 1.22447e-08
14 12 2.57496e-09
14.2 12 4.99891e-10
14.4 12 8.9591e-11
14.6 12 1.48231e-11
14.8 12 2.26345e-12
5.2 12.2 9.77442e-13
5.4 12.2 6.40119e-12
5.6 12.2 3.86889e-11
5.8 12.2 2.15873e-10
6 12.2 1.11197e-09
6.2 12.2 5.28779e-09
6.4 12.2 2.32132e-08
6.6 12.2 9.40751e-08
6.8 12.2 3.5196e-07
7 12.2 1.2156e-06
7.2 12.2 3.87581e-06
7.4 12.2 1.1408e-05
7.6 12.2 3.09979e-05
7.8 12.2 7.7755e-05
8 12.2 0.000180051
8.2 12.2 0.00038489
8.4 12.2 0.000759536
8.6 12.2 0.00138366
8.8 12.2 0.00232692
9 12.2 0.00361247
9.2 12.2 0.0051772
9.4 12.2 0.00684944
9.6 12.2 0.00836534
9.8 12.2 0.00943151
10 12.2 0.00981628
10.2 12.2 0.00943151
10.4 12.2 0.00836534
10.6 12.2 0.00684944
10.8 12.2 0.0051772
11 12.2 0.00361247
11.2 12.2 0.00232692
11.4 12.2 0.00138366
11.6 12.2 0.000759536
11.8 12.2 0.00038489
12 12.2 0.000180051
12.2 12.2 7.7755e-05
12.4 12.2 3.09979e-05
12.6 12.2 1.1408e-05
12.8 12.2 3.87581e-06
13 12.2 1.2156e-06
13.2 12.2 3.5196e-07
13.4 12.2 9.40751e-08
13.6 12.2 2.32132e-08
13.8 12.2 5.28779e-09
14 12.2 1.11197e-09
14.2 12.2 2.15873e-10
14.4 12.2 3.86889e-11
14.6 12.2 6.40119e-12
14.8 12.2 9.77442e-13
5.2 12.4 3.89657e-13
5.4 12.4 2.55184e-12
5.6 12.4 1.54234e-11
5.8 12.4 8.60585e-11
6 12.4 4.43293e-10
6.2 12.4 2.108e-09
6.4 12.4 9.25407e-09
6.6 12.4 3.75037e-08
6.8 12.4 1.40312e-07
7 12.4 4.84609e-07
7.2 12.4 1.54513e-06
7.4 12.4 4.54793e-06
7.6 12.4 1.23577e-05
7.8 12.4 3.09979e-05
8 12.4 7.17797e-05
8.2 12.4 0.000153441
8.4 12.4 0.000302799
8.6 12.4 0.000551615
8.8 12.4 0.00092766
9 12.4 0.00144016
9.2 12.4 0.00206396
9.4 12.4 0.00273062
9.6 12.4 0.00333496
9.8 12.4 0.00376
10 12.4 0.0039134
10.2 12.4 0.00376
10.4 12.4 0.00333496
10.6 12.4 0.00273062
10.8 12.4 0.00206396
11 12.4 0.00144016
11.2 12.4 0.00092766
11.4 12.4 0.000551615
11.6 12.4 0.000302799
11.8 12.4 0.000153441
12 12.4 7.17797e-05
12.2 12.4 3.09979e-05
12.4 12.4 1.23577e-05
12.6 12.4 4.54793e-06
12.8 12.4 1.54513e-06
13 12.4 4.84609e-07
13.2 12.4 1.40312e-07
13.4 12.4 3.75037e-08
13.6 12.4 9.25407e-09
13.8 12.4 2.108e-09
14 12.4 4.43293e-10
14.2 12.4 8.60585e-11
14.4 12.4 1.54234e-11
14.6 12.4 2.55184e-12
14.8 12.4 3.89657e-13
5.2 12.6 1.43399e-13
5.4 12.6 9.39112e-13
5.6 12.6 5.67605e-12
5.8 12.6 3.1671e-11
6 12.6 1.6314e-10
6.2 12.6 7.75786e-10
6.4 12.6 3.40568e-09
6.6 12.6 1.38022e-08
6.8 12.6 5.16378e-08
7 12.6 1.78347e-07
7.2 12.6 5.68644e-07
7.4 12.6 1.67375e-06
7.6 12.6 4.54793e-06
7.8 12.6 1.1408e-05
8 12.6 2.64168e-05
8.2 12.6 5.64704e-05
8.4 12.6 0.000111438
8.6 12.6 0.000203009
8.8 12.6 0.000341404
9 12.6 0.000530018
9.2 12.6 0.000759596
9.4 12.6 0.00100495
9.6 12.6 0.00122736
9.8 12.6 0.00138379
10 12.6 0.00144024
10.2 12.6 0.00138379
10.4 12.6 0.00122736
10.6 12.6 0.00100495
10.8 12.6 0.000759596
11 12.6 0.000530018
11.2 12.6 0.000341404
11.4 12.6 0.000203009
11.6 12.6 0.000111438
11.8 12.6 5.64704e-05
12 12.6 2.64168e-05
12.2 12.6 1.1408e-05
12.4 12.6 4.54793e-06
12.6 12.6 1.67375e-06
12.8 12.6 5.68644e-07
13 12.6 1.78347e-07
13.2 12.6 5.16378e-08
13.4 12.6 1.38022e-08
13.6 12.6 3.40568e-09
13.8 12.6 7.75786e-10
14 12.6 1.6314e-10
14.2 12.6 3.1671e-11
14.4 12.6 5.67605e-12
14.6 12.6 9.39112e-13
14.8 12.6 1.43399e-13
5.2 12.8 4.87171e-14
5.4 12.8 3.19047e-13
5.6 12.8 1.92835e-12
5.8 12.8 1.07597e-11
6 12.8 5.54246e-11
6.2 12.8 2.63564e-10
6.4 12.8 1.15704e-09
6.6 12.8 4.68914e-09
6.8 12.8 1.75435e-08
7 12.8 6.05919e-08
7.2 12.8 1.93192e-07
7.4 12.8 5.68644e-07
7.6 12.8 1.54513e-06
7.8 12.8 3.87581e-06
8 12.8 8.97496e-06
8.2 12.8 1.91856e-05
8.4 12.8 3.78606e-05
8.6 12.8 6.89716e-05
8.8 12.8 0.000115991
9 12.8 0.000180072
9.2 12.8 0.00025807
9.4 12.8 0.000341427
9.6 12.8 0.000416992
9.8 12.8 0.000470137
10 12.8 0.000489317
10.2 12.8 0.000470137
10.4 12.8 0.000416992
10.6 12.8 0.000341427
10.8 12.8 0.00025807
11 12.8 0.000180072
11.2 12.8 0.000115991
11.4 12.8 6.89716e-05
11.6 12.8 3.78606e-05
11.8 12.8 1.91856e-05
12 12.8 8.97496e-06
12.2 12.8 3.87581e-06
12.4 12.8 1.54513e-06
12.6 12.8 5.68644e-07
12.8 12.8 1.93192e-07
13 12.8 6.05919e-08
13.2 12.8 1.75435e-08
13.4 12.8 4.68914e-09
13.6 12.8 1.15704e-09
13.8 12.8 2.63564e-10
14 12.8 5.54246e-11
14.2 12.8 1.07597e-11
14.4 12.8 1.92835e-12
14.6 12.8 3.19047e-13
14.8 12.8 4.87171e-14
5.2 13 1.52789e-14
5.4 13 1.00061e-13
5.6 13 6.04782e-13
5.8 13 3.37456e-12
6 13 1.73828e-11
6.2 13 8.26616e-11
6.4 13 3.62885e-10
6.6 13 1.47067e-09
6.8 13 5.50222e-09
7 13 1.90037e-08
7.2 13 6.05919e-08
7.4 13 1.78347e-07
7.6 13 4.84609e-07
7.8 13 1.2156e-06
8 13 2.81488e-06
8.2 13 6.01732e-06
8.4 13 1.18745e-05
8.6 13 2.16322e-05
8.8 13 3.63792e-05
9 13 5.64776e-05
9.2 13 8.0941e-05
9.4 13 0.000107085
9.6 13 0.000130785
9.8 13 0.000147454
10 13 0.000153469
10.2 13 0.000147454
10.4 13 0.000130785
10.6 13 0.000107085
10.8 13 8.0941e-05
11 13 5.64776e-05
11.2 13 3.63792e-05
11.4 13 2.16322e-05
11.6 13 1.18745e-05
11.8 13 6.01732e-06
12 13 2.81488e-06
12.2 13 1.2156e-06
12.4 13 4.84609e-07
12.6 13 1.78347e-07
12.8 13 6.05919e-08
13 13 1.90037e-08
13.2 13 5.50222e-09
13.4 13 1.47067e-09
13.6 13 3.62885e-10
13.8 13 8.26616e-11
14 13 1.73828e-11
14.2 13 3.37456e-12
14.4 13 6.04782e-13
14.6 13 1.00061e-13
14.8 13 1.52789e-14
5.2 13.2 4.42359e-15
5.4 13.2 2.89702e-14
5.6 13.2 1.751e-13
5.8 13.2 9.77029e-13
6 13.2 5.03282e-12
6.2 13.2 2.3933e-11
6.4 13.2 1.05067e-10
6.6 13.2 4.25806e-10
6.8 13.2 1.59307e-09
7 13.2 5.50222e-09
7.2 13.2 1.75435e-08
7.4 13.2 5.16378e-08
7.6 13.2 1.40312e-07
7.8 13.2 3.5196e-07
8 13.2 8.15014e-07
8.2 13.2 1.74224e-06
8.4 13.2 3.43813e-06
8.6 13.2 6.26334e-06
8.8 13.2 1.05332e-05
9 13.2 1.63525e-05
9.2 13.2 2.34356e-05
9.4 13.2 3.10054e-05
9.6 13.2 3.78675e-05
9.8 13.2 4.26937e-05
10 13.2 4.44355e-05
10.2 13.2 4.26937e-05
10.4 13.2 3.78675e-05
10.6 13.2 3.10054e-05
10.8 13.2 2.34356e-05
11 13.2 1.63525e-05
11.2 13.2 1.05332e-05
11.4 13.2 6.26334e-06
11.6 13.2 3.43813e-06
11.8 13.2 1.74224e-06
12 13.2 8.15014e-07
12.2 13.2 3.5196e-07
12.4 13.2 1.40312e-07
12.6 13.2 5.16378e-08
12.8 13.2 1.75435e-08
13 13.2 5.50222e-09
13.2 13.2 1.59307e-09
13.4 13.2 4.25806e-10
13.6 13.2 1.05067e-10
13.8 13.2 2.3933e-11
14 13.2 5.03282e-12
14.2 13.2 9.77029e-13
14.4 13.2 1.751e-13
14.6 13.2 2.89702e-14
14.8 13.2 4.42359e-15
5.2 13.4 1.18232e-15
5.4 13.4 7.74308e-15
5.6 13.4 4.68006e-14
5.8 13.4 2.6114e-13
6 13.4 1.34518e-12
6.2 13.4 6.39688e-12
6.4 13.4 2.80826e-11
6.6 13.4 1.13811e-10
6.8 13.4 4.25806e-10
7 13.4 1.47067e-09
7.2 13.4 4.68914e-09
7.4 13.4 1.38022e-08
7.6 13.4 3.75037e-08
7.8 13.4 9.40751e-08
8 13.4 2.17845e-07
8.2 13.4 4.65683e-07
8.4 13.4 9.18978e-07
8.6 13.4 1.67413e-06
8.8 13.4 2.81543e-06
9 13.4 4.37087e-06
9.2 13.4 6.26413e-06
9.4 13.4 8.28747e-06
9.6 13.4 1.01217e-05
9.8 13.4 1.14117e-05
10 13.4 1.18772e-05
10.2 13.4 1.14117e-05
10.4 13.4 1.01217e-05
10.6 13.4 8.28747e-06
10.8 13.4 6.26413e-06
11 13.4 4.37087e-06
11.2 13.4 2.81543e-06
11.4 13.4 1.67413e-06
11.6 13.4 9.18978e-07
11.8 13.4 4.65683e-07
12 13.4 2.17845e-07
12.2 13.4 9.40751e-08
12.4 13.4 3.75037e-08
12.6 13.4 1.38022e-08
12.8 13.4 4.68914e-09
13 13.4 1.47067e-09
13.2 13.4 4.25806e-10
13.4 13.4 1.13811e-10
13.6 13.4 2.80826e-11
13.8 13.4 6.39688e-12
14 13.4 1.34518e-12
14.2 13.4 2.6114e-13
14.4 13.4 4.68006e-14
14.6 13.4 7.74308e-15
14.8 13.4 1.18232e-15
5.2 13.6 2.91724e-16
5.4 13.6 1.91052e-15
5.6 13.6 1.15476e-14
5.8 13.6 6.44344e-14
6 13.6 3.31914e-13
6.2 13.6 1.5784e-12
6.4 13.6 6.92926e-12
6.6 13.6 2.80826e-11
6.8 13.6 1.05067e-10
7 13.6 3.62885e-10
7.2 13.6 1.15704e-09
7.4 13.6 3.40568e-09
7.6 13.6 9.25407e-09
7.8 13.6 2.32132e-08
8 13.6 5.37536e-08
8.2 13.6 1.14909e-07
8.4 13.6 2.26761e-07
8.6 13.6 4.13098e-07
8.8 13.6 6.94717e-07
9 13.6 1.07853e-06
9.2 13.6 1.5457e-06
9.4 13.6 2.04497e-06
9.6 13.6 2.49756e-06
9.8 13.6 2.81588e-06
10 13.6 2.93076e-06
10.2 13.6 2.81588e-06
10.4 13.6 2.49756e-06
10.6 13.6 2.04497e-06
10.8 13.6 1.5457e-06
11 13.6 1.07853e-06
11.2 13.6 6.94717e-07
11.4 13.6 4.13098e-07
11.6 13.6 2.26761e-07
11.8 13.6 1.14909e-07
12 13.6 5.37536e-08
12.2 13.6 2.32132e-08
12.4 13.6 9.25407e-09
12.6 13.6 3.40568e-09
12.8 13.6 1.15704e-09
13 13.6 3.62885e-10
13.2 13.6 1.05067e-10
13.4 13.6 2.80826e-11
13.6 13.6 6.92926e-12
13.8 13.6 1.5784e-12
14 13.6 3.31914e-13
14.2 13.6 6.44344e-14
14.4 13.6 1.15476e-14
14.6 13.6 1.91052e-15
14.8 13.6 2.91724e-16
5.2 13.8 6.64488e-17
5.4 13.8 4.35181e-16
5.6 13.8 2.63034e-15
5.8 13.8 1.46771e-14
6 13.8 7.56051e-14
6.2 13.8 3.59537e-13
6.4 13.8 1.5784e-12
6.6 13.8 6.39688e-12
6.8 13.8 2.3933e-11
7 13.8 8.26616e-11
7.2 13.8 2.63564e-10
7.4 13.8 7.75786e-10
7.6 13.8 2.108e-09
7.8 13.8 5.28779e-09
8 13.8 1.22447e-08
8.2 13.8 2.61754e-08
8.4 13.8 5.16547e-08
8.6 13.8 9.41014e-08
8.8 13.8 1.58253e-07
9 13.8 2.45684e-07
9.2 13.8 3.52103e-07
9.4 13.8 4.65834e-07
9.6 13.8 5.68934e-07
9.8 13.8 6.41445e-07
10 13.8 6.67614e-07
10.2 13.8 6.41445e-07
10.4 13.8 5.68934e-07
10.6 13.8 4.65834e-07
10.8 13.8 3.52103e-07
11 13.8 2.45684e-07
11.2 13.8 1.58253e-07
11.4 13.8 9.41014e-08
11.6 13.8 5.16547e-08
11.8 13.8 2.61754e-08
12 13.8 1.22447e-08
12.2 13.8 5.28779e-09
12.4 13.8 2.108e-09
12.6 13.8 7.75786e-10
12.8 13.8 2.63564e-10
13 13.8 8.26616e-11
13.2 13.8 2.3933e-11
13.4 13.8 6.39688e-12
13.6 13.8 1.5784e-12
13.8 13.8 3.59537e-13
14 13.8 7.56051e-14
14.2 13.8 1.46771e-14
14.4 13.8 2.63034e-15
14.6 13.8 4.35181e-16
14.8 13.8 6.64488e-17
5.2 14 1.39727e-17
5.4 14 9.15095e-17
5.6 14 5.53111e-16
5.8 14 3.08633e-15
6 14 1.58985e-14
6.2 14 7.56051e-14
6.4 14 3.31914e-13
6.6 14 1.34518e-12
6.8 14 5.03282e-12
7 14 1.73828e-11
7.2 14 5.54246e-11
7.4 14 1.6314e-10
7.6 14 4.43293e-10
7.8 14 1.11197e-09
8 14 2.57496e-09
8.2 14 5.50449e-09
8.4 14 1.08626e-08
8.6 14 1.97889e-08
8.8 14 3.32795e-08
9 14 5.16657e-08
9.2 14 7.4045e-08
9.4 14 9.79621e-08
9.6 14 1.19643e-07
9.8 14 1.34892e-07
10 14 1.40395e-07
10.2 14 1.34892e-07
10.4 14 1.19643e-07
10.6 14 9.79621e-08
10.8 14 7.4045e-08
11 14 5.16657e-08
11.2 14 3.32795e-08
11.4 14 1.97889e-08
11.6 14 1.08626e-08
11.8 14 5.50449e-09
12 14 2.57496e-09
12.2 14 1.11197e-09
12.4 14 4.43293e-10
12.6 14 1.6314e-10
12.8 14 5.54246e-11
13 14 1.73828e-11
13.2 14 5.03282e-12
13.4 14 1.34518e-12
13.6 14 3.31914e-13
13.8 14 7.56051e-14
14 14 1.58985e-14
14.2 14 3.08633e-15
14.4 14 5.53111e-16
14.6 14 9.15095e-17
14.8 14 1.39727e-17
5.2 14.2 2.71242e-18
5.4 14.2 1.77641e-17
5.6 14.2 1.07372e-16
5.8 14.2 5.99137e-16
6 14.2 3.08633e-15
6.2 14.2 1.46771e-14
6.4 14.2 6.44344e-14
6.6 14.2 2.6114e-13
6.8 14.2 9.77029e-13
7 14.2 3.37456e-12
7.2 14.2 1.07597e-11
7.4 14.2 3.1671e-11
7.6 14.2 8.60585e-11
7.8 14.2 2.15873e-10
8 14.2 4.99891e-10
8.2 14.2 1.06862e-09
8.4 14.2 2.10883e-09
8.6 14.2 3.84174e-09
8.8 14.2 6.46078e-09
9 14.2 1.00302e-08
9.2 14.2 1.43749e-08
9.4 14.2 1.90181e-08
9.6 14.2 2.32273e-08
9.8 14.2 2.61877e-08
10 14.2 2.7256e-08
10.2 14.2 2.61877e-08
10.4 14.2 2.32273e-08
10.6 14.2 1.90181e-08
10.8 14.2 1.43749e-08
11 14.2 1.00302e-08
11.2 14.2 6.46078e-09
11.4 14.2 3.84174e-09
11.6 14.2 2.10883e-09
11.8 14.2 1.06862e-09
12 14.2 4.99891e-10
12.2 14.2 2.15873e-10
12.4 14.2 8.60585e-11
12.6 14.2 3.1671e-11
12.8 14.2 1.07597e-11
13 14.2 3.37456e-12
13.2 14.2 9.77029e-13
13.4 14.2 2.6114e-13
13.6 14.2 6.44344e-14
13.8 14.2 1.46771e-14
14 14.2 3.08633e-15
14.2 14.2 5.99137e-16
14.4 14.2 1.07372e-16
14.6 14.2 1.77641e-17
14.8 14.2 2.71242e-18
5.2 14.4 4.86087e-19
5.4 14.4 3.18349e-18
5.6 14.4 1.92422e-17
5.8 14.4 1.07372e-16
6 14.4 5.53111e-16
6.2 14.4 2.63034e-15
6.4 14.4 1.15476e-14
6.6 14.4 4.68006e-14
6.8 14.4 1.751e-13
7 14.4 6.04782e-13
7.2 14.4 1.92835e-12
7.4 14.4 5.67605e-12
7.6 14.4 1.54234e-11
7.8 14.4 3.86889e-11
8 14.4 8.9591e-11
8.2 14.4 1.9152e-10
8.4 14.4 3.77948e-10
8.6 14.4 6.88526e-10
8.8 14.4 1.15792e-09
9 14.4 1.79765e-09
9.2 14.4 2.57632e-09
9.4 14.4 3.40849e-09
9.6 14.4 4.16287e-09
9.8 14.4 4.69344e-09
10 14.4 4.88492e-09
10.2 14.4 4.69344e-09
10.4 14.4 4.16287e-09
10.6 14.4 3.40849e-09
10.8 14.4 2.57632e-09
11 14.4 1.79765e-09
11.2 14.4 1.15792e-09
11.4 14.4 6.88526e-10
11.6 14.4 3.77948e-10
11.8 14.4 1.9152e-10
12 14.4 8.9591e-11
12.2 14.4 3.86889e-11
12.4 14.4 1.54234e-11
12.6 14.4 5.67605e-12
12.8 14.4 1.92835e-12
13 14.4 6.04782e-13
13.2 14.4 1.751e-13
13.4 14.4 4.68006e-14
13.6 14.4 1.15476e-14
13.8 14.4 2.63034e-15
14 14.4 5.53111e-16
14.2 14.4 1.07372e-16
14.4 14.4 1.92422e-17
14.6 14.4 3.18349e-18
14.8 14.4 4.86087e-19
5.2 14.6 8.04182e-20
5.4 14.6 5.2668e-19
5.6 14.6 3.18349e-18
5.8 14.6 1.77641e-17
6 14.6 9.15095e-17
6.2 14.6 4.35181e-16
6.4 14.6 1.91052e-15
6.6 14.6 7.74308e-15
6.8 14.6 2.89702e-14
7 14.6 1.00061e-13
7.2 14.6 3.19047e-13
7.4 14.6 9.39112e-13
7.6 14.6 2.55184e-12
7.8 14.6 6.40119e-12
8 14.6 1.48231e-11
8.2 14.6 3.16876e-11
8.4 14.6 6.25331e-11
8.6 14.6 1.1392e-10
8.8 14.6 1.91583e-10
9 14.6 2.9743e-10
9.2 14.6 4.26265e-10
9.4 14.6 5.63953e-10
9.6 14.6 6.8877e-10
9.8 14.6 7.76556e-10
10 14.6 8.08238e-10
10.2 14.6 7.76556e-10
10.4 14.6 6.8877e-10
10.6 14.6 5.63953e-10
10.8 14.6 4.26265e-10
11 14.6 2.9743e-10
11.2 14.6 1.91583e-10
11.4 14.6 1.1392e-10
11.6 14.6 6.25331e-11
11.8 14.6 3.16876e-11
12 14.6 1.48231e-11
12.2 14.6 6.40119e-12
12.4 14.6 2.55184e-12
12.6 14.6 9.39112e-13
12.8 14.6 3.19047e-13
13 14.6 1.00061e-13
13.2 14.6 2.89702e-14
13.4 14.6 7.74308e-15
13.6 14.6 1.91052e-15
13.8 14.6 4.35181e-16
14 14.6 9.15095e-17
14.2 14.6 1.77641e-17
14.4 14.6 3.18349e-18
14.6 14.6 5.2668e-19
14.8 14.6 8.04182e-20
5.2 14.8 1.22789e-20
5.4 14.8 8.04182e-20
5.6 14.8 4.86087e-19
5.8 14.8 2.71242e-18
6 14.8 1.39727e-17
6.2 14.8 6.64488e-17
6.4 14.8 2.91724e-16
6.6 14.8 1.18232e-15
6.8 14.8 4.42359e-15
7 14.8 1.52789e-14
7.2 14.8 4.87171e-14
7.4 14.8 1.43399e-13
7.6 14.8 3.89657e-13
7.8 14.8 9.77442e-13
8 14.8 2.26345e-12
8.2 14.8 4.83862e-12
8.4 14.8 9.54866e-12
8.6 14.8 1.73953e-11
8.8 14.8 2.92544e-11
9 14.8 4.54171e-11
9.2 14.8 6.50901e-11
9.4 14.8 8.61149e-11
9.6 14.8 1.05174e-10
9.8 14.8 1.18579e-10
10 14.8 1.23417e-10
10.2 14.8 1.18579e-10
10.4 14.8 1.05174e-10
10.6 14.8 8.61149e-11
10.8 14.8 6.50901e-11
11 14.8 4.54171e-11
11.2 14.8 2.92544e-11
11.4 14.8 1.73953e-11
11.6 14.8 9.54866e-12
11.8 14.8 4.83862e-12
12 14.8 2.26345e-12
12.2 14.8 9.77442e-13
12.4 14.8 3.89657e-13
12.6 14.8 1.43399e-13
12.8 14.8 4.87171e-14
13 14.8 1.52789e-14
13.2 14.8 4.42359e-15
13.4 14.8 1.18232e-15
13.6 14.8 2.91724e-16
13.8 14.8 6.64488e-17
14 14.8 1.39727e-17
14.2 14.8 2.71242e-18
14.4 14.8 4.86087e-19
14.6 14.8 8.04182e-20
14.8 14.8 1.22789e-20

