5.2 5.2 1.03398e-20
5.4 5.2 6.76747e-20
5.6 5.2 4.0871e-19
5.8 5.2 2.27885e-18
6 5.2 1.17307e-17
6.2 5.2 5.57487e-17
6.4 5.2 2.44596e-16
6.6 5.2 9.90748e-16
6.8 5.2 3.70488e-15
7 5.2 1.27903e-14
7.2 5.2 4.07643e-14
7.4 5.2 1.19942e-13
7.6 5.2 3.25799e-13
7.8 5.2 8.1699e-13
8 5.2 1.89134e-12
8.2 5.2 4.0421e-12
8.4 5.2 7.97496e-12
8.6 5.2 1.45255e-11
8.8 5.2 2.4424e-11
9 5.2 3.79125e-11
9.2 5.2 5.43285e-11
9.4 5.2 7.18708e-11
9.6 5.2 8.77721e-11
9.8 5.2 9.89552e-11
10 5.2 1.02991e-10
10.2 5.2 9.89552e-11
10.4 5.2 8.77721e-11
10.6 5.2 7.18708e-11
10.8 5.2 5.43285e-11
11 5.2 3.79125e-11
11.2 5.2 2.4424e-11
11.4 5.2 1.45255e-11
11.6 5.2 7.97496e-12
11.8 5.2 4.0421e-12
12 5.2 1.89134e-12
12.2 5.2 8.1699e-13
12.4 5.2 3.25799e-13
12.6 5.2 1.19942e-13
12.8 5.2 4.07643e-14
13 5.2 1.27903e-14
13.2 5.2 3.70488e-15
13.4 5.2 9.90748e-16
13.6 5.2 2.44596e-16
13.8 5.2 5.57487e-17
14 5.2 1.17307e-17
14.2 5.2 2.27885e-18
14.4 5.2 4.0871e-19
14.6 5.2 6.76747e-20
14.8 5.2 1.03398e-20
5.2 5.4 6.76747e-20
5.4 5.4 4.42931e-19
5.6 5.4 2.67497e-18
5.8 5.4 1.49147e-17
6 5.4 7.67745e-17
6.2 5.4 3.64859e-16
6.4 5.4 1.60079e-15
6.6 5.4 6.48403e-15
6.8 5.4 2.42467e-14
7 5.4 8.37059e-14
7.2 5.4 2.66779e-13
7.4 5.4 7.84946e-13
7.6 5.4 2.13215e-12
7.8 5.4 5.34665e-12
8 5.4 1.23775e-11
8.2 5.4 2.64526e-11
8.4 5.4 5.21901e-11
8.6 5.4 9.50583e-11
8.8 5.4 1.59836e-10
9 5.4 2.48107e-10
9.2 5.4 3.55536e-10
9.4 5.4 4.70335e-10
9.6 5.4 5.74395e-10
9.8 5.4 6.47579e-10
10 5.4 6.7399e-10
10.2 5.4 6.47579e-10
10.4 5.4 5.74395e-10
10.6 5.4 4.70335e-10
10.8 5.4 3.55536e-10
11 5.4 2.48107e-10
11.2 5.4 1.59836e-10
11.4 5.4 9.50583e-11
11.6 5.4 5.21901e-11
11.8 5.4 2.64526e-11
12 5.4 1.23775e-11
12.2 5.4 5.34665e-12
12.4 5.4 2.13215e-12
12.6 5.4 7.84946e-13
12.8 5.4 2.66779e-13
13 5.4 8.37059e-14
13.2 5.4 2.42467e-14
13.4 5.4 6.48403e-15
13.6 5.4 1.60079e-15
13.8 5.4 3.64859e-16
14 5.4 7.67745e-17
14.2 5.4 1.49147e-17
14.4 5.4 2.67497e-18
14.6 5.4 4.42931e-19
14.8 5.4 6.76747e-20
5.2 5.6 4.0871e-19
5.4 5.6 2.67497e-18
5.6 5.6 1.61546e-17
5.8 5.6 9.00706e-17
6 5.6 4.63638e-16
6.2 5.6 2.20334e-15
6.4 5.6 9.66686e-15
6.6 5.6 3.91553e-14
6.8 5.6 1.46418e-13
7 5.6 5.05467e-13
7.2 5.6 1.61096e-12
7.4 5.6 4.73989e-12
7.6 5.6 1.28749e-11
7.8 5.6 3.22852e-11
8 5.6 7.47399e-11
8.2 5.6 1.5973e-10
8.4 5.6 3.1514e-10
8.6 5.6 5.73989e-10
8.8 5.6 9.6513e-10
9 5.6 1.49813e-09
9.2 5.6 2.1468e-09
9.4 5.6 2.83998e-09
9.6 5.6 3.46832e-09
9.8 5.6 3.91021e-09
10 5.6 4.06969e-09
10.2 5.6 3.91021e-09
10.4 5.6 3.46832e-09
10.6 5.6 2.83998e-09
10.8 5.6 2.1468e-09
11 5.6 1.49813e-09
11.2 5.6 9.6513e-10
11.4 5.6 5.73989e-10
11.6 5.6 3.1514e-10
11.8 5.6 1.5973e-10
12 5.6 7.47399e-11
12.2 5.6 3.22852e-11
12.4 5.6 1.28749e-11
12.6 5.6 4.73989e-12
12.8 5.6 1.61096e-12
13 5.6 5.05467e-13
13.2 5.6 1.46418e-13
13.4 5.6 3.91553e-14
13.6 5.6 9.66686e-15
13.8 5.6 2.20334e-15
14 5.6 4.63638e-16
14.2 5.6 9.00706e-17
14.4 5.6 1.61546e-17
14.6 5.6 2.67497e-18
14.8 5.6 4.0871e-19
5.2 5.8 2.27885e-18
5.4 5.8 1.49147e-17
5.6 5.8 9.00706e-17
5.8 5.8 5.02185e-16
6 5.8 2.58496e-15
6.2 5.8 1.22843e-14
6.4 5.8 5.38952e-14
6.6 5.8 2.18298e-13
6.8 5.8 8.16298e-13
7 5.8 2.81802e-12
7.2 5.8 8.98115e-12
7.4 5.8 2.64248e-11
7.6 5.8 7.17766e-11
7.8 5.8 1.79987e-10
8 5.8 4.16666e-10
8.2 5.8 8.9047e-10
8.4 5.8 1.75685e-09
8.6 5.8 3.19988e-09
8.8 5.8 5.38039e-09
9 5.8 8.35172e-09
9.2 5.8 1.19679e-08
9.4 5.8 1.58322e-08
9.6 5.8 1.9335e-08
9.8 5.8 2.17984e-08
10 5.8 2.26874e-08
10.2 5.8 2.17984e-08
10.4 5.8 1.9335e-08
10.6 5.8 1.58322e-08
10.8 5.8 1.19679e-08
11 5.8 8.35172e-09
11.2 5.8 5.38039e-09
11.4 5.8 3.19988e-09
11.6 5.8 1.75685e-09
11.8 5.8 8.9047e-10
12 5.8 4.16666e-10
12.2 5.8 1.79987e-10
12.4 5.8 7.17766e-11
12.6 5.8 2.64248e-11
12.8 5.8 8.98115e-12
13 5.8 2.81802e-12
13.2 5.8 8.16298e-13
13.4 5.8 2.18298e-13
13.6 5.8 5.38952e-14
13.8 5.8 1.22843e-14
14 5.8 2.58496e-15
14.2 5.8 5.02185e-16
14.4 5.8 9.00706e-17
14.6 5.8 1.49147e-17
14.8 5.8 2.27885e-18
5.2 6 1.17307e-17
5.4 6 7.67745e-17
5.6 6 4.63638e-16
5.8 6 2.58496e-15
6 6 1.33057e-14
6.2 6 6.32309e-14
6.4 6 2.77411e-13
6.6 6 1.12362e-12
6.8 6 4.2016e-12
7 6 1.45046e-11
7.2 6 4.62265e-11
7.4 6 1.36009e-10
7.6 6 3.69433e-10
7.8 6 9.26386e-10
8 6 2.14455e-09
8.2 6 4.58316e-09
8.4 6 9.04229e-09
8.6 6 1.64693e-08
8.8 6 2.7692e-08
9 6 4.29849e-08
9.2 6 6.15967e-08
9.4 6 8.14853e-08
9.6 6 9.95133e-08
9.8 6 1.12192e-07
10 6 1.16768e-07
10.2 6 1.12192e-07
10.4 6 9.95133e-08
10.6 6 8.14853e-08
10.8 6 6.15967e-08
11 6 4.29849e-08
11.2 6 2.7692e-08
11.4 6 1.64693e-08
11.6 6 9.04229e-09
11.8 6 4.58316e-09
12 6 2.14455e-09
12.2 6 9.26386e-10
12.4 6 3.69433e-10
12.6 6 1.36009e-10
12.8 6 4.62265e-11
13 6 1.45046e-11
13.2 6 4.2016e-12
13.4 6 1.12362e-12
13.6 6 2.77411e-13
13.8 6 6.32309e-14
14 6 1.33057e-14
14.2 6 2.58496e-15
14.4 6 4.63638e-16
14.6 6 7.67745e-17
14.8 6 1.17307e-17
5.2 6.2 5.57487e-17
5.4 6.2 3.64859e-16
5.6 6.2 2.20334e-15
5.8 6.2 1.22843e-14
6 6.2 6.32309e-14
6.2 6.2 3.0048e-13
6.4 6.2 1.31827e-12
6.6 6.2 5.33946e-12
6.8 6.2 1.99659e-11
7 6.2 6.89248e-11
7.2 6.2 2.19663e-10
7.4 6.2 6.46297e-10
7.6 6.2 1.75548e-09
7.8 6.2 4.40201e-09
8 6.2 1.01904e-08
8.2 6.2 2.17781e-08
8.4 6.2 4.29667e-08
8.6 6.2 7.82577e-08
8.8 6.2 1.31585e-07
9 6.2 2.04252e-07
9.2 6.2 2.92689e-07
9.4 6.2 3.87193e-07
9.6 6.2 4.72856e-07
9.8 6.2 5.33101e-07
10 6.2 5.54843e-07
10.2 6.2 5.33101e-07
10.4 6.2 4.72856e-07
10.6 6.2 3.87193e-07
10.8 6.2 2.92689e-07
11 6.2 2.04252e-07
11.2 6.2 1.31585e-07
11.4 6.2 7.82577e-08
11.6 6.2 4.29667e-08
11.8 6.2 2.17781e-08
12 6.2 1.01904e-08
12.2 6.2 4.40201e-09
12.4 6.2 1.75548e-09
12.6 6.2 6.46297e-10
12.8 6.2 2.19663e-10
13 6.2 6.89248e-11
13.2 6.2 1.99659e-11
13.4 6.2 5.33946e-12
13.6 6.2 1.31827e-12
13.8 6.2 3.0048e-13
14 6.2 6.32309e-14
14.2 6.2 1.22843e-14
14.4 6.2 2.20334e-15
14.6 6.2 3.64859e-16
14.8 6.2 5.57487e-17
5.2 6.4 2.44596e-16
5.4 6.4 1.60079e-15
5.6 6.4 9.66686e-15
5.8 6.4 5.38952e-14
6 6.4 2.77411e-13
6.2 6.4 1.31827e-12
6.4 6.4 5.78352e-12
6.6 6.4 2.3425e-11
6.8 6.4 8.75925e-11
7 6.4 3.02379e-10
7.2 6.4 9.63674e-10
7.4 6.4 2.83532e-09
7.6 6.4 7.70131e-09
7.8 6.4 1.93115e-08
8 6.4 4.4705e-08
8.2 6.4 9.55391e-08
8.4 6.4 1.88491e-07
8.6 6.4 3.43309e-07
8.8 6.4 5.77248e-07
9 6.4 8.96028e-07
9.2 6.4 1.28399e-06
9.4 6.4 1.69857e-06
9.6 6.4 2.07436e-06
9.8 6.4 2.33864e-06
10 6.4 2.43402e-06
10.2 6.4 2.33864e-06
10.4 6.4 2.07436e-06
10.6 6.4 1.69857e-06
10.8 6.4 1.28399e-06
11 6.4 8.96028e-07
11.2 6.4 5.77248e-07
11.4 6.4 3.43309e-07
11.6 6.4 1.88491e-07
11.8 6.4 9.55391e-08
12 6.4 4.4705e-08
12.2 6.4 1.93115e-08
12.4 6.4 7.70131e-09
12.6 6.4 2.83532e-09
12.8 6.4 9.63674e-10
13 6.4 3.02379e-10
13.2 6.4 8.75925e-11
13.4 6.4 2.3425e-11
13.6 6.4 5.78352e-12
13.8 6.4 1.31827e-12
14 6.4 2.77411e-13
14.2 6.4 5.38952e-14
14.4 6.4 9.66686e-15
14.6 6.4 1.60079e-15
14.8 6.4 2.44596e-16
5.2 6.6 9.90748e-16
5.4 6.6 6.48403e-15
5.6 6.6 3.91553e-14
5.8 6.6 2.18298e-13
6 6.6 1.12362e-12
6.2 6.6 5.33946e-12
6.4 6.6 2.3425e-11
6.6 6.6 9.48777e-11
6.8 6.6 3.54771e-10
7 6.6 1.2247e-09
7.2 6.6 3.90306e-09
7.4 6.6 1.14835e-08
7.6 6.6 3.11914e-08
7.8 6.6 7.82141e-08
8 6.6 1.8106e-07
8.2 6.6 3.86942e-07
8.4 6.6 7.63405e-07
8.6 6.6 1.39043e-06
8.8 6.6 2.33789e-06
9 6.6 3.62896e-06
9.2 6.6 5.20022e-06
9.4 6.6 6.87926e-06
9.6 6.6 8.40121e-06
9.8 6.6 9.47157e-06
10 6.6 9.85785e-06
10.2 6.6 9.47157e-06
10.4 6.6 8.40121e-06
10.6 6.6 6.87926e-06
10.8 6.6 5.20022e-06
11 6.6 3.62896e-06
11.2 6.6 2.33789e-06
11.4 6.6 1.39043e-06
11.6 6.6 7.63405e-07
11.8 6.6 3.86942e-07
12 6.6 1.8106e-07
12.2 6.6 7.82141e-08
12.4 6.6 3.11914e-08
12.6 6.6 1.14835e-08
12.8 6.6 3.90306e-09
13 6.6 1.2247e-09
13.2 6.6 3.54771e-10
13.4 6.6 9.48777e-11
13.6 6.6 2.3425e-11
13.8 6.6 5.33946e-12
14 6.6 1.12362e-12
14.2 6.6 2.18298e-13
14.4 6.6 3.91553e-14
14.6 6.6 6.48403e-15
14.8 6.6 9.90748e-16
5.2 6.8 3.70488e-15
5.4 6.8 2.42467e-14
5.6 6.8 1.46418e-13
5.8 6.8 8.16298e-13
6 6.8 4.2016e-12
6.2 6.8 1.99659e-11
6.4 6.8 8.75925e-11
6.6 6.8 3.54771e-10
6.8 6.8 1.32657e-09
7 6.8 4.57939e-09
7.2 6.8 1.45942e-08
7.4 6.8 4.29386e-08
7.6 6.8 1.16629e-07
7.8 6.8 2.92452e-07
8 6.8 6.77002e-07
8.2 6.8 1.44681e-06
8.4 6.8 2.85444e-06
8.6 6.8 5.19891e-06
8.8 6.8 8.74152e-06
9 6.8 1.35689e-05
9.2 6.8 1.94439e-05
9.4 6.8 2.57218e-05
9.6 6.8 3.14125e-05
9.8 6.8 3.54146e-05
10 6.8 3.68589e-05
10.2 6.8 3.54146e-05
10.4 6.8 3.14125e-05
10.6 6.8 2.57218e-05
10.8 6.8 1.94439e-05
11 6.8 1.35689e-05
11.2 6.8 8.74152e-06
11.4 6.8 5.19891e-06
11.6 6.8 2.85444e-06
11.8 6.8 1.44681e-06
12 6.8 6.77002e-07
12.2 6.8 2.92452e-07
12.4 6.8 1.16629e-07
12.6 6.8 4.29386e-08
12.8 6.8 1.45942e-08
13 6.8 4.57939e-09
13.2 6.8 1.32657e-09
13.4 6.8 3.54771e-10
13.6 6.8 8.75925e-11
13.8 6.8 1.99659e-11
14 6.8 4.2016e-12
14.2 6.8 8.16298e-13
14.4 6.8 1.46418e-13
14.6 6.8 2.42467e-14
14.8 6.8 3.70488e-15
5.2 7 1.27903e-14
5.4 7 8.37059e-14
5.6 7 5.05467e-13
5.8 7 2.81802e-12
6 7 1.45046e-11
6.2 7 6.89248e-11
6.4 7 3.02379e-10
6.6 7 1.2247e-09
6.8 7 4.57939e-09
7 7 1.58082e-08
7.2 7 5.03796e-08
7.4 7 1.48224e-07
7.6 7 4.02602e-07
7.8 7 1.00954e-06
8 7 2.33699e-06
8.2 7 4.99433e-06
8.4 7 9.85335e-06
8.6 7 1.79463e-05
8.8 7 3.01751e-05
9 7 4.68387e-05
9.2 7 6.71186e-05
9.4 7 8.87896e-05
9.6 7 0.000108433
9.8 7 0.000122248
10 7 0.000127234
10.2 7 0.000122248
10.4 7 0.000108433
10.6 7 8.87896e-05
10.8 7 6.71186e-05
11 7 4.68387e-05
11.2 7 3.01751e-05
11.4 7 1.79463e-05
11.6 7 9.85335e-06
11.8 7 4.99433e-06
12 7 2.33699e-06
12.2 7 1.00954e-06
12.4 7 4.02602e-07
12.6 7 1.48224e-07
12.8 7 5.03796e-08
13 7 1.58082e-08
13.2 7 4.57939e-09
13.4 7 1.2247e-09
13.6 7 3.02379e-10
13.8 7 6.89248e-11
14 7 1.45046e-11
14.2 7 2.81802e-12
14.4 7 5.05467e-13
14.6 7 8.37059e-14
14.8 7 1.27903e-14
5.2 7.2 4.07643e-14
5.4 7.2 2.66779e-13
5.6 7.2 1.61096e-12
5.8 7.2 8.98115e-12
6 7.2 4.62265e-11
6.2 7.2 2.19663e-10
6.4 7.2 9.63674e-10
6.6 7.2 3.90306e-09
6.8 7.2 1.45942e-08
7 7.2 5.03796e-08
7.2 7.2 1.60555e-07
7.4 7.2 4.72375e-07
7.6 7.2 1.28304e-06
7.8 7.2 3.21726e-06
8 7.2 7.44764e-06
8.2 7.2 1.59162e-05
8.4 7.2 3.1401e-05
8.6 7.2 5.71918e-05
8.8 7.2 9.61628e-05
9 7.2 0.000149267
9.2 7.2 0.000213895
9.4 7.2 0.000282956
9.6 7.2 0.000345556
9.8 7.2 0.000389581
10 7.2 0.000405469
10.2 7.2 0.000389581
10.4 7.2 0.000345556
10.6 7.2 0.000282956
10.8 7.2 0.000213895
11 7.2 0.000149267
11.2 7.2 9.61628e-05
11.4 7.2 5.71918e-05
11.6 7.2 3.1401e-05
11.8 7.2 1.59162e-05
12 7.2 7.44764e-06
12.2 7.2 3.21726e-06
12.4 7.2 1.28304e-06
12.6 7.2 4.72375e-07
12.8 7.2 1.60555e-07
13 7.2 5.03796e-08
13.2 7.2 1.45942e-08
13.4 7.2 3.90306e-09
13.6 7.2 9.63674e-10
13.8 7.2 2.19663e-10
14 7.2 4.62265e-11
14.2 7.2 8.98115e-12
14.4 7.2 1.61096e-12
14.6 7.2 2.66779e-13
14.8 7.2 4.07643e-14
5.2 7.4 1.19942e-13
5.4 7.4 7.84946e-13
5.6 7.4 4.73989e-12
5.8 7.4 2.64248e-11
6 7.4 1.36009e-10
6.2 7.4 6.46297e-10
6.4 7.4 2.83532e-09
6.6 7.4 1.14835e-08
6.8 7.4 4.29386e-08
7 7.4 1.48224e-07
7.2 7.4 4.72375e-07
7.4 7.4 1.38979e-06
7.6 7.4 3.77486e-06
7.8 7.4 9.46551e-06
8 7.4 2.19117e-05
8.2 7.4 4.68268e-05
8.4 7.4 9.23844e-05
8.6 7.4 0.000168263
8.8 7.4 0.000282918
9 7.4 0.000439152
9.2 7.4 0.000629291
9.4 7.4 0.000832473
9.6 7.4 0.00101664
9.8 7.4 0.00114617
10 7.4 0.00119291
10.2 7.4 0.00114617
10.4 7.4 0.00101664
10.6 7.4 0.000832473
10.8 7.4 0.000629291
11 7.4 0.000439152
11.2 7.4 0.000282918
11.4 7.4 0.000168263
11.6 7.4 9.23844e-05
11.8 7.4 4.68268e-05
12 7.4 2.19117e-05
12.2 7.4 9.46551e-06
12.4 7.4 3.77486e-06
12.6 7.4 1.38979e-06
12.8 7.4 4.72375e-07
13 7.4 1.48224e-07
13.2 7.4 4.29386e-08
13.4 7.4 1.14835e-08
13.6 7.4 2.83532e-09
13.8 7.4 6.46297e-10
14 7.4 1.36009e-10
14.2 7.4 2.64248e-11
14.4 7.4 4.73989e-12
14.6 7.4 7.84946e-13
14.8 7.4 1.19942e-13
5.2 7.6 3.25799e-13
5.4 7.6 2.13215e-12
5.6 7.6 1.28749e-11
5.8 7.6 7.17766e-11
6 7.6 3.69433e-10
6.2 7.6 1.75548e-09
6.4 7.6 7.70131e-09
6.6 7.6 3.11914e-08
6.8 7.6 1.16629e-07
7 7.6 4.02602e-07
7.2 7.6 1.28304e-06
7.4 7.6 3.77486e-06
7.6 7.6 1.0253e-05
7.8 7.6 2.57095e-05
8 7.6 5.95148e-05
8.2 7.6 0.000127187
8.4 7.6 0.000250926
8.6 7.6 0.000457018
8.8 7.6 0.000768432
9 7.6 0.00119278
9.2 7.6 0.00170921
9.4 7.6 0.00226107
9.6 7.6 0.0027613
9.8 7.6 0.0031131
10 7.6 0.00324005
10.2 7.6 0.0031131
10.4 7.6 0.0027613
10.6 7.6 0.00226107
10.8 7.6 0.00170921
11 7.6 0.00119278
11.2 7.6 0.000768432
11.4 7.6 0.000457018
11.6 7.6 0.000250926
11.8 7.6 0.000127187
12 7.6 5.95148e-05
12.2 7.6 2.57095e-05
12.4 7.6 1.0253e-05
12.6 7.6 3.77486e-06
12.8 7.6 1.28304e-06
13 7.6 4.02602e-07
13.2 7.6 1.16629e-07
13.4 7.6 3.11914e-08
13.6 7.6 7.70131e-09
13.8 7.6 1.75548e-09
14 7.6 3.69433e-10
14.2 7.6 7.17766e-11
14.4 7.6 1.28749e-11
14.6 7.6 2.13215e-12
14.8 7.6 3.25799e-13
5.2 7.8 8.1699e-13
5.4 7.8 5.34665e-12
5.6 7.8 3.22852e-11
5.8 7.8 1.79987e-10
6 7.8 9.26386e-10
6.2 7.8 4.40201e-09
6.4 7.8 1.93115e-08
6.6 7.8 7.82141e-08
6.8 7.8 2.92452e-07
7 7.8 1.00954e-06
7.2 7.8 3.21726e-06
7.4 7.8 9.46551e-06
7.6 7.8 2.57095e-05
7.8 7.8 6.44666e-05
8 7.8 0.000149233
8.2 7.8 0.000318919
8.4 7.8 0.000629192
8.6 7.8 0.00114596
8.8 7.8 0.00192682
9 7.8 0.00299086
9.2 7.8 0.0042858
9.4 7.8 0.00566956
9.6 7.8 0.00692386
9.8 7.8 0.00780598
10 7.8 0.00812432
10.2 7.8 0.00780598
10.4 7.8 0.00692386
10.6 7.8 0.00566956
10.8 7.8 0.0042858
11 7.8 0.00299086
11.2 7.8 0.00192682
11.4 7.8 0.00114596
11.6 7.8 0.000629192
11.8 7.8 0.000318919
12 7.8 0.000149233
12.2 7.8 6.44666e-05
12.4 7.8 2.57095e-05
12.6 7.8 9.46551e-06
12.8 7.8 3.21726e-06
13 7.8 1.00954e-06
13.2 7.8 2.92452e-07
13.4 7.8 7.82141e-08
13.6 7.8 1.93115e-08
13.8 7.8 4.40201e-09
14 7.8 9.26386e-10
14.2 7.8 1.79987e-10
14.4 7.8 3.22852e-11
14.6 7.8 5.34665e-12
14.8 7.8 8.1699e-13
5.2 8 1.89134e-12
5.4 8 1.23775e-11
5.6 8 7.47399e-11
5.8 8 4.16666e-10
6 8 2.14455e-09
6.2 8 1.01904e-08
6.4 8 4.4705e-08
6.6 8 1.8106e-07
6.8 8 6.77002e-07
7 8 2.33699e-06
7.2 8 7.44764e-06
7.4 8 2.19117e-05
7.6 8 5.95148e-05
7.8 8 0.000149233
8 8 0.000345456
8.2 8 0.000738258
8.4 8 0.0014565
8.6 8 0.00265275
8.8 8 0.00446033
9 8 0.00692342
9.2 8 0.00992103
9.4 8 0.0131242
9.6 8 0.0160277
9.8 8 0.0180697
10 8 0.0188066
10.2 8 0.0180697
10.4 8 0.0160277
10.6 8 0.0131242
10.8 8 0.00992103
11 8 0.00692342
11.2 8 0.00446033
11.4 8 0.00265275
11.6 8 0.0014565
11.8 8 0.000738258
12 8 0.000345456
12.2 8 0.000149233
12.4 8 5.95148e-05
12.6 8 2.19117e-05
12.8 8 7.44764e-06
13 8 2.33699e-06
13.2 8 6.77002e-07
13.4 8 1.8106e-07
13.6 8 4.4705e-08
13.8 8 1.01904e-08
14 8 2.14455e-09
14.2 8 4.16666e-10
14.4 8 7.47399e-11
14.6 8 1.23775e-11
14.8 8 1.89134e-12
5.2 8.2 4.0421e-12
5.4 8.2 2.64526e-11
5.6 8.2 1.5973e-10
5.8 8.2 8.9047e-10
6 8.2 4.58316e-09
6.2 8.2 2.17781e-08
6.4 8.2 9.55391e-08
6.6 8.2 3.86942e-07
6.8 8.2 1.44681e-06
7 8.2 4.99433e-06
7.2 8.2 1.59162e-05
7.4 8.2 4.68268e-05
7.6 8.2 0.000127187
7.8 8.2 0.000318919
8 8.2 0.000738258
8.2 8.2 0.0015777
8.4 8.2 0.00311261
8.6 8.2 0.00566905
8.8 8.2 0.00953193
9 8.2 0.0147956
9.2 8.2 0.0212016
9.4 8.2 0.028047
9.6 8.2 0.0342519
9.8 8.2 0.0386156
10 8.2 0.0401905
10.2 8.2 0.0386156
10.4 8.2 0.0342519
10.6 8.2 0.028047
10.8 8.2 0.0212016
11 8.2 0.0147956
11.2 8.2 0.00953193
11.4 8.2 0.00566905
11.6 8.2 0.00311261
11.8 8.2 0.0015777
12 8.2 0.000738258
12.2 8.2 0.000318919
12.4 8.2 0.000127187
12.6 8.2 4.68268e-05
12.8 8.2 1.59162e-05
13 8.2 4.99433e-06
13.2 8.2 1.44681e-06
13.4 8.2 3.86942e-07
13.6 8.2 9.55391e-08
13.8 8.2 2.17781e-08
14 8.2 4.58316e-09
14.2 8.2 8.9047e-10
14.4 8.2 1.5973e-10
14.6 8.2 2.64526e-11
14.8 8.2 4.0421e-12
5.2 8.4 7.97496e-12
5.4 8.4 5.21901e-11
5.6 8.4 3.1514e-10
5.8 8.4 1.75685e-09
6 8.4 9.04229e-09
6.2 8.4 4.29667e-08
6.4 8.4 1.88491e-07
6.6 8.4 7.63405e-07
6.8 8.4 2.85444e-06
7 8.4 9.85335e-06
7.2 8.4 3.1401e-05
7.4 8.4 9.23844e-05
7.6 8.4 0.000250926
7.8 8.4 0.000629192
8 8.4 0.0014565
8.2 8.4 0.00311261
8.4 8.4 0.0061408
8.6 8.4 0.0111843
8.8 8.4 0.0188053
9 8.4 0.0291899
9.2 8.4 0.0418281
9.4 8.4 0.0553331
9.6 8.4 0.0675745
9.8 8.4 0.0761836
10 8.4 0.0792905
10.2 8.4 0.0761836
10.4 8.4 0.0675745
10.6 8.4 0.0553331
10.8 8.4 0.0418281
11 8.4 0.0291899
11.2 8.4 0.0188053
11.4 8.4 0.0111843
11.6 8.4 0.0061408
11.8 8.4 0.00311261
12 8.4 0.0014565
12.2 8.4 0.000629192
12.4 8.4 0.000250926
12.6 8.4 9.23844e-05
12.8 8.4 3.1401e-05
13 8.4 9.85335e-06
13.2 8.4 2.85444e-06
13.4 8.4 7.63405e-07
13.6 8.4 1.88491e-07
13.8 8.4 4.29667e-08
14 8.4 9.04229e-09
14.2 8.4 1.75685e-09
14.4 8.4 3.1514e-10
14.6 8.4 5.21901e-11
14.8 8.4 7.97496e-12
5.2 8.6 1.45255e-11
5.4 8.6 9.50583e-11
5.6 8.6 5.73989e-10
5.8 8.6 3.19988e-09
6 8.6 1.64693e-08
6.2 8.6 7.82577e-08
6.4 8.6 3.43309e-07
6.6 8.6 1.39043e-06
6.8 8.6 5.19891e-06
7 8.6 1.79463e-05
7.2 8.6 5.71918e-05
7.4 8.6 0.000168263
7.6 8.6 0.000457018
7.8 8.6 0.00114596
8 8.6 0.00265275
8.2 8.6 0.00566905
8.4 8.6 0.0111843
8.6 8.6 0.0203702
8.8 8.6 0.0342504
9 8.6 0.053164
9.2 8.6 0.076182
9.4 8.6 0.100779
9.6 8.6 0.123074
9.8 8.6 0.138754
10 8.6 0.144413
10.2 8.6 0.138754
10.4 8.6 0.123074
10.6 8.6 0.100779
10.8 8.6 0.076182
11 8.6 0.053164
11.2 8.6 0.0342504
11.4 8.6 0.0203702
11.6 8.6 0.0111843
11.8 8.6 0.00566905
12 8.6 0.00265275
12.2 8.6 0.00114596
12.4 8.6 0.000457018
12.6 8.6 0.000168263
12.8 8.6 5.71918e-05
13 8.6 1.79463e-05
13.2 8.6 5.19891e-06
13.4 8.6 1.39043e-06
13.6 8.6 3.43309e-07
13.8 8.6 7.82577e-08
14 8.6 1.64693e-08
14.2 8.6 3.19988e-09
14.4 8.6 5.73989e-10
14.6 8.6 9.50583e-11
14.8 8.6 1.45255e-11
5.2 8.8 2.4424e-11
5.4 8.8 1.59836e-10
5.6 8.8 9.6513e-10
5.8 8.8 5.38039e-09
6 8.8 2.7692e-08
6.2 8.8 1.31585e-07
6.4 8.8 5.77248e-07
6.6 8.8 2.33789e-06
6.8 8.8 8.74152e-06
7 8.8 3.01751e-05
7.2 8.8 9.61628e-05
7.4 8.8 0.000282918
7.6 8.8 0.000768432
7.8 8.8 0.00192682
8 8.8 0.00446033
8.2 8.8 0.00953193
8.4 8.8 0.0188053
8.6 8.8 0.0342504
8.8 8.8 0.0575882
9 8.8 0.0893894
9.2 8.8 0.128092
9.4 8.8 0.169448
9.6 8.8 0.206935
9.8 8.8 0.233299
10 8.8 0.242814
10.2 8.8 0.233299
10.4 8.8 0.206935
10.6 8.8 0.169448
10.8 8.8 0.128092
11 8.8 0.0893894
11.2 8.8 0.0575882
11.4 8.8 0.0342504
11.6 8.8 0.0188053
11.8 8.8 0.00953193
12 8.8 0.00446033
12.2 8.8 0.00192682
12.4 8.8 0.000768432
12.6 8.8 0.000282918
12.8 8.8 9.61628e-05
13 8.8 3.01751e-05
13.2 8.8 8.74152e-06
13.4 8.8 2.33789e-06
13.6 8.8 5.77248e-07
13.8 8.8 1.31585e-07
14 8.8 2.7692e-08
14.2 8.8 5.38039e-09
14.4 8.8 9.6513e-10
14.6 8.8 1.59836e-10
14.8 8.8 2.4424e-11
5.2 9 3.79125e-11
5.4 9 2.48107e-10
5.6 9 1.49813e-09
5.8 9 8.35172e-09
6 9 4.29849e-08
6.2 9 2.04252e-07
6.4 9 8.96028e-07
6.6 9 3.62896e-06
6.8 9 1.35689e-05
7 9 4.68387e-05
7.2 9 0.000149267
7.4 9 0.000439152
7.6 9 0.00119278
7.8 9 0.00299086
8 9 0.00692342
8.2 9 0.0147956
8.4 9 0.0291899
8.6 9 0.053164
8.8 9 0.0893894
9 9 0.138752
9.2 9 0.198826
9.4 9 0.26302
9.6 9 0.321208
9.8 9 0.36213
10 9 0.376899
10.2 9 0.36213
10.4 9 0.321208
10.6 9 0.26302
10.8 9 0.198826
11 9 0.138752
11.2 9 0.0893894
11.4 9 0.053164
11.6 9 0.0291899
11.8 9 0.0147956
12 9 0.00692342
12.2 9 0.00299086
12.4 9 0.00119278
12.6 9 0.000439152
12.8 9 0.000149267
13 9 4.68387e-05
13.2 9 1.35689e-05
13.4 9 3.62896e-06
13.6 9 8.96028e-07
13.8 9 2.04252e-07
14 9 4.29849e-08
14.2 9 8.35172e-09
14.4 9 1.49813e-09
14.6 9 2.48107e-10
14.8 9 3.79125e-11
5.2 9.2 5.43285e-11
5.4 9.2 3.55536e-10
5.6 9.2 2.1468e-09
5.8 9.2 1.19679e-08
6 9.2 6.15967e-08
6.2 9.2 2.92689e-07
6.4 9.2 1.28399e-06
6.6 9.2 5.20022e-06
6.8 9.2 1.94439e-05
7 9.2 6.71186e-05
7.2 9.2 0.000213895
7.4 9.2 0.000629291
7.6 9.2 0.00170921
7.8 9.2 0.0042858
8 9.2 0.00992103
8.2 9.2 0.0212016
8.4 9.2 0.0418281
8.6 9.2 0.076182
8.8 9.2 0.128092
9 9.2 0.198826
9.2 9.2 0.284909
9.4 9.2 0.376897
9.6 9.2 0.460278
9.8 9.2 0.518918
10 9.2 0.54008
10.2 9.2 0.518918
10.4 9.2 0.460278
10.6 9.2 0.376897
10.8 9.2 0.284909
11 9.2 0.198826
11.2 9.2 0.128092
11.4 9.2 0.076182
11.6 9.2 0.0418281
11.8 9.2 0.0212016
12 9.2 0.00992103
12.2 9.2 0.0042858
12.4 9.2 0.00170921
12.6 9.2 0.000629291
12.8 9.2 0.000213895
13 9.2 6.71186e-05
13.2 9.2 1.94439e-05
13.4 9.2 5.20022e-06
13.6 9.2 1.28399e-06
13.8 9.2 2.92689e-07
14 9.2 6.15967e-08
14.2 9.2 1.19679e-08
14.4 9.2 2.1468e-09
14.6 9.2 3.55536e-10
14.8 9.2 5.43285e-11
5.2 9.4 7.18708e-11
5.4 9.4 4.70335e-10
5.6 9.4 2.83998e-09
5.8 9.4 1.58322e-08
6 9.4 8.14853e-08
6.2 9.4 3.87193e-07
6.4 9.4 1.69857e-06
6.6 9.4 6.87926e-06
6.8 9.4 2.57218e-05
7 9.4 8.87896e-05
7.2 9.4 0.000282956
7.4 9.4 0.000832473
7.6 9.4 0.00226107
7.8 9.4 0.00566956
8 9.4 0.0131242
8.2 9.4 0.028047
8.4 9.4 0.0553331
8.6 9.4 0.100779
8.8 9.4 0.169448
9 9.4 0.26302
9.2 9.4 0.376897
9.4 9.4 0.498584
9.6 9.4 0.608886
9.8 9.4 0.686459
10 9.4 0.714454
10.2 9.4 0.686459
10.4 9.4 0.608886
10.6 9.4 0.498584
10.8 9.4 0.376897
11 9.4 0.26302
11.2 9.4 0.169448
11.4 9.4 0.100779
11.6 9.4 0.0553331
11.8 9.4 0.028047
12 9.4 0.0131242
12.2 9.4 0.00566956
12.4 9.4 0.00226107
12.6 9.4 0.000832473
12.8 9.4 0.000282956
13 9.4 8.87896e-05
13.2 9.4 2.57218e-05
13.4 9.4 6.87926e-06
13.6 9.4 1.69857e-06
13.8 9.4 3.87193e-07
14 9.4 8.14853e-08
14.2 9.4 1.58322e-08
14.4 9.4 2.83998e-09
14.6 9.4 4.70335e-10
14.8 9.4 7.18708e-11
5.2 9.6 8.77721e-11
5.4 9.6 5.74395e-10
5.6 9.6 3.46832e-09
5.8 9.6 1.9335e-08
6 9.6 9.95133e-08
6.2 9.6 4.72856e-07
6.4 9.6 2.07436e-06
6.6 9.6 8.40121e-06
6.8 9.6 3.14125e-05
7 9.6 0.000108433
7.2 9.6 0.000345556
7.4 9.6 0.00101664
7.6 9.6 0.0027613
7.8 9.6 0.00692386
8 9.6 0.0160277
8.2 9.6 0.0342519
8.4 9.6 0.0675745
8.6 9.6 0.123074
8.8 9.6 0.206935
9 9.6 0.321208
9.2 9.6 0.460278
9.4 9.6 0.608886
9.6 9.6 0.74359
9.8 9.6 0.838324
10 9.6 0.872513
10.2 9.6 0.838324
10.4 9.6 0.74359
10.6 9.6 0.608886
10.8 9.6 0.460278
11 9.6 0.321208
11.2 9.6 0.206935
11.4 9.6 0.123074
11.6 9.6 0.0675745
11.8 9.6 0.0342519
12 9.6 0.0160277
12.2 9.6 0.00692386
12.4 9.6 0.0027613
12.6 9.6 0.00101664
12.8 9.6 0.000345556
13 9.6 0.000108433
13.2 9.6 3.14125e-05
13.4 9.6 8.40121e-06
13.6 9.6 2.07436e-06
13.8 9.6 4.72856e-07
14 9.6 9.95133e-08
14.2 9.6 1.9335e-08
14.4 9.6 3.46832e-09
14.6 9.6 5.74395e-10
14.8 9.6 8.77721e-11
5.2 9.8 9.89552e-11
5.4 9.8 6.47579e-10
5.6 9.8 3.91021e-09
5.8 9.8 2.17984e-08
6 9.8 1.12192e-07
6.2 9.8 5.33101e-07
6.4 9.8 2.33864e-06
6.6 9.8 9.47157e-06
6.8 9.8 3.54146e-05
7 9.8 0.000122248
7.2 9.8 0.000389581
7.4 9.8 0.00114617
7.6 9.8 0.0031131
7.8 9.8 0.00780598
8 9.8 0.0180697
8.2 9.8 0.0386156
8.4 9.8 0.0761836
8.6 9.8 0.138754
8.8 9.8 0.233299
9 9.8 0.36213
9.2 9.8 0.518918
9.4 9.8 0.686459
9.6 9.8 0.838324
9.8 9.8 0.945128
10 9.8 0.983672
10.2 9.8 0.945128
10.4 9.8 0.838324
10.6 9.8 0.686459
10.8 9.8 0.518918
11 9.8 0.36213
11.2 9.8 0.233299
11.4 9.8 0.138754
11.6 9.8 0.0761836
11.8 9.8 0.0386156
12 9.8 0.0180697
12.2 9.8 0.00780598
12.4 9.8 0.0031131
12.6 9.8 0.00114617
12.8 9.8 0.000389581
13 9.8 0.000122248
13.2 9.8 3.54146e-05
13.4 9.8 9.47157e-06
13.6 9.8 2.33864e-06
13.8 9.8 5.33101e-07
14 9.8 1.12192e-07
14.2 9.8 2.17984e-08
14.4 9.8 3.91021e-09
14.6 9.8 6.47579e-10
14.8 9.8 9.89552e-11
5.2 10 1.02991e-10
5.4 10 6.7399e-10
5.6 10 4.06969e-09
5.8 10 2.26874e-08
6 10 1.16768e-07
6.2 10 5.54843e-07
6.4 10 2.43402e-06
6.6 10 9.85785e-06
6.8 10 3.68589e-05
7 10 0.000127234
7.2 10 0.000405469
7.4 10 0.00119291
7.6 10 0.00324005
7.8 10 0.00812432
8 10 0.0188066
8.2 10 0.0401905
8.4 10 0.0792905
8.6 10 0.144413
8.8 10 0.242814
9 10 0.376899
9.2 10 0.54008
9.4 10 0.714454
9.6 10 0.872513
9.8 10 0.983672
10 10 1.02379
10.2 10 0.983672
10.4 10 0.872513
10.6 10 0.714454
10.8 10 0.54008
11 10 0.376899
11.2 10 0.242814
11.4 10 0.144413
11.6 10 0.0792905
11.8 10 0.0401905
12 10 0.0188066
12.2 10 0.00812432
12.4 10 0.00324005
12.6 10 0.00119291
12.8 10 0.000405469
13 10 0.000127234
13.2 10 3.68589e-05
13.4 10 9.85785e-06
13.6 10 2.43402e-06
13.8 10 5.54843e-07
14 10 1.16768e-07
14.2 10 2.26874e-08
14.4 10 4.06969e-09
14.6 10 6.7399e-10
14.8 10 1.02991e-10
5.2 10.2 9.89552e-11
5.4 10.2 6.47579e-10
5.6 10.2 3.91021e-09
5.8 10.2 2.17984e-08
6 10.2 1.12192e-07
6.2 10.2 5.33101e-07
6.4 10.2 2.33864e-06
6.6 10.2 9.47157e-06
6.8 10.2 3.54146e-05
7 10.2 0.000122248
7.2 10.2 0.000389581
7.4 10.2 0.00114617
7.6 10.2 0.0031131
7.8 10.2 0.00780598
8 10.2 0.0180697
8.2 10.2 0.0386156
8.4 10.2 0.0761836
8.6 10.2 0.138754
8.8 10.2 0.233299
9 10.2 0.36213
9.2 10.2 0.518918
9.4 10.2 0.686459
9.6 10.2 0.838324
9.8 10.2 0.945128
10 10.2 0.983672
10.2 10.2 0.945128
10.4 10.2 0.838324
10.6 10.2 0.686459
10.8 10.2 0.518918
11 10.2 0.36213
11.2 10.2 0.233299
11.4 10.2 0.138754
11.6 10.2 0.0761836
11.8 10.2 0.0386156
12 10.2 0.0180697
12.2 10.2 0.00780598
12.4 10.2 0.0031131
12.6 10.2 0.00114617
12.8 10.2 0.000389581
13 10.2 0.000122248
13.2 10.2 3.54146e-05
13.4 10.2 9.47157e-06
13.6 10.2 2.33864e-06
13.8 10.2 5.33101e-07
14 10.2 1.12192e-07
14.2 10.2 2.17984e-08
14.4 10.2 3.91021e-09
14.6 10.2 6.47579e-10
14.8 10.2 9.89552e-11
5.2 10.4 8.77721e-11
5.4 10.4 5.74395e-10
5.6 10.4 3.46832e-09
5.8 10.4 1.9335e-08
6 10.4 9.95133e-08
6.2 10.4 4.72856e-07
6.4 10.4 2.07436e-06
6.6 10.4 8.40121e-06
6.8 10.4 3.14125e-05
7 10.4 0.000108433
7.2 10.4 0.000345556
7.4 10.4 0.00101664
7.6 10.4 0.0027613
7.8 10.4 0.00692386
8 10.4 0.0160277
8.2 10.4 0.0342519
8.4 10.4 0.0675745
8.6 10.4 0.123074
8.8 10.4 0.206935
9 10.4 0.321208
9.2 10.4 0.460278
9.4 10.4 0.608886
9.6 10.4 0.74359
9.8 10.4 0.838324
10 10.4 0.872513
10.2 10.4 0.838324
10.4 10.4 0.74359
10.6 10.4 0.608886
10.8 10.4 0.460278
11 10.4 0.321208
11.2 10.4 0.206935
11.4 10.4 0.123074
11.6 10.4 0.0675745
11.8 10.4 0.0342519
12 10.4 0.0160277
12.2 10.4 0.00692386
12.4 10.4 0.0027613
12.6 10.4 0.00101664
12.8 10.4 0.000345556
13 10.4 0.000108433
13.2 10.4 3.14125e-05
13.4 10.4 8.40121e-06
13.6 10.4 2.07436e-06
13.8 10.4 4.72856e-07
14 10.4 9.95133e-08
14.2 10.4 1.9335e-08
14.4 10.4 3.46832e-09
14.6 10.4 5.74395e-10
14.8 10.4 8.77721e-11
5.2 10.6 7.18708e-11
5.4 10.6 4.70335e-10
5.6 10.6 2.83998e-09
5.8 10.6 1.58322e-08
6 10.6 8.14853e-08
6.2 10.6 3.87193e-07
6.4 10.6 1.69857e-06
6.6 10.6 6.87926e-06
6.8 10.6 2.57218e-05
7 10.6 8.87896e-05
7.2 10.6 0.000282956
7.4 10.6 0.000832473
7.6 10.6 0.00226107
7.8 10.6 0.00566956
8 10.6 0.0131242
8.2 10.6 0.028047
8.4 10.6 0.0553331
8.6 10.6 0.100779
8.8 10.6 0.169448
9 10.6 0.26302
9.2 10.6 0.376897
9.4 10.6 0.498584
9.6 10.6 0.608886
9.8 10.6 0.686459
10 10.6 0.714454
10.2 10.6 0.686459
10.4 10.6 0.608886
10.6 10.6 0.498584
10.8 10.6 0.376897
11 10.6 0.26302
11.2 10.6 0.169448
11.4 10.6 0.100779
11.6 10.6 0.0553331
11.8 10.6 0.028047
12 10.6 0.0131242
12.2 10.6 0.00566956
12.4 10.6 0.00226107
12.6 10.6 0.000832473
12.8 10.6 0.000282956
13 10.6 8.87896e-05
13.2 10.6 2.57218e-05
13.4 10.6 6.87926e-06
13.6 10.6 1.69857e-06
13.8 10.6 3.87193e-07
14 10.6 8.14853e-08
14.2 10.6 1.58322e-08
14.4 10.6 2.83998e-09
14.6 10.6 4.70335e-10
14.8 10.6 7.18708e-11
5.2 10.8 5.43285e-11
5.4 10.8 3.55536e-10
5.6 10.8 2.1468e-09
5.8 10.8 1.19679e-08
6 10.8 6.15967e-08
6.2 10.8 2.92689e-07
6.4 10.8 1.28399e-06
6.6 10.8 5.20022e-06
6.8 10.8 1.94439e-05
7 10.8 6.71186e-05
7.2 10.8 0.000213895
7.4 10.8 0.000629291
7.6 10.8 0.00170921
7.8 10.8 0.0042858
8 10.8 0.00992103
8.2 10.8 0.0212016
8.4 10.8 0.0418281
8.6 10.8 0.076182
8.8 10.8 0.128092
9 10.8 0.198826
9.2 10.8 0.284909
9.4 10.8 0.376897
9.6 10.8 0.460278
9.8 10.8 0.518918
10 10.8 0.54008
10.2 10.8 0.518918
10.4 10.8 0.460278
10.6 10.8 0.376897
10.8 10.8 0.284909
11 10.8 0.198826
11.2 10.8 0.128092
11.4 10.8 0.076182
11.6 10.8 0.0418281
11.8 10.8 0.0212016
12 10.8 0.00992103
12.2 10.8 0.0042858
12.4 10.8 0.00170921
12.6 10.8 0.000629291
12.8 10.8 0.000213895
13 10.8 6.71186e-05
13.2 10.8 1.94439e-05
13.4 10.8 5.20022e-06
13.6 10.8 1.28399e-06
13.8 10.8 2.92689e-07
14 10.8 6.15967e-08
14.2 10.8 1.19679e-08
14.4 10.8 2.1468e-09
14.6 10.8 3.55536e-10
14.8 10.8 5.43285e-11
5.2 11 3.79125e-11
5.4 11 2.48107e-10
5.6 11 1.49813e-09
5.8 11 8.35172e-09
6 11 4.29849e-08
6.2 11 2.04252e-07
6.4 11 8.96028e-07
6.6 11 3.62896e-06
6.8 11 1.35689e-05
7 11 4.68387e-05
7.2 11 0.000149267
7.4 11 0.000439152
7.6 11 0.00119278
7.8 11 0.00299086
8 11 0.00692342
8.2 11 0.0147956
8.4 11 0.0291899
8.6 11 0.053164
8.8 11 0.0893894
9 11 0.138752
9.2 11 0.198826
9.4 11 0.26302
9.6 11 0.321208
9.8 11 0.36213
10 11 0.376899
10.2 11 0.36213
10.4 11 0.321208
10.6 11 0.26302
10.8 11 0.198826
11 11 0.138752
11.2 11 0.0893894
11.4 11 0.053164
11.6 11 0.0291899
11.8 11 0.0147956
12 11 0.00692342
12.2 11 0.00299086
12.4 11 0.00119278
12.6 11 0.000439152
12.8 11 0.000149267
13 11 4.68387e-05
13.2 11 1.35689e-05
13.4 11 3.62896e-06
13.6 11 8.96028e-07
13.8 11 2.04252e-07
14 11 4.29849e-08
14.2 11 8.35172e-09
14.4 11 1.49813e-09
14.6 11 2.48107e-10
14.8 11 3.79125e-11
5.2 11.2 2.4424e-11
5.4 11.2 1.59836e-10
5.6 11.2 9.6513e-10
5.8 11.2 5.38039e-09
6 11.2 2.7692e-08
6.2 11.2 1.31585e-07
6.4 11.2 5.77248e-07
6.6 11.2 2.33789e-06
6.8 11.2 8.74152e-06
7 11.2 3.01751e-05
7.2 11.2 9.61628e-05
7.4 11.2 0.000282918
7.6 11.2 0.000768432
7.8 11.2 0.00192682
8 11.2 0.00446033
8.2 11.2 0.00953193
8.4 11.2 0.0188053
8.6 11.2 0.0342504
8.8 11.2 0.0575882
9 11.2 0.0893894
9.2 11.2 0.128092
9.4 11.2 0.169448
9.6 11.2 0.206935
9.8 11.2 0.233299
10 11.2 0.242814
10.2 11.2 0.233299
10.4 11.2 0.206935
10.6 11.2 0.169448
10.8 11.2 0.128092
11 11.2 0.0893894
11.2 11.2 0.0575882
11.4 11.2 0.0342504
11.6 11.2 0.0188053
11.8 11.2 0.00953193
12 11.2 0.00446033
12.2 11.2 0.00192682
12.4 11.2 0.000768432
12.6 11.2 0.000282918
12.8 11.2 9.61628e-05
13 11.2 3.01751e-05
13.2 11.2 8.74152e-06
13.4 11.2 2.33789e-06
13.6 11.2 5.77248e-07
13.8 11.2 1.31585e-07
14 11.2 2.7692e-08
14.2 11.2 5.38039e-09
14.4 11.2 9.6513e-10
14.6 11.2 1.59836e-10
14.8 11.2 2.4424e-11
5.2 11.4 1.45255e-11
5.4 11.4 9.50583e-11
5.6 11.4 5.73989e-10
5.8 11.4 3.19988e-09
6 11.4 1.64693e-08
6.2 11.4 7.82577e-08
6.4 11.4 3.43309e-07
6.6 11.4 1.39043e-06
6.8 11.4 5.19891e-06
7 11.4 1.79463e-05
7.2 11.4 5.71918e-05
7.4 11.4 0.000168263
7.6 11.4 0.000457018
7.8 11.4 0.00114596
8 11.4 0.00265275
8.2 11.4 0.00566905
8.4 11.4 0.0111843
8.6 11.4 0.0203702
8.8 11.4 0.0342504
9 11.4 0.053164
9.2 11.4 0.076182
9.4 11.4 0.100779
9.6 11.4 0.123074
9.8 11.4 0.138754
10 11.4 0.144413
10.2 11.4 0.138754
10.4 11.4 0.123074
10.6 11.4 0.100779
10.8 11.4 0.076182
11 11.4 0.053164
11.2 11.4 0.0342504
11.4 11.4 0.0203702
11.6 11.4 0.0111843
11.8 11.4 0.00566905
12 11.4 0.00265275
12.2 11.4 0.00114596
12.4 11.4 0.000457018
12.6 11.4 0.000168263
12.8 11.4 5.71918e-05
13 11.4 1.79463e-05
13.2 11.4 5.19891e-06
13.4 11.4 1.39043e-06
13.6 11.4 3.43309e-07
13.8 11.4 7.82577e-08
14 11.4 1.64693e-08
14.2 11.4 3.19988e-09
14.4 11.4 5.73989e-10
14.6 11.4 9.50583e-11
14.8 11.4 1.45255e-11
5.2 11.6 7.97496e-12
5.4 11.6 5.21901e-11
5.6 11.6 3.1514e-10
5.8 11.6 1.75685e-09
6 11.6 9.04229e-09
6.2 11.6 4.29667e-08
6.4 11.6 1.88491e-07
6.6 11.6 7.63405e-07
6.8 11.6 2.85444e-06
7 11.6 9.85335e-06
7.2 11.6 3.1401e-05
7.4 11.6 9.23844e-05
7.6 11.6 0.000250926
7.8 11.6 0.000629192
8 11.6 0.0014565
8.2 11.6 0.00311261
8.4 11.6 0.0061408
8.6 11.6 0.0111843
8.8 11.6 0.0188053
9 11.6 0.0291899
9.2 11.6 0.0418281
9.4 11.6 0.0553331
9.6 11.6 0.0675745
9.8 11.6 0.0761836
10 11.6 0.0792905
10.2 11.6 0.0761836
10.4 11.6 0.0675745
10.6 11.6 0.0553331
10.8 11.6 0.0418281
11 11.6 0.0291899
11.2 11.6 0.0188053
11.4 11.6 0.0111843
11.6 11.6 0.0061408
11.8 11.6 0.00311261
12 11.6 0.0014565
12.2 11.6 0.000629192
12.4 11.6 0.000250926
12.6 11.6 9.23844e-05
12.8 11.6 3.1401e-05
13 11.6 9.85335e-06
13.2 11.6 2.85444e-06
13.4 11.6 7.63405e-07
13.6 11.6 1.88491e-07
13.8 11.6 4.29667e-08
14 11.6 9.04229e-09
14.2 11.6 1.75685e-09
14.4 11.6 3.1514e-10
14.6 11.6 5.21901e-11
14.8 11.6 7.97496e-12
5.2 11.8 4.0421e-12
5.4 11.8 2.64526e-11
5.6 11.8 1.5973e-10
5.8 11.8 8.9047e-10
6 11.8 4.58316e-09
6.2 11.8 2.17781e-08
6.4 11.8 9.55391e-08
6.6 11.8 3.86942e-07
6.8 11.8 1.44681e-06
7 11.8 4.99433e-06
7.2 11.8 1.59162e-05
7.4 11.8 4.68268e-05
7.6 11.8 0.000127187
7.8 11.8 0.000318919
8 11.8 0.000738258
8.2 11.8 0.0015777
8.4 11.8 0.00311261
8.6 11.8 0.00566905
8.8 11.8 0.00953193
9 11.8 0.0147956
9.2 11.8 0.0212016
9.4 11.8 0.028047
9.6 11.8 0.0342519
9.8 11.8 0.0386156
10 11.8 0.0401905
10.2 11.8 0.0386156
10.4 11.8 0.0342519
10.6 11.8 0.028047
10.8 11.8 0.0212016
11 11.8 0.0147956
11.2 11.8 0.00953193
11.4 11.8 0.00566905
11.6 11.8 0.00311261
11.8 11.8 0.0015777
12 11.8 0.000738258
12.2 11.8 0.000318919
12.4 11.8 0.000127187
12.6 11.8 4.68268e-05
12.8 11.8 1.59162e-05
13 11.8 4.99433e-06
13.2 11.8 1.44681e-06
13.4 11.8 3.86942e-07
13.6 11.8 9.55391e-08
13.8 11.8 2.17781e-08
14 11.8 4.58316e-09
14.2 11.8 8.9047e-10
14.4 11.8 1.5973e-10
14.6 11.8 2.64526e-11
14.8 11.8 4.0421e-12
5.2 12 1.89134e-12
5.4 12 1.23775e-11
5.6 12 7.47399e-11
5.8 12 4.16666e-10
6 12 2.14455e-09
6.2 12 1.01904e-08
6.4 12 4.4705e-08
6.6 12 1.8106e-07
6.8 12 6.77002e-07
7 12 2.33699e-06
7.2 12 7.44764e-06
7.4 12 2.19117e-05
7.6 12 5.95148e-05
7.8 12 0.000149233
8 12 0.000345456
8.2 12 0.000738258
8.4 12 0.0014565
8.6 12 0.00265275
8.8 12 0.00446033
9 12 0.00692342
9.2 12 0.00992103
9.4 12 0.0131242
9.6 12 0.0160277
9.8 12 0.0180697
10 12 0.0188066
10.2 12 0.0180697
10.4 12 0.0160277
10.6 12 0.0131242
10.8 12 0.00992103
11 12 0.00692342
11.2 12 0.00446033
11.4 12 0.00265275
11.6 12 0.0014565
11.8 12 0.000738258
12 12 0.000345456
12.2 12 0.000149233
12.4 12 5.95148e-05
12.6 12 2.19117e-05
12.8 12 7.44764e-06
13 12 2.33699e-06
13.2 12 6.77002e-07
13.4 12 1.8106e-07
13.6 12 4.4705e-08
13.8 12 1.01904e-08
14 12 2.14455e-09
14.2 12 4.16666e-10
14.4 12 7.47399e-11
14.6 12 1.23775e-11
14.8 12 1.89134e-12
5.2 12.2 8.1699e-13
5.4 12.2 5.34665e-12
5.6 12.2 3.22852e-11
5.8 12.2 1.79987e-10
6 12.2 9.26386e-10
6.2 12.2 4.40201e-09
6.4 12.2 1.93115e-08
6.6 12.2 7.82141e-08
6.8 12.2 2.92452e-07
7 12.2 1.00954e-06
7.2 12.2 3.21726e-06
7.4 12.2 9.46551e-06
7.6 12.2 2.57095e-05
7.8 12.2 6.44666e-05
8 12.2 0.000149233
8.2 12.2 0.000318919
8.4 12.2 0.000629192
8.6 12.2 0.00114596
8.8 12.2 0.00192682
9 12.2 0.00299086
9.2 12.2 0.0042858
9.4 12.2 0.00566956
9.6 12.2 0.00692386
9.8 12.2 0.00780598
10 12.2 0.00812432
10.2 12.2 0.00780598
10.4 12.2 0.00692386
10.6 12.2 0.00566956
10.8 12.2 0.0042858
11 12.2 0.00299086
11.2 12.2 0.00192682
11.4 12.2 0.00114596
11.6 12.2 0.000629192
11.8 12.2 0.000318919
12 12.2 0.000149233
12.2 12.2 6.44666e-05
12.4 12.2 2.57095e-05
12.6 12.2 9.46551e-06
12.8 12.2 3.21726e-06
13 12.2 1.00954e-06
13.2 12.2 2.92452e-07
13.4 12.2 7.82141e-08
13.6 12.2 1.93115e-08
13.8 12.2 4.40201e-09
14 12.2 9.26386e-10
14.2 12.2 1.79987e-10
14.4 12.2 3.22852e-11
14.6 12.2 5.34665e-12
14.8 12.2 8.1699e-13
5.2 12.4 3.25799e-13
5.4 12.4 2.13215e-12
5.6 12.4 1.28749e-11
5.8 12.4 7.17766e-11
6 12.4 3.69433e-10
6.2 12.4 1.75548e-09
6.4 12.4 7.70131e-09
6.6 12.4 3.11914e-08
6.8 12.4 1.16629e-07
7 12.4 4.02602e-07
7.2 12.4 1.28304e-06
7.4 12.4 3.77486e-06
7.6 12.4 1.0253e-05
7.8 12.4 2.57095e-05
8 12.4 5.95148e-05
8.2 12.4 0.000127187
8.4 12.4 0.000250926
8.6 12.4 0.000457018
8.8 12.4 0.000768432
9 12.4 0.00119278
9.2 12.4 0.00170921
9.4 12.4 0.00226107
9.6 12.4 0.0027613
9.8 12.4 0.0031131
10 12.4 0.00324005
10.2 12.4 0.0031131
10.4 12.4 0.0027613
10.6 12.4 0.00226107
10.8 12.4 0.00170921
11 12.4 0.00119278
11.2 12.4 0.000768432
11.4 12.4 0.000457018
11.6 12.4 0.000250926
11.8 12.4 0.000127187
12 12.4 5.95148e-05
12.2 12.4 2.57095e-05
12.4 12.4 1.0253e-05
12.6 12.4 3.77486e-06
12.8 12.4 1.28304e-06
13 12.4 4.02602e-07
13.2 12.4 1.16629e-07
13.4 12.4 3.11914e-08
13.6 12.4 7.70131e-09
13.8 12.4 1.75548e-09
14 12.4 3.69433e-10
14.2 12.4 7.17766e-11
14.4 12.4 1.28749e-11
14.6 12.4 2.13215e-12
14.8 12.4 3.25799e-13
5.2 12.6 1.19942e-13
5.4 12.6 7.84946e-13
5.6 12.6 4.73989e-12
5.8 12.6 2.64248e-11
6 12.6 1.36009e-10
6.2 12.6 6.46297e-10
6.4 12.6 2.83532e-09
6.6 12.6 1.14835e-08
6.8 12.6 4.29386e-08
7 12.6 1.48224e-07
7.2 12.6 4.72375e-07
7.4 12.6 1.38979e-06
7.6 12.6 3.77486e-06
7.8 12.6 9.46551e-06
8 12.6 2.19117e-05
8.2 12.6 4.68268e-05
8.4 12.6 9.23844e-05
8.6 12.6 0.000168263
8.8 12.6 0.000282918
9 12.6 0.000439152
9.2 12.6 0.000629291
9.4 12.6 0.000832473
9.6 12.6 0.00101664
9.8 12.6 0.00114617
10 12.6 0.00119291
10.2 12.6 0.00114617
10.4 12.6 0.00101664
10.6 12.6 0.000832473
10.8 12.6 0.000629291
11 12.6 0.000439152
11.2 12.6 0.000282918
11.4 12.6 0.000168263
11.6 12.6 9.23844e-05
11.8 12.6 4.68268e-05
12 12.6 2.19117e-05
12.2 12.6 9.46551e-06
12.4 12.6 3.77486e-06
12.6 12.6 1.38979e-06
12.8 12.6 4.72375e-07
13 12.6 1.48224e-07
13.2 12.6 4.29386e-08
13.4 12.6 1.14835e-08
13.6 12.6 2.83532e-09
13.8 12.6 6.46297e-10
14 12.6 1.36009e-10
14.2 12.6 2.64248e-11
14.4 12.6 4.73989e-12
14.6 12.6 7.84946e-13
14.8 12.6 1.19942e-13
5.2 12.8 4.07643e-14
5.4 12.8 2.66779e-13
5.6 12.8 1.61096e-12
5.8 12.8 8.98115e-12
6 12.8 4.62265e-11
6.2 12.8 2.19663e-10
6.4 12.8 9.63674e-10
6.6 12.8 3.90306e-09
6.8 12.8 1.45942e-08
7 12.8 5.03796e-08
7.2 12.8 1.60555e-07
7.4 12.8 4.72375e-07
7.6 12.8 1.28304e-06
7.8 12.8 3.21726e-06
8 12.8 7.44764e-06
8.2 12.8 1.59162e-05
8.4 12.8 3.1401e-05
8.6 12.8 5.71918e-05
8.8 12.8 9.61628e-05
9 12.8 0.000149267
9.2 12.8 0.000213895
9.4 12.8 0.000282956
9.6 12.8 0.000345556
9.8 12.8 0.000389581
10 12.8 0.000405469
10.2 12.8 0.000389581
10.4 12.8 0.000345556
10.6 12.8 0.000282956
10.8 12.8 0.000213895
11 12.8 0.000149267
11.2 12.8 9.61628e-05
11.4 12.8 5.71918e-05
11.6 12.8 3.1401e-05
11.8 12.8 1.59162e-05
12 12.8 7.44764e-06
12.2 12.8 3.21726e-06
12.4 12.8 1.28304e-06
12.6 12.8 4.72375e-07
12.8 12.8 1.60555e-07
13 12.8 5.03796e-08
13.2 12.8 1.45942e-08
13.4 12.8 3.90306e-09
13.6 12.8 9.63674e-10
13.8 12.8 2.19663e-10
14 12.8 4.62265e-11
14.2 12.8 8.98115e-12
14.4 12.8 1.61096e-12
14.6 12.8 2.66779e-13
14.8 12.8 4.07643e-14
5.2 13 1.27903e-14
5.4 13 8.37059e-14
5.6 13 5.05467e-13
5.8 13 2.81802e-12
6 13 1.45046e-11
6.2 13 6.89248e-11
6.4 13 3.02379e-10
6.6 13 1.2247e-09
6.8 13 4.57939e-09
7 13 1.58082e-08
7.2 13 5.03796e-08
7.4 13 1.48224e-07
7.6 13 4.02602e-07
7.8 13 1.00954e-06
8 13 2.33699e-06
8.2 13 4.99433e-06
8.4 13 9.85335e-06
8.6 13 1.79463e-05
8.8 13 3.01751e-05
9 13 4.68387e-05
9.2 13 6.71186e-05
9.4 13 8.87896e-05
9.6 13 0.000108433
9.8 13 0.000122248
10 13 0.000127234
10.2 13 0.000122248
10.4 13 0.000108433
10.6 13 8.87896e-05
10.8 13 6.71186e-05
11 13 4.68387e-05
11.2 13 3.01751e-05
11.4 13 1.79463e-05
11.6 13 9.85335e-06
11.8 13 4.99433e-06
12 13 2.33699e-06
12.2 13 1.00954e-06
12.4 13 4.02602e-07
12.6 13 1.48224e-07
12.8 13 5.03796e-08
13 13 1.58082e-08
13.2 13 4.57939e-09
13.4 13 1.2247e-09
13.6 13 3.02379e-10
13.8 13 6.89248e-11
14 13 1.45046e-11
14.2 13 2.81802e-12
14.4 13 5.05467e-13
14.6 13 8.37059e-14
14.8 13 1.27903e-14
5.2 13.2 3.70488e-15
5.4 13.2 2.42467e-14
5.6 13.2 1.46418e-13
5.8 13.2 8.16298e-13
6 13.2 4.2016e-12
6.2 13.2 1.99659e-11
6.4 13.2 8.75925e-11
6.6 13.2 3.54771e-10
6.8 13.2 1.32657e-09
7 13.2 4.57939e-09
7.2 13.2 1.45942e-08
7.4 13.2 4.29386e-08
7.6 13.2 1.16629e-07
7.8 13.2 2.92452e-07
8 13.2 6.77002e-07
8.2 13.2 1.44681e-06
8.4 13.2 2.85444e-06
8.6 13.2 5.19891e-06
8.8 13.2 8.74152e-06
9 13.2 1.35689e-05
9.2 13.2 1.94439e-05
9.4 13.2 2.57218e-05
9.6 13.2 3.14125e-05
9.8 13.2 3.54146e-05
10 13.2 3.68589e-05
10.2 13.2 3.54146e-05
10.4 13.2 3.14125e-05
10.6 13.2 2.57218e-05
10.8 13.2 1.94439e-05
11 13.2 1.35689e-05
11.2 13.2 8.74152e-06
11.4 13.2 5.19891e-06
11.6 13.2 2.85444e-06
11.8 13.2 1.44681e-06
12 13.2 6.77002e-07
12.2 13.2 2.92452e-07
12.4 13.2 1.16629e-07
12.6 13.2 4.29386e-08
12.8 13.2 1.45942e-08
13 13.2 4.57939e-09
13.2 13.2 1.32657e-09
13.4 13.2 3.54771e-10
13.6 13.2 8.75925e-11
13.8 13.2 1.99659e-11
14 13.2 4.2016e-12
14.2 13.2 8.16298e-13
14.4 13.2 1.46418e-13
14.6 13.2 2.42467e-14
14.8 13.2 3.70488e-15
5.2 13.4 9.90748e-16
5.4 13.4 6.48403e-15
5.6 13.4 3.91553e-14
5.8 13.4 2.18298e-13
6 13.4 1.12362e-12
6.2 13.4 5.33946e-12
6.4 13.4 2.3425e-11
6.6 13.4 9.48777e-11
6.8 13.4 3.54771e-10
7 13.4 1.2247e-09
7.2 13.4 3.90306e-09
7.4 13.4 1.14835e-08
7.6 13.4 3.11914e-08
7.8 13.4 7.82141e-08
8 13.4 1.8106e-07
8.2 13.4 3.86942e-07
8.4 13.4 7.63405e-07
8.6 13.4 1.39043e-06
8.8 13.4 2.33789e-06
9 13.4 3.62896e-06
9.2 13.4 5.20022e-06
9.4 13.4 6.87926e-06
9.6 13.4 8.40121e-06
9.8 13.4 9.47157e-06
10 13.4 9.85785e-06
10.2 13.4 9.47157e-06
10.4 13.4 8.40121e-06
10.6 13.4 6.87926e-06
10.8 13.4 5.20022e-06
11 13.4 3.62896e-06
11.2 13.4 2.33789e-06
11.4 13.4 1.39043e-06
11.6 13.4 7.63405e-07
11.8 13.4 3.86942e-07
12 13.4 1.8106e-07
12.2 13.4 7.82141e-08
12.4 13.4 3.11914e-08
12.6 13.4 1.14835e-08
12.8 13.4 3.90306e-09
13 13.4 1.2247e-09
13.2 13.4 3.54771e-10
13.4 13.4 9.48777e-11
13.6 13.4 2.3425e-11
13.8 13.4 5.33946e-12
14 13.4 1.12362e-12
14.2 13.4 2.18298e-13
14.4 13.4 3.91553e-14
14.6 13.4 6.48403e-15
14.8 13.4 9.90748e-16
5.2 13.6 2.44596e-16
5.4 13.6 1.60079e-15
5.6 13.6 9.66686e-15
5.8 13.6 5.38952e-14
6 13.6 2.77411e-13
6.2 13.6 1.31827e-12
6.4 13.6 5.78352e-12
6.6 13.6 2.3425e-11
6.8 13.6 8.75925e-11
7 13.6 3.02379e-10
7.2 13.6 9.63674e-10
7.4 13.6 2.83532e-09
7.6 13.6 7.70131e-09
7.8 13.6 1.93115e-08
8 13.6 4.4705e-08
8.2 13.6 9.55391e-08
8.4 13.6 1.88491e-07
8.6 13.6 3.43309e-07
8.8 13.6 5.77248e-07
9 13.6 8.96028e-07
9.2 13.6 1.28399e-06
9.4 13.6 1.69857e-06
9.6 13.6 2.07436e-06
9.8 13.6 2.33864e-06
10 13.6 2.43402e-06
10.2 13.6 2.33864e-06
10.4 13.6 2.07436e-06
10.6 13.6 1.69857e-06
10.8 13.6 1.28399e-06
11 13.6 8.96028e-07
11.2 13.6 5.77248e-07
11.4 13.6 3.43309e-07
11.6 13.6 1.88491e-07
11.8 13.6 9.55391e-08
12 13.6 4.4705e-08
12.2 13.6 1.93115e-08
12.4 13.6 7.70131e-09
12.6 13.6 2.83532e-09
12.8 13.6 9.63674e-10
13 13.6 3.02379e-10
13.2 13.6 8.75925e-11
13.4 13.6 2.3425e-11
13.6 13.6 5.78352e-12
13.8 13.6 1.31827e-12
14 13.6 2.77411e-13
14.2 13.6 5.38952e-14
14.4 13.6 9.66686e-15
14.6 13.6 1.60079e-15
14.8 13.6 2.44596e-16
5.2 13.8 5.57487e-17
5.4 13.8 3.64859e-16
5.6 13.8 2.20334e-15
5.8 13.8 1.22843e-14
6 13.8 6.32309e-14
6.2 13.8 3.0048e-13
6.4 13.8 1.31827e-12
6.6 13.8 5.33946e-12
6.8 13.8 1.99659e-11
7 13.8 6.89248e-11
7.2 13.8 2.19663e-10
7.4 13.8 6.46297e-10
7.6 13.8 1.75548e-09
7.8 13.8 4.40201e-09
8 13.8 1.01904e-08
8.2 13.8 2.17781e-08
8.4 13.8 4.29667e-08
8.6 13.8 7.82577e-08
8.8 13.8 1.31585e-07
9 13.8 2.04252e-07
9.2 13.8 2.92689e-07
9.4 13.8 3.87193e-07
9.6 13.8 4.72856e-07
9.8 13.8 5.33101e-07
10 13.8 5.54843e-07
10.2 13.8 5.33101e-07
10.4 13.8 4.72856e-07
10.6 13.8 3.87193e-07
10.8 13.8 2.92689e-07
11 13.8 2.04252e-07
11.2 13.8 1.31585e-07
11.4 13.8 7.82577e-08
11.6 13.8 4.29667e-08
11.8 13.8 2.17781e-08
12 13.8 1.01904e-08
12.2 13.8 4.40201e-09
12.4 13.8 1.75548e-09
12.6 13.8 6.46297e-10
12.8 13.8 2.19663e-10
13 13.8 6.89248e-11
13.2 13.8 1.99659e-11
13.4 13.8 5.33946e-12
13.6 13.8 1.31827e-12
13.8 13.8 3.0048e-13
14 13.8 6.32309e-14
14.2 13.8 1.22843e-14
14.4 13.8 2.20334e-15
14.6 13.8 3.64859e-16
14.8 13.8 5.57487e-17
5.2 14 1.17307e-17
5.4 14 7.67745e-17
5.6 14 4.63638e-16
5.8 14 2.58496e-15
6 14 1.33057e-14
6.2 14 6.32309e-14
6.4 14 2.77411e-13
6.6 14 1.12362e-12
6.8 14 4.2016e-12
7 14 1.45046e-11
7.2 14 4.62265e-11
7.4 14 1.36009e-10
7.6 14 3.69433e-10
7.8 14 9.26386e-10
8 14 2.14455e-09
8.2 14 4.58316e-09
8.4 14 9.04229e-09
8.6 14 1.64693e-08
8.8 14 2.7692e-08
9 14 4.29849e-08
9.2 14 6.15967e-08
9.4 14 8.14853e-08
9.6 14 9.95133e-08
9.8 14 1.12192e-07
10 14 1.16768e-07
10.2 14 1.12192e-07
10.4 14 9.95133e-08
10.6 14 8.14853e-08
10.8 14 6.15967e-08
11 14 4.29849e-08
11.2 14 2.7692e-08
11.4 14 1.64693e-08
11.6 14 9.04229e-09
11.8 14 4.58316e-09
12 14 2.14455e-09
12.2 14 9.26386e-10
12.4 14 3.69433e-10
12.6 14 1.36009e-10
12.8 14 4.62265e-11
13 14 1.45046e-11
13.2 14 4.2016e-12
13.4 14 1.12362e-12
13.6 14 2.77411e-13
13.8 14 6.32309e-14
14 14 1.33057e-14
14.2 14 2.58496e-15
14.4 14 4.63638e-16
14.6 14 7.67745e-17
14.8 14 1.17307e-17
5.2 14.2 2.27885e-18
5.4 14.2 1.49147e-17
5.6 14.2 9.00706e-17
5.8 14.2 5.02185e-16
6 14.2 2.58496e-15
6.2 14.2 1.22843e-14
6.4 14.2 5.38952e-14
6.6 14.2 2.18298e-13
6.8 14.2 8.16298e-13
7 14.2 2.81802e-12
7.2 14.2 8.98115e-12
7.4 14.2 2.64248e-11
7.6 14.2 7.17766e-11
7.8 14.2 1.79987e-10
8 14.2 4.16666e-10
8.2 14.2 8.9047e-10
8.4 14.2 1.75685e-09
8.6 14.2 3.19988e-09
8.8 14.2 5.38039e-09
9 14.2 8.35172e-09
9.2 14.2 1.19679e-08
9.4 14.2 1.58322e-08
9.6 14.2 1.9335e-08
9.8 14.2 2.17984e-08
10 14.2 2.26874e-08
10.2 14.2 2.17984e-08
10.4 14.2 1.9335e-08
10.6 14.2 1.58322e-08
10.8 14.2 1.19679e-08
11 14.2 8.35172e-09
11.2 14.2 5.38039e-09
11.4 14.2 3.19988e-09
11.6 14.2 1.75685e-09
11.8 14.2 8.9047e-10
12 14.2 4.16666e-10
12.2 14.2 1.79987e-10
12.4 14.2 7.17766e-11
12.6 14.2 2.64248e-11
12.8 14.2 8.98115e-12
13 14.2 2.81802e-12
13.2 14.2 8.16298e-13
13.4 14.2 2.18298e-13
13.6 14.2 5.38952e-14
13.8 14.2 1.22843e-14
14 14.2 2.58496e-15
14.2 14.2 5.02185e-16
14.4 14.2 9.00706e-17
14.6 14.2 1.49147e-17
14.8 14.2 2.27885e-18
5.2 14.4 4.0871e-19
5.4 14.4 2.67497e-18
5.6 14.4 1.61546e-17
5.8 14.4 9.00706e-17
6 14.4 4.63638e-16
6.2 14.4 2.20334e-15
6.4 14.4 9.66686e-15
6.6 14.4 3.91553e-14
6.8 14.4 1.46418e-13
7 14.4 5.05467e-13
7.2 14.4 1.61096e-12
7.4 14.4 4.73989e-12
7.6 14.4 1.28749e-11
7.8 14.4 3.22852e-11
8 14.4 7.47399e-11
8.2 14.4 1.5973e-10
8.4 14.4 3.1514e-10
8.6 14.4 5.73989e-10
8.8 14.4 9.6513e-10
9 14.4 1.49813e-09
9.2 14.4 2.1468e-09
9.4 14.4 2.83998e-09
9.6 14.4 3.46832e-09
9.8 14.4 3.91021e-09
10 14.4 4.06969e-09
10.2 14.4 3.91021e-09
10.4 14.4 3.46832e-09
10.6 14.4 2.83998e-09
10.8 14.4 2.1468e-09
11 14.4 1.49813e-09
11.2 14.4 9.6513e-10
11.4 14.4 5.73989e-10
11.6 14.4 3.1514e-10
11.8 14.4 1.5973e-10
12 14.4 7.47399e-11
12.2 14.4 3.22852e-11
12.4 14.4 1.28749e-11
12.6 14.4 4.73989e-12
12.8 14.4 1.61096e-12
13 14.4 5.05467e-13
13.2 14.4 1.46418e-13
13.4 14.4 3.91553e-14
13.6 14.4 9.66686e-15
13.8 14.4 2.20334e-15
14 14.4 4.63638e-16
14.2 14.4 9.00706e-17
14.4 14.4 1.61546e-17
14.6 14.4 2.67497e-18
14.8 14.4 4.0871e-19
5.2 14.6 6.76747e-20
5.4 14.6 4.42931e-19
5.6 14.6 2.67497e-18
5.8 14.6 1.49147e-17
6 14.6 7.67745e-17
6.2 14.6 3.64859e-16
6.4 14.6 1.60079e-15
6.6 14.6 6.48403e-15
6.8 14.6 2.42467e-14
7 14.6 8.37059e-14
7.2 14.6 2.66779e-13
7.4 14.6 7.84946e-13
7.6 14.6 2.13215e-12
7.8 14.6 5.34665e-12
8 14.6 1.23775e-11
8.2 14.6 2.64526e-11
8.4 14.6 5.21901e-11
8.6 14.6 9.50583e-11
8.8 14.6 1.59836e-10
9 14.6 2.48107e-10
9.2 14.6 3.55536e-10
9.4 14.6 4.70335e-10
9.6 14.6 5.74395e-10
9.8 14.6 6.47579e-10
10 14.6 6.7399e-10
10.2 14.6 6.47579e-10
10.4 14.6 5.74395e-10
10.6 14.6 4.70335e-10
10.8 14.6 3.55536e-10
11 14.6 2.48107e-10
11.2 14.6 1.59836e-10
11.4 14.6 9.50583e-11
11.6 14.6 5.21901e-11
11.8 14.6 2.64526e-11
12 14.6 1.23775e-11
12.2 14.6 5.34665e-12
12.4 14.6 2.13215e-12
12.6 14.6 7.84946e-13
12.8 14.6 2.66779e-13
13 14.6 8.37059e-14
13.2 14.6 2.42467e-14
13.4 14.6 6.48403e-15
13.6 14.6 1.60079e-15
13.8 14.6 3.64859e-16
14 14.6 7.67745e-17
14.2 14.6 1.49147e-17
14.4 14.6 2.67497e-18
14.6 14.6 4.42931e-19
14.8 14.6 6.76747e-20
5.2 14.8 1.03398e-20
5.4 14.8 6.76747e-20
5.6 14.8 4.0871e-19
5.8 14.8 2.27885e-18
6 14.8 1.17307e-17
6.2 14.8 5.57487e-17
6.4 14.8 2.44596e-16
6.6 14.8 9.90748e-16
6.8 14.8 3.70488e-15
7 14.8 1.27903e-14
7.2 14.8 4.07643e-14
7.4 14.8 1.19942e-13
7.6 14.8 3.25799e-13
7.8 14.8 8.1699e-13
8 14.8 1.89134e-12
8.2 14.8 4.0421e-12
8.4 14.8 7.97496e-12
8.6 14.8 1.45255e-11
8.8 14.8 2.4424e-11
9 14.8 3.79125e-11
9.2 14.8 5.43285e-11
9.4 14.8 7.18708e-11
9.6 14.8 8.77721e-11
9.8 14.8 9.89552e-11
10 14.8 1.02991e-10
10.2 14.8 9.89552e-11
10.4 14.8 8.77721e-11
10.6 14.8 7.18708e-11
10.8 14.8 5.43285e-11
11 14.8 3.79125e-11
11.2 14.8 2.4424e-11
11.4 14.8 1.45255e-11
11.6 14.8 7.97496e-12
11.8 14.8 4.0421e-12
12 14.8 1.89134e-12
12.2 14.8 8.1699e-13
12.4 14.8 3.25799e-13
12.6 14.8 1.19942e-13
12.8 14.8 4.07643e-14
13 14.8 1.27903e-14
13.2 14.8 3.70488e-15
13.4 14.8 9.90748e-16
13.6 14.8 2.44596e-16
13.8 14.8 5.57487e-17
14 14.8 1.17307e-17
14.2 14.8 2.27885e-18
14.4 14.8 4.0871e-19
14.6 14.8 6.76747e-20
14.8 14.8 1.03398e-20

