5.2 5.2 4.01631e-21
5.4 5.2 2.61931e-20
5.6 5.2 1.57452e-19
5.8 5.2 8.74114e-19
6 5.2 4.48163e-18
6.2 5.2 2.12198e-17
6.4 5.2 9.27837e-17
6.6 5.2 3.74646e-16
6.8 5.2 1.39694e-15
7 5.2 4.80991e-15
7.2 5.2 1.52928e-14
7.4 5.2 4.48977e-14
7.6 5.2 1.21714e-13
7.8 5.2 3.04668e-13
8 5.2 7.04177e-13
8.2 5.2 1.50279e-12
8.4 5.2 2.96124e-12
8.6 5.2 5.38768e-12
8.8 5.2 9.05065e-12
9 5.2 1.4038e-11
9.2 5.2 2.01036e-11
9.4 5.2 2.65819e-11
9.6 5.2 3.24518e-11
9.8 5.2 3.65789e-11
10 5.2 3.80681e-11
10.2 5.2 3.65789e-11
10.4 5.2 3.24518e-11
10.6 5.2 2.65819e-11
10.8 5.2 2.01036e-11
11 5.2 1.4038e-11
11.2 5.2 9.05065e-12
11.4 5.2 5.38768e-12
11.6 5.2 2.96124e-12
11.8 5.2 1.50279e-12
12 5.2 7.04177e-13
12.2 5.2 3.04668e-13
12.4 5.2 1.21714e-13
12.6 5.2 4.48977e-14
12.8 5.2 1.52928e-14
13 5.2 4.80991e-15
13.2 5.2 1.39694e-15
13.4 5.2 3.74646e-16
13.6 5.2 9.27837e-17
13.8 5.2 2.12198e-17
14 5.2 4.48163e-18
14.2 5.2 8.74114e-19
14.4 5.2 1.57452e-19
14.6 5.2 2.61931e-20
14.8 5.2 4.01631e-21
5.2 5.4 2.61931e-20
5.4 5.4 1.70816e-19
5.6 5.4 1.02676e-18
5.8 5.4 5.69994e-18
6 5.4 2.92227e-17
6.2 5.4 1.38359e-16
6.4 5.4 6.04955e-16
6.6 5.4 2.44263e-15
6.8 5.4 9.10756e-15
7 5.4 3.1358e-14
7.2 5.4 9.96983e-14
7.4 5.4 2.92694e-13
7.6 5.4 7.9345e-13
7.8 5.4 1.98609e-12
8 5.4 4.59036e-12
8.2 5.4 9.79618e-12
8.4 5.4 1.9303e-11
8.6 5.4 3.51195e-11
8.8 5.4 5.89959e-11
9 5.4 9.15046e-11
9.2 5.4 1.31042e-10
9.4 5.4 1.73268e-10
9.6 5.4 2.11529e-10
9.8 5.4 2.3843e-10
10 5.4 2.48137e-10
10.2 5.4 2.3843e-10
10.4 5.4 2.11529e-10
10.6 5.4 1.73268e-10
10.8 5.4 1.31042e-10
11 5.4 9.15046e-11
11.2 5.4 5.89959e-11
11.4 5.4 3.51195e-11
11.6 5.4 1.9303e-11
11.8 5.4 9.79618e-12
12 5.4 4.59036e-12
12.2 5.4 1.98609e-12
12.4 5.4 7.9345e-13
12.6 5.4 2.92694e-13
12.8 5.4 9.96983e-14
13 5.4 3.1358e-14
13.2 5.4 9.10756e-15
13.4 5.4 2.44263e-15
13.6 5.4 6.04955e-16
13.8 5.4 1.38359e-16
14 5.4 2.92227e-17
14.2 5.4 5.69994e-18
14.4 5.4 1.02676e-18
14.6 5.4 1.70816e-19
14.8 5.4 2.61931e-20
5.2 5.6 1.57452e-19
5.4 5.6 1.02676e-18
5.6 5.6 6.17138e-18
5.8 5.6 3.42576e-17
6 5.6 1.75624e-16
6.2 5.6 8.31473e-16
6.4 5.6 3.63533e-15
6.6 5.6 1.46777e-14
6.8 5.6 5.4725e-14
7 5.6 1.88415e-13
7.2 5.6 5.99019e-13
7.4 5.6 1.75854e-12
7.6 5.6 4.76702e-12
7.8 5.6 1.19321e-11
8 5.6 2.75774e-11
8.2 5.6 5.88511e-11
8.4 5.6 1.15962e-10
8.6 5.6 2.10975e-10
8.8 5.6 3.54404e-10
9 5.6 5.49687e-10
9.2 5.6 7.87187e-10
9.4 5.6 1.04084e-09
9.6 5.6 1.27067e-09
9.8 5.6 1.43226e-09
10 5.6 1.49057e-09
10.2 5.6 1.43226e-09
10.4 5.6 1.27067e-09
10.6 5.6 1.04084e-09
10.8 5.6 7.87187e-10
11 5.6 5.49687e-10
11.2 5.6 3.54404e-10
11.4 5.6 2.10975e-10
11.6 5.6 1.15962e-10
11.8 5.6 5.88511e-11
12 5.6 2.75774e-11
12.2 5.6 1.19321e-11
12.4 5.6 4.76702e-12
12.6 5.6 1.75854e-12
12.8 5.6 5.99019e-13
13 5.6 1.88415e-13
13.2 5.6 5.4725e-14
13.4 5.6 1.46777e-14
13.6 5.6 3.63533e-15
13.8 5.6 8.31473e-16
14 5.6 1.75624e-16
14.2 5.6 3.42576e-17
14.4 5.6 6.17138e-18
14.6 5.6 1.02676e-18
14.8 5.6 1.57452e-19
5.2 5.8 8.74114e-19
5.4 5.8 5.69994e-18
5.6 5.8 3.42576e-17
5.8 5.8 1.90155e-16
6 5.8 9.74791e-16
6.2 5.8 4.61483e-15
6.4 5.8 2.01759e-14
6.6 5.8 8.14573e-14
6.8 5.8 3.03697e-13
7 5.8 1.04558e-12
7.2 5.8 3.32404e-12
7.4 5.8 9.75813e-12
7.6 5.8 2.64514e-11
7.8 5.8 6.62075e-11
8 5.8 1.53015e-10
8.2 5.8 3.26534e-10
8.4 5.8 6.43402e-10
8.6 5.8 1.17056e-09
8.8 5.8 1.96632e-09
9 5.8 3.04977e-09
9.2 5.8 4.36742e-09
9.4 5.8 5.77469e-09
9.6 5.8 7.04978e-09
9.8 5.8 7.94628e-09
10 5.8 8.26977e-09
10.2 5.8 7.94628e-09
10.4 5.8 7.04978e-09
10.6 5.8 5.77469e-09
10.8 5.8 4.36742e-09
11 5.8 3.04977e-09
11.2 5.8 1.96632e-09
11.4 5.8 1.17056e-09
11.6 5.8 6.43402e-10
11.8 5.8 3.26534e-10
12 5.8 1.53015e-10
12.2 5.8 6.62075e-11
12.4 5.8 2.64514e-11
12.6 5.8 9.75813e-12
12.8 5.8 3.32404e-12
13 5.8 1.04558e-12
13.2 5.8 3.03697e-13
13.4 5.8 8.14573e-14
13.6 5.8 2.01759e-14
13.8 5.8 4.61483e-15
14 5.8 9.74791e-16
14.2 5.8 1.90155e-16
14.4 5.8 3.42576e-17
14.6 5.8 5.69994e-18
14.8 5.8 8.74114e-19
5.2 6 4.48163e-18
5.4 6 2.92227e-17
5.6 6 1.75624e-16
5.8 6 9.74791e-16
6 6 4.99682e-15
6.2 6 2.36548e-14
6.4 6 1.03414e-13
6.6 6 4.17502e-13
6.8 6 1.55652e-12
7 6 5.35864e-12
7.2 6 1.70354e-11
7.4 6 5.00083e-11
7.6 6 1.35554e-10
7.8 6 3.39283e-10
8 6 7.84119e-10
8.2 6 1.67328e-09
8.4 6 3.29697e-09
8.6 6 5.99817e-09
8.8 6 1.00757e-08
9 6 1.56273e-08
9.2 6 2.23789e-08
9.4 6 2.95897e-08
9.6 6 3.61231e-08
9.8 6 4.07166e-08
10 6 4.23741e-08
10.2 6 4.07166e-08
10.4 6 3.61231e-08
10.6 6 2.95897e-08
10.8 6 2.23789e-08
11 6 1.56273e-08
11.2 6 1.00757e-08
11.4 6 5.99817e-09
11.6 6 3.29697e-09
11.8 6 1.67328e-09
12 6 7.84119e-10
12.2 6 3.39283e-10
12.4 6 1.35554e-10
12.6 6 5.00083e-11
12.8 6 1.70354e-11
13 6 5.35864e-12
13.2 6 1.55652e-12
13.4 6 4.17502e-13
13.6 6 1.03414e-13
13.8 6 2.36548e-14
14 6 4.99682e-15
14.2 6 9.74791e-16
14.4 6 1.75624e-16
14.6 6 2.92227e-17
14.8 6 4.48163e-18
5.2 6.2 2.12198e-17
5.4 6.2 1.38359e-16
5.6 6.2 8.31473e-16
5.8 6.2 4.61483e-15
6 6.2 2.36548e-14
6.2 6.2 1.11976e-13
6.4 6.2 4.89518e-13
6.6 6.2 1.97622e-12
6.8 6.2 7.36742e-12
7 6.2 2.53632e-11
7.2 6.2 8.06288e-11
7.4 6.2 2.36683e-10
7.6 6.2 6.41549e-10
7.8 6.2 1.60572e-09
8 6.2 3.71092e-09
8.2 6.2 7.91881e-09
8.4 6.2 1.56027e-08
8.6 6.2 2.83857e-08
8.8 6.2 4.76817e-08
9 6.2 7.3953e-08
9.2 6.2 1.05903e-07
9.4 6.2 1.40025e-07
9.6 6.2 1.70942e-07
9.8 6.2 1.92679e-07
10 6.2 2.00523e-07
10.2 6.2 1.92679e-07
10.4 6.2 1.70942e-07
10.6 6.2 1.40025e-07
10.8 6.2 1.05903e-07
11 6.2 7.3953e-08
11.2 6.2 4.76817e-08
11.4 6.2 2.83857e-08
11.6 6.2 1.56027e-08
11.8 6.2 7.91881e-09
12 6.2 3.71092e-09
12.2 6.2 1.60572e-09
12.4 6.2 6.41549e-10
12.6 6.2 2.36683e-10
12.8 6.2 8.06288e-11
13 6.2 2.53632e-11
13.2 6.2 7.36742e-12
13.4 6.2 1.97622e-12
13.6 6.2 4.89518e-13
13.8 6.2 1.11976e-13
14 6.2 2.36548e-14
14.2 6.2 4.61483e-15
14.4 6.2 8.31473e-16
14.6 6.2 1.38359e-16
14.8 6.2 2.12198e-17
5.2 6.4 9.27837e-17
5.4 6.4 6.04955e-16
5.6 6.4 3.63533e-15
5.8 6.4 2.01759e-14
6 6.4 1.03414e-13
6.2 6.4 4.89518e-13
6.4 6.4 2.13991e-12
6.6 6.4 8.63866e-12
6.8 6.4 3.22044e-11
7 6.4 1.10864e-10
7.2 6.4 3.52425e-10
7.4 6.4 1.03451e-09
7.6 6.4 2.80406e-09
7.8 6.4 7.01808e-09
8 6.4 1.6219e-08
8.2 6.4 3.46095e-08
8.4 6.4 6.81914e-08
8.6 6.4 1.24058e-07
8.8 6.4 2.08388e-07
9 6.4 3.232e-07
9.2 6.4 4.6283e-07
9.4 6.4 6.11952e-07
9.6 6.4 7.47065e-07
9.8 6.4 8.42062e-07
10 6.4 8.76339e-07
10.2 6.4 8.42062e-07
10.4 6.4 7.47065e-07
10.6 6.4 6.11952e-07
10.8 6.4 4.6283e-07
11 6.4 3.232e-07
11.2 6.4 2.08388e-07
11.4 6.4 1.24058e-07
11.6 6.4 6.81914e-08
11.8 6.4 3.46095e-08
12 6.4 1.6219e-08
12.2 6.4 7.01808e-09
12.4 6.4 2.80406e-09
12.6 6.4 1.03451e-09
12.8 6.4 3.52425e-10
13 6.4 1.10864e-10
13.2 6.4 3.22044e-11
13.4 6.4 8.63866e-12
13.6 6.4 2.13991e-12
13.8 6.4 4.89518e-13
14 6.4 1.03414e-13
14.2 6.4 2.01759e-14
14.4 6.4 3.63533e-15
14.6 6.4 6.04955e-16
14.8 6.4 9.27837e-17
5.2 6.6 3.74646e-16
5.4 6.6 2.44263e-15
5.6 6.6 1.46777e-14
5.8 6.6 8.14573e-14
6 6.6 4.17502e-13
6.2 6.6 1.97622e-12
6.4 6.6 8.63866e-12
6.6 6.6 3.48727e-11
6.8 6.6 1.29999e-10
7 6.6 4.47514e-10
7.2 6.6 1.42256e-09
7.4 6.6 4.17571e-09
7.6 6.6 1.13181e-08
7.8 6.6 2.83269e-08
8 6.6 6.54631e-08
8.2 6.6 1.39689e-07
8.4 6.6 2.75228e-07
8.6 6.6 5.00704e-07
8.8 6.6 8.41057e-07
9 6.6 1.30443e-06
9.2 6.6 1.86796e-06
9.4 6.6 2.46981e-06
9.6 6.6 3.01511e-06
9.8 6.6 3.3985e-06
10 6.6 3.53684e-06
10.2 6.6 3.3985e-06
10.4 6.6 3.01511e-06
10.6 6.6 2.46981e-06
10.8 6.6 1.86796e-06
11 6.6 1.30443e-06
11.2 6.6 8.41057e-07
11.4 6.6 5.00704e-07
11.6 6.6 2.75228e-07
11.8 6.6 1.39689e-07
12 6.6 6.54631e-08
12.2 6.6 2.83269e-08
12.4 6.6 1.13181e-08
12.6 6.6 4.17571e-09
12.8 6.6 1.42256e-09
13 6.6 4.47514e-10
13.2 6.6 1.29999e-10
13.4 6.6 3.48727e-11
13.6 6.6 8.63866e-12
13.8 6.6 1.97622e-12
14 6.6 4.17502e-13
14.2 6.6 8.14573e-14
14.4 6.6 1.46777e-14
14.6 6.6 2.44263e-15
14.8 6.6 3.74646e-16
5.2 6.8 1.39694e-15
5.4 6.8 9.10756e-15
5.6 6.8 5.4725e-14
5.8 6.8 3.03697e-13
6 6.8 1.55652e-12
6.2 6.8 7.36742e-12
6.4 6.8 3.22044e-11
6.6 6.8 1.29999e-10
6.8 6.8 4.84604e-10
7 6.8 1.66817e-09
7.2 6.8 5.30271e-09
7.4 6.8 1.55649e-08
7.6 6.8 4.21875e-08
7.8 6.8 1.05585e-07
8 6.8 2.44001e-07
8.2 6.8 5.20658e-07
8.4 6.8 1.02583e-06
8.6 6.8 1.86622e-06
8.8 6.8 3.13475e-06
9 6.8 4.86179e-06
9.2 6.8 6.96211e-06
9.4 6.8 9.20519e-06
9.6 6.8 1.12375e-05
9.8 6.8 1.26664e-05
10 6.8 1.3182e-05
10.2 6.8 1.26664e-05
10.4 6.8 1.12375e-05
10.6 6.8 9.20519e-06
10.8 6.8 6.96211e-06
11 6.8 4.86179e-06
11.2 6.8 3.13475e-06
11.4 6.8 1.86622e-06
11.6 6.8 1.02583e-06
11.8 6.8 5.20658e-07
12 6.8 2.44001e-07
12.2 6.8 1.05585e-07
12.4 6.8 4.21875e-08
12.6 6.8 1.55649e-08
12.8 6.8 5.30271e-09
13 6.8 1.66817e-09
13.2 6.8 4.84604e-10
13.4 6.8 1.29999e-10
13.6 6.8 3.22044e-11
13.8 6.8 7.36742e-12
14 6.8 1.55652e-12
14.2 6.8 3.03697e-13
14.4 6.8 5.4725e-14
14.6 6.8 9.10756e-15
14.8 6.8 1.39694e-15
5.2 7 4.80991e-15
5.4 7 3.1358e-14
5.6 7 1.88415e-13
5.8 7 1.04558e-12
6 7 5.35864e-12
6.2 7 2.53632e-11
6.4 7 1.10864e-10
6.6 7 4.47514e-10
6.8 7 1.66817e-09
7 7 5.74231e-09
7.2 7 1.8253e-08
7.4 7 5.35768e-08
7.6 7 1.45213e-07
7.8 7 3.63426e-07
8 7 8.39851e-07
8.2 7 1.79208e-06
8.4 7 3.53084e-06
8.6 7 6.4233e-06
8.8 7 1.07894e-05
9 7 1.67335e-05
9.2 7 2.39623e-05
9.4 7 3.16824e-05
9.6 7 3.86773e-05
9.8 7 4.35952e-05
10 7 4.53697e-05
10.2 7 4.35952e-05
10.4 7 3.86773e-05
10.6 7 3.16824e-05
10.8 7 2.39623e-05
11 7 1.67335e-05
11.2 7 1.07894e-05
11.4 7 6.4233e-06
11.6 7 3.53084e-06
11.8 7 1.79208e-06
12 7 8.39851e-07
12.2 7 3.63426e-07
12.4 7 1.45213e-07
12.6 7 5.35768e-08
12.8 7 1.8253e-08
13 7 5.74231e-09
13.2 7 1.66817e-09
13.4 7 4.47514e-10
13.6 7 1.10864e-10
13.8 7 2.53632e-11
14 7 5.35864e-12
14.2 7 1.04558e-12
14.4 7 1.88415e-13
14.6 7 3.1358e-14
14.8 7 4.80991e-15
5.2 7.2 1.52928e-14
5.4 7.2 9.96983e-14
5.6 7.2 5.99019e-13
5.8 7.2 3.32404e-12
6 7.2 1.70354e-11
6.2 7.2 8.06288e-11
6.4 7.2 3.52425e-10
6.6 7.2 1.42256e-09
6.8 7.2 5.30271e-09
7 7.2 1.8253e-08
7.2 7.2 5.80195e-08
7.4 7.2 1.70298e-07
7.6 7.2 4.61564e-07
7.8 7.2 1.15515e-06
8 7.2 2.66942e-06
8.2 7.2 5.69597e-06
8.4 7.2 1.12223e-05
8.6 7.2 2.04155e-05
8.8 7.2 3.42922e-05
9 7.2 5.31843e-05
9.2 7.2 7.61593e-05
9.4 7.2 0.000100696
9.6 7.2 0.000122927
9.8 7.2 0.000138557
10 7.2 0.000144197
10.2 7.2 0.000138557
10.4 7.2 0.000122927
10.6 7.2 0.000100696
10.8 7.2 7.61593e-05
11 7.2 5.31843e-05
11.2 7.2 3.42922e-05
11.4 7.2 2.04155e-05
11.6 7.2 1.12223e-05
11.8 7.2 5.69597e-06
12 7.2 2.66942e-06
12.2 7.2 1.15515e-06
12.4 7.2 4.61564e-07
12.6 7.2 1.70298e-07
12.8 7.2 5.80195e-08
13 7.2 1.8253e-08
13.2 7.2 5.30271e-09
13.4 7.2 1.42256e-09
13.6 7.2 3.52425e-10
13.8 7.2 8.06288e-11
14 7.2 1.70354e-11
14.2 7.2 3.32404e-12
14.4 7.2 5.99019e-13
14.6 7.2 9.96983e-14
14.8 7.2 1.52928e-14
5.2 7.4 4.48977e-14
5.4 7.4 2.92694e-13
5.6 7.4 1.75854e-12
5.8 7.4 9.75813e-12
6 7.4 5.00083e-11
6.2 7.4 2.36683e-10
6.4 7.4 1.03451e-09
6.6 7.4 4.17571e-09
6.8 7.4 1.55649e-08
7 7.4 5.35768e-08
7.2 7.4 1.70298e-07
7.4 7.4 4.99847e-07
7.6 7.4 1.35474e-06
7.8 7.4 3.39042e-06
8 7.4 7.83482e-06
8.2 7.4 1.67177e-05
8.4 7.4 3.29373e-05
8.6 7.4 5.99186e-05
8.8 7.4 0.000100645
9 7.4 0.000156091
9.2 7.4 0.00022352
9.4 7.4 0.000295532
9.6 7.4 0.000360777
9.8 7.4 0.00040665
10 7.4 0.000423202
10.2 7.4 0.00040665
10.4 7.4 0.000360777
10.6 7.4 0.000295532
10.8 7.4 0.00022352
11 7.4 0.000156091
11.2 7.4 0.000100645
11.4 7.4 5.99186e-05
11.6 7.4 3.29373e-05
11.8 7.4 1.67177e-05
12 7.4 7.83482e-06
12.2 7.4 3.39042e-06
12.4 7.4 1.35474e-06
12.6 7.4 4.99847e-07
12.8 7.4 1.70298e-07
13 7.4 5.35768e-08
13.2 7.4 1.55649e-08
13.4 7.4 4.17571e-09
13.6 7.4 1.03451e-09
13.8 7.4 2.36683e-10
14 7.4 5.00083e-11
14.2 7.4 9.75813e-12
14.4 7.4 1.75854e-12
14.6 7.4 2.92694e-13
14.8 7.4 4.48977e-14
5.2 7.6 1.21714e-13
5.4 7.6 7.9345e-13
5.6 7.6 4.76702e-12
5.8 7.6 2.64514e-11
6 7.6 1.35554e-10
6.2 7.6 6.41549e-10
6.4 7.6 2.80406e-09
6.6 7.6 1.13181e-08
6.8 7.6 4.21875e-08
7 7.6 1.45213e-07
7.2 7.6 4.61564e-07
7.4 7.6 1.35474e-06
7.6 7.6 3.67169e-06
7.8 7.6 9.18884e-06
8 7.6 2.1234e-05
8.2 7.6 4.53079e-05
8.4 7.6 8.92653e-05
8.6 7.6 0.000162388
8.8 7.6 0.000272761
9 7.6 0.000423025
9.2 7.6 0.000605762
9.4 7.6 0.000800918
9.6 7.6 0.000977737
9.8 7.6 0.00110205
10 7.6 0.00114691
10.2 7.6 0.00110205
10.4 7.6 0.000977737
10.6 7.6 0.000800918
10.8 7.6 0.000605762
11 7.6 0.000423025
11.2 7.6 0.000272761
11.4 7.6 0.000162388
11.6 7.6 8.92653e-05
11.8 7.6 4.53079e-05
12 7.6 2.1234e-05
12.2 7.6 9.18884e-06
12.4 7.6 3.67169e-06
12.6 7.6 1.35474e-06
12.8 7.6 4.61564e-07
13 7.6 1.45213e-07
13.2 7.6 4.21875e-08
13.4 7.6 1.13181e-08
13.6 7.6 2.80406e-09
13.8 7.6 6.41549e-10
14 7.6 1.35554e-10
14.2 7.6 2.64514e-11
14.4 7.6 4.76702e-12
14.6 7.6 7.9345e-13
14.8 7.6 1.21714e-13
5.2 7.8 3.04668e-13
5.4 7.8 1.98609e-12
5.6 7.8 1.19321e-11
5.8 7.8 6.62075e-11
6 7.8 3.39283e-10
6.2 7.8 1.60572e-09
6.4 7.8 7.01808e-09
6.6 7.8 2.83269e-08
6.8 7.8 1.05585e-07
7 7.8 3.63426e-07
7.2 7.8 1.15515e-06
7.4 7.8 3.39042e-06
7.6 7.8 9.18884e-06
7.8 7.8 2.29959e-05
8 7.8 5.31395e-05
8.2 7.8 0.000113385
8.4 7.8 0.000223389
8.6 7.8 0.000406378
8.8 7.8 0.000682585
9 7.8 0.00105862
9.2 7.8 0.00151591
9.4 7.8 0.00200428
9.6 7.8 0.00244676
9.8 7.8 0.00275785
10 7.8 0.00287011
10.2 7.8 0.00275785
10.4 7.8 0.00244676
10.6 7.8 0.00200428
10.8 7.8 0.00151591
11 7.8 0.00105862
11.2 7.8 0.000682585
11.4 7.8 0.000406378
11.6 7.8 0.000223389
11.8 7.8 0.000113385
12 7.8 5.31395e-05
12.2 7.8 2.29959e-05
12.4 7.8 9.18884e-06
12.6 7.8 3.39042e-06
12.8 7.8 1.15515e-06
13 7.8 3.63426e-07
13.2 7.8 1.05585e-07
13.4 7.8 2.83269e-08
13.6 7.8 7.01808e-09
13.8 7.8 1.60572e-09
14 7.8 3.39283e-10
14.2 7.8 6.62075e-11
14.4 7.8 1.19321e-11
14.6 7.8 1.98609e-12
14.8 7.8 3.04668e-13
5.2 8 7.04177e-13
5.4 8 4.59036e-12
5.6 8 2.75774e-11
5.8 8 1.53015e-10
6 8 7.84119e-10
6.2 8 3.71092e-09
6.4 8 1.6219e-08
6.6 8 6.54631e-08
6.8 8 2.44001e-07
7 8 8.39851e-07
7.2 8 2.66942e-06
7.4 8 7.83482e-06
7.6 8 2.1234e-05
7.8 8 5.31395e-05
8 8 0.000122795
8.2 8 0.00026201
8.4 8 0.000516202
8.6 8 0.000939043
8.8 8 0.00157728
9 8 0.00244619
9.2 8 0.00350286
9.4 8 0.00463134
9.6 8 0.00565378
9.8 8 0.00637264
10 8 0.00663202
10.2 8 0.00637264
10.4 8 0.00565378
10.6 8 0.00463134
10.8 8 0.00350286
11 8 0.00244619
11.2 8 0.00157728
11.4 8 0.000939043
11.6 8 0.000516202
11.8 8 0.00026201
12 8 0.000122795
12.2 8 5.31395e-05
12.4 8 2.1234e-05
12.6 8 7.83482e-06
12.8 8 2.66942e-06
13 8 8.39851e-07
13.2 8 2.44001e-07
13.4 8 6.54631e-08
13.6 8 1.6219e-08
13.8 8 3.71092e-09
14 8 7.84119e-10
14.2 8 1.53015e-10
14.4 8 2.75774e-11
14.6 8 4.59036e-12
14.8 8 7.04177e-13
5.2 8.2 1.50279e-12
5.4 8.2 9.79618e-12
5.6 8.2 5.88511e-11
5.8 8.2 3.26534e-10
6 8.2 1.67328e-09
6.2 8.2 7.91881e-09
6.4 8.2 3.46095e-08
6.6 8.2 1.39689e-07
6.8 8.2 5.20658e-07
7 8.2 1.79208e-06
7.2 8.2 5.69597e-06
7.4 8.2 1.67177e-05
7.6 8.2 4.53079e-05
7.8 8.2 0.000113385
8 8.2 0.00026201
8.2 8.2 0.000559049
8.4 8.2 0.00110141
8.6 8.2 0.00200361
8.8 8.2 0.0033654
9 8.2 0.00521933
9.2 8.2 0.00747389
9.4 8.2 0.00988165
9.6 8.2 0.0120632
9.8 8.2 0.0135969
10 8.2 0.0141503
10.2 8.2 0.0135969
10.4 8.2 0.0120632
10.6 8.2 0.00988165
10.8 8.2 0.00747389
11 8.2 0.00521933
11.2 8.2 0.0033654
11.4 8.2 0.00200361
11.6 8.2 0.00110141
11.8 8.2 0.000559049
12 8.2 0.00026201
12.2 8.2 0.000113385
12.4 8.2 4.53079e-05
12.6 8.2 1.67177e-05
12.8 8.2 5.69597e-06
13 8.2 1.79208e-06
13.2 8.2 5.20658e-07
13.4 8.2 1.39689e-07
13.6 8.2 3.46095e-08
13.8 8.2 7.91881e-09
14 8.2 1.67328e-09
14.2 8.2 3.26534e-10
14.4 8.2 5.88511e-11
14.6 8.2 9.79618e-12
14.8 8.2 1.50279e-12
5.2 8.4 2.96124e-12
5.4 8.4 1.9303e-11
5.6 8.4 1.15962e-10
5.8 8.4 6.43402e-10
6 8.4 3.29697e-09
6.2 8.4 1.56027e-08
6.4 8.4 6.81914e-08
6.6 8.4 2.75228e-07
6.8 8.4 1.02583e-06
7 8.4 3.53084e-06
7.2 8.4 1.12223e-05
7.4 8.4 3.29373e-05
7.6 8.4 8.92653e-05
7.8 8.4 0.000223389
8 8.4 0.000516202
8.2 8.4 0.00110141
8.4 8.4 0.00216994
8.6 8.4 0.00394739
8.8 8.4 0.00663027
9 8.4 0.0102827
9.2 8.4 0.0147244
9.4 8.4 0.019468
9.6 8.4 0.0237658
9.8 8.4 0.0267874
10 8.4 0.0278777
10.2 8.4 0.0267874
10.4 8.4 0.0237658
10.6 8.4 0.019468
10.8 8.4 0.0147244
11 8.4 0.0102827
11.2 8.4 0.00663027
11.4 8.4 0.00394739
11.6 8.4 0.00216994
11.8 8.4 0.00110141
12 8.4 0.000516202
12.2 8.4 0.000223389
12.4 8.4 8.92653e-05
12.6 8.4 3.29373e-05
12.8 8.4 1.12223e-05
13 8.4 3.53084e-06
13.2 8.4 1.02583e-06
13.4 8.4 2.75228e-07
13.6 8.4 6.81914e-08
13.8 8.4 1.56027e-08
14 8.4 3.29697e-09
14.2 8.4 6.43402e-10
14.4 8.4 1.15962e-10
14.6 8.4 1.9303e-11
14.8 8.4 2.96124e-12
5.2 8.6 5.38768e-12
5.4 8.6 3.51195e-11
5.6 8.6 2.10975e-10
5.8 8.6 1.17056e-09
6 8.6 5.99817e-09
6.2 8.6 2.83857e-08
6.4 8.6 1.24058e-07
6.6 8.6 5.00704e-07
6.8 8.6 1.86622e-06
7 8.6 6.4233e-06
7.2 8.6 2.04155e-05
7.4 8.6 5.99186e-05
7.6 8.6 0.000162388
7.8 8.6 0.000406378
8 8.6 0.000939043
8.2 8.6 0.00200361
8.4 8.6 0.00394739
8.6 8.6 0.00718075
8.8 8.6 0.0120612
9 8.6 0.0187053
9.2 8.6 0.0267852
9.4 8.6 0.0354141
9.6 8.6 0.0432321
9.8 8.6 0.0487288
10 8.6 0.0507121
10.2 8.6 0.0487288
10.4 8.6 0.0432321
10.6 8.6 0.0354141
10.8 8.6 0.0267852
11 8.6 0.0187053
11.2 8.6 0.0120612
11.4 8.6 0.00718075
11.6 8.6 0.00394739
11.8 8.6 0.00200361
12 8.6 0.000939043
12.2 8.6 0.000406378
12.4 8.6 0.000162388
12.6 8.6 5.99186e-05
12.8 8.6 2.04155e-05
13 8.6 6.4233e-06
13.2 8.6 1.86622e-06
13.4 8.6 5.00704e-07
13.6 8.6 1.24058e-07
13.8 8.6 2.83857e-08
14 8.6 5.99817e-09
14.2 8.6 1.17056e-09
14.4 8.6 2.10975e-10
14.6 8.6 3.51195e-11
14.8 8.6 5.38768e-12
5.2 8.8 9.05065e-12
5.4 8.8 5.89959e-11
5.6 8.8 3.54404e-10
5.8 8.8 1.96632e-09
6 8.8 1.00757e-08
6.2 8.8 4.76817e-08
6.4 8.8 2.08388e-07
6.6 8.8 8.41057e-07
6.8 8.8 3.13475e-06
7 8.8 1.07894e-05
7.2 8.8 3.42922e-05
7.4 8.8 0.000100645
7.6 8.8 0.000272761
7.8 8.8 0.000682585
8 8.8 0.00157728
8.2 8.8 0.0033654
8.4 8.8 0.00663027
8.6 8.8 0.0120612
8.8 8.8 0.0202585
9 8.8 0.0314183
9.2 8.8 0.0449896
9.4 8.8 0.0594829
9.6 8.8 0.0726143
9.8 8.8 0.0818466
10 8.8 0.0851779
10.2 8.8 0.0818466
10.4 8.8 0.0726143
10.6 8.8 0.0594829
10.8 8.8 0.0449896
11 8.8 0.0314183
11.2 8.8 0.0202585
11.4 8.8 0.0120612
11.6 8.8 0.00663027
11.8 8.8 0.0033654
12 8.8 0.00157728
12.2 8.8 0.000682585
12.4 8.8 0.000272761
12.6 8.8 0.000100645
12.8 8.8 3.42922e-05
13 8.8 1.07894e-05
13.2 8.8 3.13475e-06
13.4 8.8 8.41057e-07
13.6 8.8 2.08388e-07
13.8 8.8 4.76817e-08
14 8.8 1.00757e-08
14.2 8.8 1.96632e-09
14.4 8.8 3.54404e-10
14.6 8.8 5.89959e-11
14.8 8.8 9.05065e-12
5.2 9 1.4038e-11
5.4 9 9.15046e-11
5.6 9 5.49687e-10
5.8 9 3.04977e-09
6 9 1.56273e-08
6.2 9 7.3953e-08
6.4 9 3.232e-07
6.6 9 1.30443e-06
6.8 9 4.86179e-06
7 9 1.67335e-05
7.2 9 5.31843e-05
7.4 9 0.000156091
7.6 9 0.000423025
7.8 9 0.00105862
8 9 0.00244619
8.2 9 0.00521933
8.4 9 0.0102827
8.6 9 0.0187053
8.8 9 0.0314183
9 9 0.0487256
9.2 9 0.0697727
9.4 9 0.0922497
9.6 9 0.112615
9.8 9 0.126933
10 9 0.132099
10.2 9 0.126933
10.4 9 0.112615
10.6 9 0.0922497
10.8 9 0.0697727
11 9 0.0487256
11.2 9 0.0314183
11.4 9 0.0187053
11.6 9 0.0102827
11.8 9 0.00521933
12 9 0.00244619
12.2 9 0.00105862
12.4 9 0.000423025
12.6 9 0.000156091
12.8 9 5.31843e-05
13 9 1.67335e-05
13.2 9 4.86179e-06
13.4 9 1.30443e-06
13.6 9 3.232e-07
13.8 9 7.3953e-08
14 9 1.56273e-08
14.2 9 3.04977e-09
14.4 9 5.49687e-10
14.6 9 9.15046e-11
14.8 9 1.4038e-11
5.2 9.2 2.01036e-11
5.4 9.2 1.31042e-10
5.6 9.2 7.87187e-10
5.8 9.2 4.36742e-09
6 9.2 2.23789e-08
6.2 9.2 1.05903e-07
6.4 9.2 4.6283e-07
6.6 9.2 1.86796e-06
6.8 9.2 6.96211e-06
7 9.2 2.39623e-05
7.2 9.2 7.61593e-05
7.4 9.2 0.00022352
7.6 9.2 0.000605762
7.8 9.2 0.00151591
8 9.2 0.00350286
8.2 9.2 0.00747389
8.4 9.2 0.0147244
8.6 9.2 0.0267852
8.8 9.2 0.0449896
9 9.2 0.0697727
9.2 9.2 0.0999109
9.4 9.2 0.132097
9.6 9.2 0.161258
9.8 9.2 0.181761
10 9.2 0.189159
10.2 9.2 0.181761
10.4 9.2 0.161258
10.6 9.2 0.132097
10.8 9.2 0.0999109
11 9.2 0.0697727
11.2 9.2 0.0449896
11.4 9.2 0.0267852
11.6 9.2 0.0147244
11.8 9.2 0.00747389
12 9.2 0.00350286
12.2 9.2 0.00151591
12.4 9.2 0.000605762
12.6 9.2 0.00022352
12.8 9.2 7.61593e-05
13 9.2 2.39623e-05
13.2 9.2 6.96211e-06
13.4 9.2 1.86796e-06
13.6 9.2 4.6283e-07
13.8 9.2 1.05903e-07
14 9.2 2.23789e-08
14.2 9.2 4.36742e-09
14.4 9.2 7.87187e-10
14.6 9.2 1.31042e-10
14.8 9.2 2.01036e-11
5.2 9.4 2.65819e-11
5.4 9.4 1.73268e-10
5.6 9.4 1.04084e-09
5.8 9.4 5.77469e-09
6 9.4 2.95897e-08
6.2 9.4 1.40025e-07
6.4 9.4 6.11952e-07
6.6 9.4 2.46981e-06
6.8 9.4 9.20519e-06
7 9.4 3.16824e-05
7.2 9.4 0.000100696
7.4 9.4 0.000295532
7.6 9.4 0.000800918
7.8 9.4 0.00200428
8 9.4 0.00463134
8.2 9.4 0.00988165
8.4 9.4 0.019468
8.6 9.4 0.0354141
8.8 9.4 0.0594829
9 9.4 0.0922497
9.2 9.4 0.132097
9.4 9.4 0.174651
9.6 9.4 0.213206
9.8 9.4 0.240314
10 9.4 0.250095
10.2 9.4 0.240314
10.4 9.4 0.213206
10.6 9.4 0.174651
10.8 9.4 0.132097
11 9.4 0.0922497
11.2 9.4 0.0594829
11.4 9.4 0.0354141
11.6 9.4 0.019468
11.8 9.4 0.00988165
12 9.4 0.00463134
12.2 9.4 0.00200428
12.4 9.4 0.000800918
12.6 9.4 0.000295532
12.8 9.4 0.000100696
13 9.4 3.16824e-05
13.2 9.4 9.20519e-06
13.4 9.4 2.46981e-06
13.6 9.4 6.11952e-07
13.8 9.4 1.40025e-07
14 9.4 2.95897e-08
14.2 9.4 5.77469e-09
14.4 9.4 1.04084e-09
14.6 9.4 1.73268e-10
14.8 9.4 2.65819e-11
5.2 9.6 3.24518e-11
5.4 9.6 2.11529e-10
5.6 9.6 1.27067e-09
5.8 9.6 7.04978e-09
6 9.6 3.61231e-08
6.2 9.6 1.70942e-07
6.4 9.6 7.47065e-07
6.6 9.6 3.01511e-06
6.8 9.6 1.12375e-05
7 9.6 3.86773e-05
7.2 9.6 0.000122927
7.4 9.6 0.000360777
7.6 9.6 0.000977737
7.8 9.6 0.00244676
8 9.6 0.00565378
8.2 9.6 0.0120632
8.4 9.6 0.0237658
8.6 9.6 0.0432321
8.8 9.6 0.0726143
9 9.6 0.112615
9.2 9.6 0.161258
9.4 9.6 0.213206
9.6 9.6 0.260273
9.8 9.6 0.293364
10 9.6 0.305305
10.2 9.6 0.293364
10.4 9.6 0.260273
10.6 9.6 0.213206
10.8 9.6 0.161258
11 9.6 0.112615
11.2 9.6 0.0726143
11.4 9.6 0.0432321
11.6 9.6 0.0237658
11.8 9.6 0.0120632
12 9.6 0.00565378
12.2 9.6 0.00244676
12.4 9.6 0.000977737
12.6 9.6 0.000360777
12.8 9.6 0.000122927
13 9.6 3.86773e-05
13.2 9.6 1.12375e-05
13.4 9.6 3.01511e-06
13.6 9.6 7.47065e-07
13.8 9.6 1.70942e-07
14 9.6 3.61231e-08
14.2 9.6 7.04978e-09
14.4 9.6 1.27067e-09
14.6 9.6 2.11529e-10
14.8 9.6 3.24518e-11
5.2 9.8 3.65789e-11
5.4 9.8 2.3843e-10
5.6 9.8 1.43226e-09
5.8 9.8 7.94628e-09
6 9.8 4.07166e-08
6.2 9.8 1.92679e-07
6.4 9.8 8.42062e-07
6.6 9.8 3.3985e-06
6.8 9.8 1.26664e-05
7 9.8 4.35952e-05
7.2 9.8 0.000138557
7.4 9.8 0.00040665
7.6 9.8 0.00110205
7.8 9.8 0.00275785
8 9.8 0.00637264
8.2 9.8 0.0135969
8.4 9.8 0.0267874
8.6 9.8 0.0487288
8.8 9.8 0.0818466
9 9.8 0.126933
9.2 9.8 0.181761
9.4 9.8 0.240314
9.6 9.8 0.293364
9.8 9.8 0.330663
10 9.8 0.344121
10.2 9.8 0.330663
10.4 9.8 0.293364
10.6 9.8 0.240314
10.8 9.8 0.181761
11 9.8 0.126933
11.2 9.8 0.0818466
11.4 9.8 0.0487288
11.6 9.8 0.0267874
11.8 9.8 0.0135969
12 9.8 0.00637264
12.2 9.8 0.00275785
12.4 9.8 0.00110205
12.6 9.8 0.00040665
12.8 9.8 0.000138557
13 9.8 4.35952e-05
13.2 9.8 1.26664e-05
13.4 9.8 3.3985e-06
13.6 9.8 8.42062e-07
13.8 9.8 1.92679e-07
14 9.8 4.07166e-08
14.2 9.8 7.94628e-09
14.4 9.8 1.43226e-09
14.6 9.8 2.3843e-10
14.8 9.8 3.65789e-11
5.2 10 3.80681e-11
5.4 10 2.48137e-10
5.6 10 1.49057e-09
5.8 10 8.26977e-09
6 10 4.23741e-08
6.2 10 2.00523e-07
6.4 10 8.76339e-07
6.6 10 3.53684e-06
6.8 10 1.3182e-05
7 10 4.53697e-05
7.2 10 0.000144197
7.4 10 0.000423202
7.6 10 0.00114691
7.8 10 0.00287011
8 10 0.00663202
8.2 10 0.0141503
8.4 10 0.0278777
8.6 10 0.0507121
8.8 10 0.0851779
9 10 0.132099
9.2 10 0.189159
9.4 10 0.250095
9.6 10 0.305305
9.8 10 0.344121
10 10 0.358127
10.2 10 0.344121
10.4 10 0.305305
10.6 10 0.250095
10.8 10 0.189159
11 10 0.132099
11.2 10 0.0851779
11.4 10 0.0507121
11.6 10 0.0278777
11.8 10 0.0141503
12 10 0.00663202
12.2 10 0.00287011
12.4 10 0.00114691
12.6 10 0.000423202
12.8 10 0.000144197
13 10 4.53697e-05
13.2 10 1.3182e-05
13.4 10 3.53684e-06
13.6 10 8.76339e-07
13.8 10 2.00523e-07
14 10 4.23741e-08
14.2 10 8.26977e-09
14.4 10 1.49057e-09
14.6 10 2.48137e-10
14.8 10 3.80681e-11
5.2 10.2 3.65789e-11
5.4 10.2 2.3843e-10
5.6 10.2 1.43226e-09
5.8 10.2 7.94628e-09
6 10.2 4.07166e-08
6.2 10.2 1.92679e-07
6.4 10.2 8.42062e-07
6.6 10.2 3.3985e-06
6.8 10.2 1.26664e-05
7 10.2 4.35952e-05
7.2 10.2 0.000138557
7.4 10.2 0.00040665
7.6 10.2 0.00110205
7.8 10.2 0.00275785
8 10.2 0.00637264
8.2 10.2 0.0135969
8.4 10.2 0.0267874
8.6 10.2 0.0487288
8.8 10.2 0.0818466
9 10.2 0.126933
9.2 10.2 0.181761
9.4 10.2 0.240314
9.6 10.2 0.293364
9.8 10.2 0.330663
10 10.2 0.344121
10.2 10.2 0.330663
10.4 10.2 0.293364
10.6 10.2 0.240314
10.8 10.2 0.181761
11 10.2 0.126933
11.2 10.2 0.0818466
11.4 10.2 0.0487288
11.6 10.2 0.0267874
11.8 10.2 0.0135969
12 10.2 0.00637264
12.2 10.2 0.00275785
12.4 10.2 0.00110205
12.6 10.2 0.00040665
12.8 10.2 0.000138557
13 10.2 4.35952e-05
13.2 10.2 1.26664e-05
13.4 10.2 3.3985e-06
13.6 10.2 8.42062e-07
13.8 10.2 1.92679e-07
14 10.2 4.07166e-08
14.2 10.2 7.94628e-09
14.4 10.2 1.43226e-09
14.6 10.2 2.3843e-10
14.8 10.2 3.65789e-11
5.2 10.4 3.24518e-11
5.4 10.4 2.11529e-10
5.6 10.4 1.27067e-09
5.8 10.4 7.04978e-09
6 10.4 3.61231e-08
6.2 10.4 1.70942e-07
6.4 10.4 7.47065e-07
6.6 10.4 3.01511e-06
6.8 10.4 1.12375e-05
7 10.4 3.86773e-05
7.2 10.4 0.000122927
7.4 10.4 0.000360777
7.6 10.4 0.000977737
7.8 10.4 0.00244676
8 10.4 0.00565378
8.2 10.4 0.0120632
8.4 10.4 0.0237658
8.6 10.4 0.0432321
8.8 10.4 0.0726143
9 10.4 0.112615
9.2 10.4 0.161258
9.4 10.4 0.213206
9.6 10.4 0.260273
9.8 10.4 0.293364
10 10.4 0.305305
10.2 10.4 0.293364
10.4 10.4 0.260273
10.6 10.4 0.213206
10.8 10.4 0.161258
11 10.4 0.112615
11.2 10.4 0.0726143
11.4 10.4 0.0432321
11.6 10.4 0.0237658
11.8 10.4 0.0120632
12 10.4 0.00565378
12.2 10.4 0.00244676
12.4 10.4 0.000977737
12.6 10.4 0.000360777
12.8 10.4 0.000122927
13 10.4 3.86773e-05
13.2 10.4 1.12375e-05
13.4 10.4 3.01511e-06
13.6 10.4 7.47065e-07
13.8 10.4 1.70942e-07
14 10.4 3.61231e-08
14.2 10.4 7.04978e-09
14.4 10.4 1.27067e-09
14.6 10.4 2.11529e-10
14.8 10.4 3.24518e-11
5.2 10.6 2.65819e-11
5.4 10.6 1.73268e-10
5.6 10.6 1.04084e-09
5.8 10.6 5.77469e-09
6 10.6 2.95897e-08
6.2 10.6 1.40025e-07
6.4 10.6 6.11952e-07
6.6 10.6 2.46981e-06
6.8 10.6 9.20519e-06
7 10.6 3.16824e-05
7.2 10.6 0.000100696
7.4 10.6 0.000295532
7.6 10.6 0.000800918
7.8 10.6 0.00200428
8 10.6 0.00463134
8.2 10.6 0.00988165
8.4 10.6 0.019468
8.6 10.6 0.0354141
8.8 10.6 0.0594829
9 10.6 0.0922497
9.2 10.6 0.132097
9.4 10.6 0.174651
9.6 10.6 0.213206
9.8 10.6 0.240314
10 10.6 0.250095
10.2 10.6 0.240314
10.4 10.6 0.213206
10.6 10.6 0.174651
10.8 10.6 0.132097
11 10.6 0.0922497
11.2 10.6 0.0594829
11.4 10.6 0.0354141
11.6 10.6 0.019468
11.8 10.6 0.00988165
12 10.6 0.00463134
12.2 10.6 0.00200428
12.4 10.6 0.000800918
12.6 10.6 0.000295532
12.8 10.6 0.000100696
13 10.6 3.16824e-05
13.2 10.6 9.20519e-06
13.4 10.6 2.46981e-06
13.6 10.6 6.11952e-07
13.8 10.6 1.40025e-07
14 10.6 2.95897e-08
14.2 10.6 5.77469e-09
14.4 10.6 1.04084e-09
14.6 10.6 1.73268e-10
14.8 10.6 2.65819e-11
5.2 10.8 2.01036e-11
5.4 10.8 1.31042e-10
5.6 10.8 7.87187e-10
5.8 10.8 4.36742e-09
6 10.8 2.23789e-08
6.2 10.8 1.05903e-07
6.4 10.8 4.6283e-07
6.6 10.8 1.86796e-06
6.8 10.8 6.96211e-06
7 10.8 2.39623e-05
7.2 10.8 7.61593e-05
7.4 10.8 0.00022352
7.6 10.8 0.000605762
7.8 10.8 0.00151591
8 10.8 0.00350286
8.2 10.8 0.00747389
8.4 10.8 0.0147244
8.6 10.8 0.0267852
8.8 10.8 0.0449896
9 10.8 0.0697727
9.2 10.8 0.0999109
9.4 10.8 0.132097
9.6 10.8 0.161258
9.8 10.8 0.181761
10 10.8 0.189159
10.2 10.8 0.181761
10.4 10.8 0.161258
10.6 10.8 0.132097
10.8 10.8 0.0999109
11 10.8 0.0697727
11.2 10.8 0.0449896
11.4 10.8 0.0267852
11.6 10.8 0.0147244
11.8 10.8 0.00747389
12 10.8 0.00350286
12.2 10.8 0.00151591
12.4 10.8 0.000605762
12.6 10.8 0.00022352
12.8 10.8 7.61593e-05
13 10.8 2.39623e-05
13.2 10.8 6.96211e-06
13.4 10.8 1.86796e-06
13.6 10.8 4.6283e-07
13.8 10.8 1.05903e-07
14 10.8 2.23789e-08
14.2 10.8 4.36742e-09
14.4 10.8 7.87187e-10
14.6 10.8 1.31042e-10
14.8 10.8 2.01036e-11
5.2 11 1.4038e-11
5.4 11 9.15046e-11
5.6 11 5.49687e-10
5.8 11 3.04977e-09
6 11 1.56273e-08
6.2 11 7.3953e-08
6.4 11 3.232e-07
6.6 11 1.30443e-06
6.8 11 4.86179e-06
7 11 1.67335e-05
7.2 11 5.31843e-05
7.4 11 0.000156091
7.6 11 0.000423025
7.8 11 0.00105862
8 11 0.00244619
8.2 11 0.00521933
8.4 11 0.0102827
8.6 11 0.0187053
8.8 11 0.0314183
9 11 0.0487256
9.2 11 0.0697727
9.4 11 0.0922497
9.6 11 0.112615
9.8 11 0.126933
10 11 0.132099
10.2 11 0.126933
10.4 11 0.112615
10.6 11 0.0922497
10.8 11 0.0697727
11 11 0.0487256
11.2 11 0.0314183
11.4 11 0.0187053
11.6 11 0.0102827
11.8 11 0.00521933
12 11 0.00244619
12.2 11 0.00105862
12.4 11 0.000423025
12.6 11 0.000156091
12.8 11 5.31843e-05
13 11 1.67335e-05
13.2 11 4.86179e-06
13.4 11 1.30443e-06
13.6 11 3.232e-07
13.8 11 7.3953e-08
14 11 1.56273e-08
14.2 11 3.04977e-09
14.4 11 5.49687e-10
14.6 11 9.15046e-11
14.8 11 1.4038e-11
5.2 11.2 9.05065e-12
5.4 11.2 5.89959e-11
5.6 11.2 3.54404e-10
5.8 11.2 1.96632e-09
6 11.2 1.00757e-08
6.2 11.2 4.76817e-08
6.4 11.2 2.08388e-07
6.6 11.2 8.41057e-07
6.8 11.2 3.13475e-06
7 11.2 1.07894e-05
7.2 11.2 3.42922e-05
7.4 11.2 0.000100645
7.6 11.2 0.000272761
7.8 11.2 0.000682585
8 11.2 0.00157728
8.2 11.2 0.0033654
8.4 11.2 0.00663027
8.6 11.2 0.0120612
8.8 11.2 0.0202585
9 11.2 0.0314183
9.2 11.2 0.0449896
9.4 11.2 0.0594829
9.6 11.2 0.0726143
9.8 11.2 0.0818466
10 11.2 0.0851779
10.2 11.2 0.0818466
10.4 11.2 0.0726143
10.6 11.2 0.0594829
10.8 11.2 0.0449896
11 11.2 0.0314183
11.2 11.2 0.0202585
11.4 11.2 0.0120612
11.6 11.2 0.00663027
11.8 11.2 0.0033654
12 11.2 0.00157728
12.2 11.2 0.000682585
12.4 11.2 0.000272761
12.6 11.2 0.000100645
12.8 11.2 3.42922e-05
13 11.2 1.07894e-05
13.2 11.2 3.13475e-06
13.4 11.2 8.41057e-07
13.6 11.2 2.08388e-07
13.8 11.2 4.76817e-08
14 11.2 1.00757e-08
14.2 11.2 1.96632e-09
14.4 11.2 3.54404e-10
14.6 11.2 5.89959e-11
14.8 11.2 9.05065e-12
5.2 11.4 5.38768e-12
5.4 11.4 3.51195e-11
5.6 11.4 2.10975e-10
5.8 11.4 1.17056e-09
6 11.4 5.99817e-09
6.2 11.4 2.83857e-08
6.4 11.4 1.24058e-07
6.6 11.4 5.00704e-07
6.8 11.4 1.86622e-06
7 11.4 6.4233e-06
7.2 11.4 2.04155e-05
7.4 11.4 5.99186e-05
7.6 11.4 0.000162388
7.8 11.4 0.000406378
8 11.4 0.000939043
8.2 11.4 0.00200361
8.4 11.4 0.00394739
8.6 11.4 0.00718075
8.8 11.4 0.0120612
9 11.4 0.0187053
9.2 11.4 0.0267852
9.4 11.4 0.0354141
9.6 11.4 0.0432321
9.8 11.4 0.0487288
10 11.4 0.0507121
10.2 11.4 0.0487288
10.4 11.4 0.0432321
10.6 11.4 0.0354141
10.8 11.4 0.0267852
11 11.4 0.0187053
11.2 11.4 0.0120612
11.4 11.4 0.00718075
11.6 11.4 0.00394739
11.8 11.4 0.00200361
12 11.4 0.000939043
12.2 11.4 0.000406378
12.4 11.4 0.000162388
12.6 11.4 5.99186e-05
12.8 11.4 2.04155e-05
13 11.4 6.4233e-06
13.2 11.4 1.86622e-06
13.4 11.4 5.00704e-07
13.6 11.4 1.24058e-07
13.8 11.4 2.83857e-08
14 11.4 5.99817e-09
14.2 11.4 1.17056e-09
14.4 11.4 2.10975e-10
14.6 11.4 3.51195e-11
14.8 11.4 5.38768e-12
5.2 11.6 2.96124e-12
5.4 11.6 1.9303e-11
5.6 11.6 1.15962e-10
5.8 11.6 6.43402e-10
6 11.6 3.29697e-09
6.2 11.6 1.56027e-08
6.4 11.6 6.81914e-08
6.6 11.6 2.75228e-07
6.8 11.6 1.02583e-06
7 11.6 3.53084e-06
7.2 11.6 1.12223e-05
7.4 11.6 3.29373e-05
7.6 11.6 8.92653e-05
7.8 11.6 0.000223389
8 11.6 0.000516202
8.2 11.6 0.00110141
8.4 11.6 0.00216994
8.6 11.6 0.00394739
8.8 11.6 0.00663027
9 11.6 0.0102827
9.2 11.6 0.0147244
9.4 11.6 0.019468
9.6 11.6 0.0237658
9.8 11.6 0.0267874
10 11.6 0.0278777
10.2 11.6 0.0267874
10.4 11.6 0.0237658
10.6 11.6 0.019468
10.8 11.6 0.0147244
11 11.6 0.0102827
11.2 11.6 0.00663027
11.4 11.6 0.00394739
11.6 11.6 0.00216994
11.8 11.6 0.00110141
12 11.6 0.000516202
12.2 11.6 0.000223389
12.4 11.6 8.92653e-05
12.6 11.6 3.29373e-05
12.8 11.6 1.12223e-05
13 11.6 3.53084e-06
13.2 11.6 1.02583e-06
13.4 11.6 2.75228e-07
13.6 11.6 6.81914e-08
13.8 11.6 1.56027e-08
14 11.6 3.29697e-09
14.2 11.6 6.43402e-10
14.4 11.6 1.15962e-10
14.6 11.6 1.9303e-11
14.8 11.6 2.96124e-12
5.2 11.8 1.50279e-12
5.4 11.8 9.79618e-12
5.6 11.8 5.88511e-11
5.8 11.8 3.26534e-10
6 11.8 1.67328e-09
6.2 11.8 7.91881e-09
6.4 11.8 3.46095e-08
6.6 11.8 1.39689e-07
6.8 11.8 5.20658e-07
7 11.8 1.79208e-06
7.2 11.8 5.69597e-06
7.4 11.8 1.67177e-05
7.6 11.8 4.53079e-05
7.8 11.8 0.000113385
8 11.8 0.00026201
8.2 11.8 0.000559049
8.4 11.8 0.00110141
8.6 11.8 0.00200361
8.8 11.8 0.0033654
9 11.8 0.00521933
9.2 11.8 0.00747389
9.4 11.8 0.00988165
9.6 11.8 0.0120632
9.8 11.8 0.0135969
10 11.8 0.0141503
10.2 11.8 0.0135969
10.4 11.8 0.0120632
10.6 11.8 0.00988165
10.8 11.8 0.00747389
11 11.8 0.00521933
11.2 11.8 0.0033654
11.4 11.8 0.00200361
11.6 11.8 0.00110141
11.8 11.8 0.000559049
12 11.8 0.00026201
12.2 11.8 0.000113385
12.4 11.8 4.53079e-05
12.6 11.8 1.67177e-05
12.8 11.8 5.69597e-06
13 11.8 1.79208e-06
13.2 11.8 5.20658e-07
13.4 11.8 1.39689e-07
13.6 11.8 3.46095e-08
13.8 11.8 7.91881e-09
14 11.8 1.67328e-09
14.2 11.8 3.26534e-10
14.4 11.8 5.88511e-11
14.6 11.8 9.79618e-12
14.8 11.8 1.50279e-12
5.2 12 7.04177e-13
5.4 12 4.59036e-12
5.6 12 2.75774e-11
5.8 12 1.53015e-10
6 12 7.84119e-10
6.2 12 3.71092e-09
6.4 12 1.6219e-08
6.6 12 6.54631e-08
6.8 12 2.44001e-07
7 12 8.39851e-07
7.2 12 2.66942e-06
7.4 12 7.83482e-06
7.6 12 2.1234e-05
7.8 12 5.31395e-05
8 12 0.000122795
8.2 12 0.00026201
8.4 12 0.000516202
8.6 12 0.000939043
8.8 12 0.00157728
9 12 0.00244619
9.2 12 0.00350286
9.4 12 0.00463134
9.6 12 0.00565378
9.8 12 0.00637264
10 12 0.00663202
10.2 12 0.00637264
10.4 12 0.00565378
10.6 12 0.00463134
10.8 12 0.00350286
11 12 0.00244619
11.2 12 0.00157728
11.4 12 0.000939043
11.6 12 0.000516202
11.8 12 0.00026201
12 12 0.000122795
12.2 12 5.31395e-05
12.4 12 2.1234e-05
12.6 12 7.83482e-06
12.8 12 2.66942e-06
13 12 8.39851e-07
13.2 12 2.44001e-07
13.4 12 6.54631e-08
13.6 12 1.6219e-08
13.8 12 3.71092e-09
14 12 7.84119e-10
14.2 12 1.53015e-10
14.4 12 2.75774e-11
14.6 12 4.59036e-12
14.8 12 7.04177e-13
5.2 12.2 3.04668e-13
5.4 12.2 1.98609e-12
5.6 12.2 1.19321e-11
5.8 12.2 6.62075e-11
6 12.2 3.39283e-10
6.2 12.2 1.60572e-09
6.4 12.2 7.01808e-09
6.6 12.2 2.83269e-08
6.8 12.2 1.05585e-07
7 12.2 3.63426e-07
7.2 12.2 1.15515e-06
7.4 12.2 3.39042e-06
7.6 12.2 9.18884e-06
7.8 12.2 2.29959e-05
8 12.2 5.31395e-05
8.2 12.2 0.000113385
8.4 12.2 0.000223389
8.6 12.2 0.000406378
8.8 12.2 0.000682585
9 12.2 0.00105862
9.2 12.2 0.00151591
9.4 12.2 0.00200428
9.6 12.2 0.00244676
9.8 12.2 0.00275785
10 12.2 0.00287011
10.2 12.2 0.00275785
10.4 12.2 0.00244676
10.6 12.2 0.00200428
10.8 12.2 0.00151591
11 12.2 0.00105862
11.2 12.2 0.000682585
11.4 12.2 0.000406378
11.6 12.2 0.000223389
11.8 12.2 0.000113385
12 12.2 5.31395e-05
12.2 12.2 2.29959e-05
12.4 12.2 9.18884e-06
12.6 12.2 3.39042e-06
12.8 12.2 1.15515e-06
13 12.2 3.63426e-07
13.2 12.2 1.05585e-07
13.4 12.2 2.83269e-08
13.6 12.2 7.01808e-09
13.8 12.2 1.60572e-09
14 12.2 3.39283e-10
14.2 12.2 6.62075e-11
14.4 12.2 1.19321e-11
14.6 12.2 1.98609e-12
14.8 12.2 3.04668e-13
5.2 12.4 1.21714e-13
5.4 12.4 7.9345e-13
5.6 12.4 4.76702e-12
5.8 12.4 2.64514e-11
6 12.4 1.35554e-10
6.2 12.4 6.41549e-10
6.4 12.4 2.80406e-09
6.6 12.4 1.13181e-08
6.8 12.4 4.21875e-08
7 12.4 1.45213e-07
7.2 12.4 4.61564e-07
7.4 12.4 1.35474e-06
7.6 12.4 3.67169e-06
7.8 12.4 9.18884e-06
8 12.4 2.1234e-05
8.2 12.4 4.53079e-05
8.4 12.4 8.92653e-05
8.6 12.4 0.000162388
8.8 12.4 0.000272761
9 12.4 0.000423025
9.2 12.4 0.000605762
9.4 12.4 0.000800918
9.6 12.4 0.000977737
9.8 12.4 0.00110205
10 12.4 0.00114691
10.2 12.4 0.00110205
10.4 12.4 0.000977737
10.6 12.4 0.000800918
10.8 12.4 0.000605762
11 12.4 0.000423025
11.2 12.4 0.000272761
11.4 12.4 0.000162388
11.6 12.4 8.92653e-05
11.8 12.4 4.53079e-05
12 12.4 2.1234e-05
12.2 12.4 9.18884e-06
12.4 12.4 3.67169e-06
12.6 12.4 1.35474e-06
12.8 12.4 4.61564e-07
13 12.4 1.45213e-07
13.2 12.4 4.21875e-08
13.4 12.4 1.13181e-08
13.6 12.4 2.80406e-09
13.8 12.4 6.41549e-10
14 12.4 1.35554e-10
14.2 12.4 2.64514e-11
14.4 12.4 4.76702e-12
14.6 12.4 7.9345e-13
14.8 12.4 1.21714e-13
5.2 12.6 4.48977e-14
5.4 12.6 2.92694e-13
5.6 12.6 1.75854e-12
5.8 12.6 9.75813e-12
6 12.6 5.00083e-11
6.2 12.6 2.36683e-10
6.4 12.6 1.03451e-09
6.6 12.6 4.17571e-09
6.8 12.6 1.55649e-08
7 12.6 5.35768e-08
7.2 12.6 1.70298e-07
7.4 12.6 4.99847e-07
7.6 12.6 1.35474e-06
7.8 12.6 3.39042e-06
8 12.6 7.83482e-06
8.2 12.6 1.67177e-05
8.4 12.6 3.29373e-05
8.6 12.6 5.99186e-05
8.8 12.6 0.000100645
9 12.6 0.000156091
9.2 12.6 0.00022352
9.4 12.6 0.000295532
9.6 12.6 0.000360777
9.8 12.6 0.00040665
10 12.6 0.000423202
10.2 12.6 0.00040665
10.4 12.6 0.000360777
10.6 12.6 0.000295532
10.8 12.6 0.00022352
11 12.6 0.000156091
11.2 12.6 0.000100645
11.4 12.6 5.99186e-05
11.6 12.6 3.29373e-05
11.8 12.6 1.67177e-05
12 12.6 7.83482e-06
12.2 12.6 3.39042e-06
12.4 12.6 1.35474e-06
12.6 12.6 4.99847e-07
12.8 12.6 1.70298e-07
13 12.6 5.35768e-08
13.2 12.6 1.55649e-08
13.4 12.6 4.17571e-09
13.6 12.6 1.03451e-09
13.8 12.6 2.36683e-10
14 12.6 5.00083e-11
14.2 12.6 9.75813e-12
14.4 12.6 1.75854e-12
14.6 12.6 2.92694e-13
14.8 12.6 4.48977e-14
5.2 12.8 1.52928e-14
5.4 12.8 9.96983e-14
5.6 12.8 5.99019e-13
5.8 12.8 3.32404e-12
6 12.8 1.70354e-11
6.2 12.8 8.06288e-11
6.4 12.8 3.52425e-10
6.6 12.8 1.42256e-09
6.8 12.8 5.30271e-09
7 12.8 1.8253e-08
7.2 12.8 5.80195e-08
7.4 12.8 1.70298e-07
7.6 12.8 4.61564e-07
7.8 12.8 1.15515e-06
8 12.8 2.66942e-06
8.2 12.8 5.69597e-06
8.4 12.8 1.12223e-05
8.6 12.8 2.04155e-05
8.8 12.8 3.42922e-05
9 12.8 5.31843e-05
9.2 12.8 7.61593e-05
9.4 12.8 0.000100696
9.6 12.8 0.000122927
9.8 12.8 0.000138557
10 12.8 0.000144197
10.2 12.8 0.000138557
10.4 12.8 0.000122927
10.6 12.8 0.000100696
10.8 12.8 7.61593e-05
11 12.8 5.31843e-05
11.2 12.8 3.42922e-05
11.4 12.8 2.04155e-05
11.6 12.8 1.12223e-05
11.8 12.8 5.69597e-06
12 12.8 2.66942e-06
12.2 12.8 1.15515e-06
12.4 12.8 4.61564e-07
12.6 12.8 1.70298e-07
12.8 12.8 5.80195e-08
13 12.8 1.8253e-08
13.2 12.8 5.30271e-09
13.4 12.8 1.42256e-09
13.6 12.8 3.52425e-10
13.8 12.8 8.06288e-11
14 12.8 1.70354e-11
14.2 12.8 3.32404e-12
14.4 12.8 5.99019e-13
14.6 12.8 9.96983e-14
14.8 12.8 1.52928e-14
5.2 13 4.80991e-15
5.4 13 3.1358e-14
5.6 13 1.88415e-13
5.8 13 1.04558e-12
6 13 5.35864e-12
6.2 13 2.53632e-11
6.4 13 1.10864e-10
6.6 13 4.47514e-10
6.8 13 1.66817e-09
7 13 5.74231e-09
7.2 13 1.8253e-08
7.4 13 5.35768e-08
7.6 13 1.45213e-07
7.8 13 3.63426e-07
8 13 8.39851e-07
8.2 13 1.79208e-06
8.4 13 3.53084e-06
8.6 13 6.4233e-06
8.8 13 1.07894e-05
9 13 1.67335e-05
9.2 13 2.39623e-05
9.4 13 3.16824e-05
9.6 13 3.86773e-05
9.8 13 4.35952e-05
10 13 4.53697e-05
10.2 13 4.35952e-05
10.4 13 3.86773e-05
10.6 13 3.16824e-05
10.8 13 2.39623e-05
11 13 1.67335e-05
11.2 13 1.07894e-05
11.4 13 6.4233e-06
11.6 13 3.53084e-06
11.8 13 1.79208e-06
12 13 8.39851e-07
12.2 13 3.63426e-07
12.4 13 1.45213e-07
12.6 13 5.35768e-08
12.8 13 1.8253e-08
13 13 5.74231e-09
13.2 13 1.66817e-09
13.4 13 4.47514e-10
13.6 13 1.10864e-10
13.8 13 2.53632e-11
14 13 5.35864e-12
14.2 13 1.04558e-12
14.4 13 1.88415e-13
14.6 13 3.1358e-14
14.8 13 4.80991e-15
5.2 13.2 1.39694e-15
5.4 13.2 9.10756e-15
5.6 13.2 5.4725e-14
5.8 13.2 3.03697e-13
6 13.2 1.55652e-12
6.2 13.2 7.36742e-12
6.4 13.2 3.22044e-11
6.6 13.2 1.29999e-10
6.8 13.2 4.84604e-10
7 13.2 1.66817e-09
7.2 13.2 5.30271e-09
7.4 13.2 1.55649e-08
7.6 13.2 4.21875e-08
7.8 13.2 1.05585e-07
8 13.2 2.44001e-07
8.2 13.2 5.20658e-07
8.4 13.2 1.02583e-06
8.6 13.2 1.86622e-06
8.8 13.2 3.13475e-06
9 13.2 4.86179e-06
9.2 13.2 6.96211e-06
9.4 13.2 9.20519e-06
9.6 13.2 1.12375e-05
9.8 13.2 1.26664e-05
10 13.2 1.3182e-05
10.2 13.2 1.26664e-05
10.4 13.2 1.12375e-05
10.6 13.2 9.20519e-06
10.8 13.2 6.96211e-06
11 13.2 4.86179e-06
11.2 13.2 3.13475e-06
11.4 13.2 1.86622e-06
11.6 13.2 1.02583e-06
11.8 13.2 5.20658e-07
12 13.2 2.44001e-07
12.2 13.2 1.05585e-07
12.4 13.2 4.21875e-08
12.6 13.2 1.55649e-08
12.8 13.2 5.30271e-09
13 13.2 1.66817e-09
13.2 13.2 4.84604e-10
13.4 13.2 1.29999e-10
13.6 13.2 3.22044e-11
13.8 13.2 7.36742e-12
14 13.2 1.55652e-12
14.2 13.2 3.03697e-13
14.4 13.2 5.4725e-14
14.6 13.2 9.10756e-15
14.8 13.2 1.39694e-15
5.2 13.4 3.74646e-16
5.4 13.4 2.44263e-15
5.6 13.4 1.46777e-14
5.8 13.4 8.14573e-14
6 13.4 4.17502e-13
6.2 13.4 1.97622e-12
6.4 13.4 8.63866e-12
6.6 13.4 3.48727e-11
6.8 13.4 1.29999e-10
7 13.4 4.47514e-10
7.2 13.4 1.42256e-09
7.4 13.4 4.17571e-09
7.6 13.4 1.13181e-08
7.8 13.4 2.83269e-08
8 13.4 6.54631e-08
8.2 13.4 1.39689e-07
8.4 13.4 2.75228e-07
8.6 13.4 5.00704e-07
8.8 13.4 8.41057e-07
9 13.4 1.30443e-06
9.2 13.4 1.86796e-06
9.4 13.4 2.46981e-06
9.6 13.4 3.01511e-06
9.8 13.4 3.3985e-06
10 13.4 3.53684e-06
10.2 13.4 3.3985e-06
10.4 13.4 3.01511e-06
10.6 13.4 2.46981e-06
10.8 13.4 1.86796e-06
11 13.4 1.30443e-06
11.2 13.4 8.41057e-07
11.4 13.4 5.00704e-07
11.6 13.4 2.75228e-07
11.8 13.4 1.39689e-07
12 13.4 6.54631e-08
12.2 13.4 2.83269e-08
12.4 13.4 1.13181e-08
12.6 13.4 4.17571e-09
12.8 13.4 1.42256e-09
13 13.4 4.47514e-10
13.2 13.4 1.29999e-10
13.4 13.4 3.48727e-11
13.6 13.4 8.63866e-12
13.8 13.4 1.97622e-12
14 13.4 4.17502e-13
14.2 13.4 8.14573e-14
14.4 13.4 1.46777e-14
14.6 13.4 2.44263e-15
14.8 13.4 3.74646e-16
5.2 13.6 9.27837e-17
5.4 13.6 6.04955e-16
5.6 13.6 3.63533e-15
5.8 13.6 2.01759e-14
6 13.6 1.03414e-13
6.2 13.6 4.89518e-13
6.4 13.6 2.13991e-12
6.6 13.6 8.63866e-12
6.8 13.6 3.22044e-11
7 13.6 1.10864e-10
7.2 13.6 3.52425e-10
7.4 13.6 1.03451e-09
7.6 13.6 2.80406e-09
7.8 13.6 7.01808e-09
8 13.6 1.6219e-08
8.2 13.6 3.46095e-08
8.4 13.6 6.81914e-08
8.6 13.6 1.24058e-07
8.8 13.6 2.08388e-07
9 13.6 3.232e-07
9.2 13.6 4.6283e-07
9.4 13.6 6.11952e-07
9.6 13.6 7.47065e-07
9.8 13.6 8.42062e-07
10 13.6 8.76339e-07
10.2 13.6 8.42062e-07
10.4 13.6 7.47065e-07
10.6 13.6 6.11952e-07
10.8 13.6 4.6283e-07
11 13.6 3.232e-07
11.2 13.6 2.08388e-07
11.4 13.6 1.24058e-07
11.6 13.6 6.81914e-08
11.8 13.6 3.46095e-08
12 13.6 1.6219e-08
12.2 13.6 7.01808e-09
12.4 13.6 2.80406e-09
12.6 13.6 1.03451e-09
12.8 13.6 3.52425e-10
13 13.6 1.10864e-10
13.2 13.6 3.22044e-11
13.4 13.6 8.63866e-12
13.6 13.6 2.13991e-12
13.8 13.6 4.89518e-13
14 13.6 1.03414e-13
14.2 13.6 2.01759e-14
14.4 13.6 3.63533e-15
14.6 13.6 6.04955e-16
14.8 13.6 9.27837e-17
5.2 13.8 2.12198e-17
5.4 13.8 1.38359e-16
5.6 13.8 8.31473e-16
5.8 13.8 4.61483e-15
6 13.8 2.36548e-14
6.2 13.8 1.11976e-13
6.4 13.8 4.89518e-13
6.6 13.8 1.97622e-12
6.8 13.8 7.36742e-12
7 13.8 2.53632e-11
7.2 13.8 8.06288e-11
7.4 13.8 2.36683e-10
7.6 13.8 6.41549e-10
7.8 13.8 1.60572e-09
8 13.8 3.71092e-09
8.2 13.8 7.91881e-09
8.4 13.8 1.56027e-08
8.6 13.8 2.83857e-08
8.8 13.8 4.76817e-08
9 13.8 7.3953e-08
9.2 13.8 1.05903e-07
9.4 13.8 1.40025e-07
9.6 13.8 1.70942e-07
9.8 13.8 1.92679e-07
10 13.8 2.00523e-07
10.2 13.8 1.92679e-07
10.4 13.8 1.70942e-07
10.6 13.8 1.40025e-07
10.8 13.8 1.05903e-07
11 13.8 7.3953e-08
11.2 13.8 4.76817e-08
11.4 13.8 2.83857e-08
11.6 13.8 1.56027e-08
11.8 13.8 7.91881e-09
12 13.8 3.71092e-09
12.2 13.8 1.60572e-09
12.4 13.8 6.41549e-10
12.6 13.8 2.36683e-10
12.8 13.8 8.06288e-11
13 13.8 2.53632e-11
13.2 13.8 7.36742e-12
13.4 13.8 1.97622e-12
13.6 13.8 4.89518e-13
13.8 13.8 1.11976e-13
14 13.8 2.36548e-14
14.2 13.8 4.61483e-15
14.4 13.8 8.31473e-16
14.6 13.8 1.38359e-16
14.8 13.8 2.12198e-17
5.2 14 4.48163e-18
5.4 14 2.92227e-17
5.6 14 1.75624e-16
5.8 14 9.74791e-16
6 14 4.99682e-15
6.2 14 2.36548e-14
6.4 14 1.03414e-13
6.6 14 4.17502e-13
6.8 14 1.55652e-12
7 14 5.35864e-12
7.2 14 1.70354e-11
7.4 14 5.00083e-11
7.6 14 1.35554e-10
7.8 14 3.39283e-10
8 14 7.84119e-10
8.2 14 1.67328e-09
8.4 14 3.29697e-09
8.6 14 5.99817e-09
8.8 14 1.00757e-08
9 14 1.56273e-08
9.2 14 2.23789e-08
9.4 14 2.95897e-08
9.6 14 3.61231e-08
9.8 14 4.07166e-08
10 14 4.23741e-08
10.2 14 4.07166e-08
10.4 14 3.61231e-08
10.6 14 2.95897e-08
10.8 14 2.23789e-08
11 14 1.56273e-08
11.2 14 1.00757e-08
11.4 14 5.99817e-09
11.6 14 3.29697e-09
11.8 14 1.67328e-09
12 14 7.84119e-10
12.2 14 3.39283e-10
12.4 14 1.35554e-10
12.6 14 5.00083e-11
12.8 14 1.70354e-11
13 14 5.35864e-12
13.2 14 1.55652e-12
13.4 14 4.17502e-13
13.6 14 1.03414e-13
13.8 14 2.36548e-14
14 14 4.99682e-15
14.2 14 9.74791e-16
14.4 14 1.75624e-16
14.6 14 2.92227e-17
14.8 14 4.48163e-18
5.2 14.2 8.74114e-19
5.4 14.2 5.69994e-18
5.6 14.2 3.42576e-17
5.8 14.2 1.90155e-16
6 14.2 9.74791e-16
6.2 14.2 4.61483e-15
6.4 14.2 2.01759e-14
6.6 14.2 8.14573e-14
6.8 14.2 3.03697e-13
7 14.2 1.04558e-12
7.2 14.2 3.32404e-12
7.4 14.2 9.75813e-12
7.6 14.2 2.64514e-11
7.8 14.2 6.62075e-11
8 14.2 1.53015e-10
8.2 14.2 3.26534e-10
8.4 14.2 6.43402e-10
8.6 14.2 1.17056e-09
8.8 14.2 1.96632e-09
9 14.2 3.04977e-09
9.2 14.2 4.36742e-09
9.4 14.2 5.77469e-09
9.6 14.2 7.04978e-09
9.8 14.2 7.94628e-09
10 14.2 8.26977e-09
10.2 14.2 7.94628e-09
10.4 14.2 7.04978e-09
10.6 14.2 5.77469e-09
10.8 14.2 4.36742e-09
11 14.2 3.04977e-09
11.2 14.2 1.96632e-09
11.4 14.2 1.17056e-09
11.6 14.2 6.43402e-10
11.8 14.2 3.26534e-10
12 14.2 1.53015e-10
12.2 14.2 6.62075e-11
12.4 14.2 2.64514e-11
12.6 14.2 9.75813e-12
12.8 14.2 3.32404e-12
13 14.2 1.04558e-12
13.2 14.2 3.03697e-13
13.4 14.2 8.14573e-14
13.6 14.2 2.01759e-14
13.8 14.2 4.61483e-15
14 14.2 9.74791e-16
14.2 14.2 1.90155e-16
14.4 14.2 3.42576e-17
14.6 14.2 5.69994e-18
14.8 14.2 8.74114e-19
5.2 14.4 1.57452e-19
5.4 14.4 1.02676e-18
5.6 14.4 6.17138e-18
5.8 14.4 3.42576e-17
6 14.4 1.75624e-16
6.2 14.4 8.31473e-16
6.4 14.4 3.63533e-15
6.6 14.4 1.46777e-14
6.8 14.4 5.4725e-14
7 14.4 1.88415e-13
7.2 14.4 5.99019e-13
7.4 14.4 1.75854e-12
7.6 14.4 4.76702e-12
7.8 14.4 1.19321e-11
8 14.4 2.75774e-11
8.2 14.4 5.88511e-11
8.4 14.4 1.15962e-10
8.6 14.4 2.10975e-10
8.8 14.4 3.54404e-10
9 14.4 5.49687e-10
9.2 14.4 7.87187e-10
9.4 14.4 1.04084e-09
9.6 14.4 1.27067e-09
9.8 14.4 1.43226e-09
10 14.4 1.49057e-09
10.2 14.4 1.43226e-09
10.4 14.4 1.27067e-09
10.6 14.4 1.04084e-09
10.8 14.4 7.87187e-10
11 14.4 5.49687e-10
11.2 14.4 3.54404e-10
11.4 14.4 2.10975e-10
11.6 14.4 1.15962e-10
11.8 14.4 5.88511e-11
12 14.4 2.75774e-11
12.2 14.4 1.19321e-11
12.4 14.4 4.76702e-12
12.6 14.4 1.75854e-12
12.8 14.4 5.99019e-13
13 14.4 1.88415e-13
13.2 14.4 5.4725e-14
13.4 14.4 1.46777e-14
13.6 14.4 3.63533e-15
13.8 14.4 8.31473e-16
14 14.4 1.75624e-16
14.2 14.4 3.42576e-17
14.4 14.4 6.17138e-18
14.6 14.4 1.02676e-18
14.8 14.4 1.57452e-19
5.2 14.6 2.61931e-20
5.4 14.6 1.70816e-19
5.6 14.6 1.02676e-18
5.8 14.6 5.69994e-18
6 14.6 2.92227e-17
6.2 14.6 1.38359e-16
6.4 14.6 6.04955e-16
6.6 14.6 2.44263e-15
6.8 14.6 9.10756e-15
7 14.6 3.1358e-14
7.2 14.6 9.96983e-14
7.4 14.6 2.92694e-13
7.6 14.6 7.9345e-13
7.8 14.6 1.98609e-12
8 14.6 4.59036e-12
8.2 14.6 9.79618e-12
8.4 14.6 1.9303e-11
8.6 14.6 3.51195e-11
8.8 14.6 5.89959e-11
9 14.6 9.15046e-11
9.2 14.6 1.31042e-10
9.4 14.6 1.73268e-10
9.6 14.6 2.11529e-10
9.8 14.6 2.3843e-10
10 14.6 2.48137e-10
10.2 14.6 2.3843e-10
10.4 14.6 2.11529e-10
10.6 14.6 1.73268e-10
10.8 14.6 1.31042e-10
11 14.6 9.15046e-11
11.2 14.6 5.89959e-11
11.4 14.6 3.51195e-11
11.6 14.6 1.9303e-11
11.8 14.6 9.79618e-12
12 14.6 4.59036e-12
12.2 14.6 1.98609e-12
12.4 14.6 7.9345e-13
12.6 14.6 2.92694e-13
12.8 14.6 9.96983e-14
13 14.6 3.1358e-14
13.2 14.6 9.10756e-15
13.4 14.6 2.44263e-15
13.6 14.6 6.04955e-16
13.8 14.6 1.38359e-16
14 14.6 2.92227e-17
14.2 14.6 5.69994e-18
14.4 14.6 1.02676e-18
14.6 14.6 1.70816e-19
14.8 14.6 2.61931e-20
5.2 14.8 4.01631e-21
5.4 14.8 2.61931e-20
5.6 14.8 1.57452e-19
5.8 14.8 8.74114e-19
6 14.8 4.48163e-18
6.2 14.8 2.12198e-17
6.4 14.8 9.27837e-17
6.6 14.8 3.74646e-16
6.8 14.8 1.39694e-15
7 14.8 4.80991e-15
7.2 14.8 1.52928e-14
7.4 14.8 4.48977e-14
7.6 14.8 1.21714e-13
7.8 14.8 3.04668e-13
8 14.8 7.04177e-13
8.2 14.8 1.50279e-12
8.4 14.8 2.96124e-12
8.6 14.8 5.38768e-12
8.8 14.8 9.05065e-12
9 14.8 1.4038e-11
9.2 14.8 2.01036e-11
9.4 14.8 2.65819e-11
9.6 14.8 3.24518e-11
9.8 14.8 3.65789e-11
10 14.8 3.80681e-11
10.2 14.8 3.65789e-11
10.4 14.8 3.24518e-11
10.6 14.8 2.65819e-11
10.8 14.8 2.01036e-11
11 14.8 1.4038e-11
11.2 14.8 9.05065e-12
11.4 14.8 5.38768e-12
11.6 14.8 2.96124e-12
11.8 14.8 1.50279e-12
12 14.8 7.04177e-13
12.2 14.8 3.04668e-13
12.4 14.8 1.21714e-13
12.6 14.8 4.48977e-14
12.8 14.8 1.52928e-14
13 14.8 4.80991e-15
13.2 14.8 1.39694e-15
13.4 14.8 3.74646e-16
13.6 14.8 9.27837e-17
13.8 14.8 2.12198e-17
14 14.8 4.48163e-18
14.2 14.8 8.74114e-19
14.4 14.8 1.57452e-19
14.6 14.8 2.61931e-20
14.8 14.8 4.01631e-21

