5.2 5.2 5.19819e-21
5.4 5.2 3.39342e-20
5.6 5.2 2.04245e-19
5.8 5.2 1.13523e-18
6 5.2 5.82671e-18
6.2 5.2 2.76163e-17
6.4 5.2 1.20865e-16
6.6 5.2 4.88451e-16
6.8 5.2 1.82272e-15
7 5.2 6.28045e-15
7.2 5.2 1.99815e-14
7.4 5.2 5.8698e-14
7.6 5.2 1.59211e-13
7.8 5.2 3.98726e-13
8 5.2 9.21975e-13
8.2 5.2 1.96836e-12
8.4 5.2 3.87997e-12
8.6 5.2 7.06133e-12
8.8 5.2 1.18652e-11
9 5.2 1.84074e-11
9.2 5.2 2.63656e-11
9.4 5.2 3.48664e-11
9.6 5.2 4.25697e-11
9.8 5.2 4.79863e-11
10 5.2 4.99409e-11
10.2 5.2 4.79863e-11
10.4 5.2 4.25697e-11
10.6 5.2 3.48664e-11
10.8 5.2 2.63656e-11
11 5.2 1.84074e-11
11.2 5.2 1.18652e-11
11.4 5.2 7.06133e-12
11.6 5.2 3.87997e-12
11.8 5.2 1.96836e-12
12 5.2 9.21975e-13
12.2 5.2 3.98726e-13
12.4 5.2 1.59211e-13
12.6 5.2 5.8698e-14
12.8 5.2 1.99815e-14
13 5.2 6.28045e-15
13.2 5.2 1.82272e-15
13.4 5.2 4.88451e-16
13.6 5.2 1.20865e-16
13.8 5.2 2.76163e-17
14 5.2 5.82671e-18
14.2 5.2 1.13523e-18
14.4 5.2 2.04245e-19
14.6 5.2 3.39342e-20
14.8 5.2 5.19819e-21
5.2 5.4 3.39342e-20
5.4 5.4 2.21519e-19
5.6 5.4 1.33324e-18
5.8 5.4 7.41008e-18
6 5.4 3.8032e-17
6.2 5.4 1.80251e-16
6.4 5.4 7.8886e-16
6.6 5.4 3.18793e-15
6.8 5.4 1.18959e-14
7 5.4 4.09882e-14
7.2 5.4 1.30402e-13
7.4 5.4 3.83066e-13
7.6 5.4 1.039e-12
7.8 5.4 2.60202e-12
8 5.4 6.01657e-12
8.2 5.4 1.28449e-11
8.4 5.4 2.53191e-11
8.6 5.4 4.60789e-11
8.8 5.4 7.74262e-11
9 5.4 1.20116e-10
9.2 5.4 1.72046e-10
9.4 5.4 2.27516e-10
9.6 5.4 2.77783e-10
9.8 5.4 3.13127e-10
10 5.4 3.25881e-10
10.2 5.4 3.13127e-10
10.4 5.4 2.77783e-10
10.6 5.4 2.27516e-10
10.8 5.4 1.72046e-10
11 5.4 1.20116e-10
11.2 5.4 7.74262e-11
11.4 5.4 4.60789e-11
11.6 5.4 2.53191e-11
11.8 5.4 1.28449e-11
12 5.4 6.01657e-12
12.2 5.4 2.60202e-12
12.4 5.4 1.039e-12
12.6 5.4 3.83066e-13
12.8 5.4 1.30402e-13
13 5.4 4.09882e-14
13.2 5.4 1.18959e-14
13.4 5.4 3.18793e-15
13.6 5.4 7.8886e-16
13.8 5.4 1.80251e-16
14 5.4 3.8032e-17
14.2 5.4 7.41008e-18
14.4 5.4 1.33324e-18
14.6 5.4 2.21519e-19
14.8 5.4 3.39342e-20
5.2 5.6 2.04245e-19
5.4 5.6 1.33324e-18
5.6 5.6 8.02381e-18
5.8 5.6 4.45939e-17
6 5.6 2.28867e-16
6.2 5.6 1.08466e-15
6.4 5.6 4.74678e-15
6.6 5.6 1.9182e-14
6.8 5.6 7.1576e-14
7 5.6 2.46613e-13
7.2 5.6 7.84569e-13
7.4 5.6 2.30467e-12
7.6 5.6 6.25089e-12
7.8 5.6 1.5654e-11
8 5.6 3.61957e-11
8.2 5.6 7.72736e-11
8.4 5.6 1.52315e-10
8.6 5.6 2.77199e-10
8.8 5.6 4.65771e-10
9 5.6 7.22575e-10
9.2 5.6 1.03496e-09
9.4 5.6 1.36864e-09
9.6 5.6 1.67101e-09
9.8 5.6 1.88362e-09
10 5.6 1.96034e-09
10.2 5.6 1.88362e-09
10.4 5.6 1.67101e-09
10.6 5.6 1.36864e-09
10.8 5.6 1.03496e-09
11 5.6 7.22575e-10
11.2 5.6 4.65771e-10
11.4 5.6 2.77199e-10
11.6 5.6 1.52315e-10
11.8 5.6 7.72736e-11
12 5.6 3.61957e-11
12.2 5.6 1.5654e-11
12.4 5.6 6.25089e-12
12.6 5.6 2.30467e-12
12.8 5.6 7.84569e-13
13 5.6 2.46613e-13
13.2 5.6 7.1576e-14
13.4 5.6 1.9182e-14
13.6 5.6 4.74678e-15
13.8 5.6 1.08466e-15
14 5.6 2.28867e-16
14.2 5.6 4.45939e-17
14.4 5.6 8.02381e-18
14.6 5.6 1.33324e-18
14.8 5.6 2.04245e-19
5.2 5.8 1.13523e-18
5.4 5.8 7.41008e-18
5.6 5.8 4.45939e-17
5.8 5.8 2.47829e-16
6 5.8 1.27186e-15
6.2 5.8 6.02747e-15
6.4 5.8 2.6377e-14
6.6 5.8 1.06587e-13
6.8 5.8 3.9771e-13
7 5.8 1.37026e-12
7.2 5.8 4.3592e-12
7.4 5.8 1.28048e-11
7.6 5.8 3.47295e-11
7.8 5.8 8.69709e-11
8 5.8 2.01093e-10
8.2 5.8 4.29304e-10
8.4 5.8 8.46198e-10
8.6 5.8 1.53998e-09
8.8 5.8 2.58756e-09
9 5.8 4.0142e-09
9.2 5.8 5.74956e-09
9.4 5.8 7.60322e-09
9.6 5.8 9.28296e-09
9.8 5.8 1.04641e-08
10 5.8 1.08903e-08
10.2 5.8 1.04641e-08
10.4 5.8 9.28296e-09
10.6 5.8 7.60322e-09
10.8 5.8 5.74956e-09
11 5.8 4.0142e-09
11.2 5.8 2.58756e-09
11.4 5.8 1.53998e-09
11.6 5.8 8.46198e-10
11.8 5.8 4.29304e-10
12 5.8 2.01093e-10
12.2 5.8 8.69709e-11
12.4 5.8 3.47295e-11
12.6 5.8 1.28048e-11
12.8 5.8 4.3592e-12
13 5.8 1.37026e-12
13.2 5.8 3.9771e-13
13.4 5.8 1.06587e-13
13.6 5.8 2.6377e-14
13.8 5.8 6.02747e-15
14 5.8 1.27186e-15
14.2 5.8 2.47829e-16
14.4 5.8 4.45939e-17
14.6 5.8 7.41008e-18
14.8 5.8 1.13523e-18
5.2 6 5.82671e-18
5.4 6 3.8032e-17
5.6 6 2.28867e-16
5.8 6 1.27186e-15
6 6 6.527e-15
6.2 6 3.09308e-14
6.4 6 1.35353e-13
6.6 6 5.46933e-13
6.8 6 2.04072e-12
7 6 7.03086e-12
7.2 6 2.23667e-11
7.4 6 6.56992e-11
7.6 6 1.78187e-10
7.8 6 4.46215e-10
8 6 1.03172e-09
8.2 6 2.20253e-09
8.4 6 4.34134e-09
8.6 6 7.90064e-09
8.8 6 1.3275e-08
9 6 2.05939e-08
9.2 6 2.94966e-08
9.4 6 3.90061e-08
9.6 6 4.76234e-08
9.8 6 5.36825e-08
10 6 5.5869e-08
10.2 6 5.36825e-08
10.4 6 4.76234e-08
10.6 6 3.90061e-08
10.8 6 2.94966e-08
11 6 2.05939e-08
11.2 6 1.3275e-08
11.4 6 7.90064e-09
11.6 6 4.34134e-09
11.8 6 2.20253e-09
12 6 1.03172e-09
12.2 6 4.46215e-10
12.4 6 1.78187e-10
12.6 6 6.56992e-11
12.8 6 2.23667e-11
13 6 7.03086e-12
13.2 6 2.04072e-12
13.4 6 5.46933e-13
13.6 6 1.35353e-13
13.8 6 3.09308e-14
14 6 6.527e-15
14.2 6 1.27186e-15
14.4 6 2.28867e-16
14.6 6 3.8032e-17
14.8 6 5.82671e-18
5.2 6.2 2.76163e-17
5.4 6.2 1.80251e-16
5.6 6.2 1.08466e-15
5.8 6.2 6.02747e-15
6 6.2 3.09308e-14
6.2 6.2 1.46574e-13
6.4 6.2 6.41385e-13
6.6 6.2 2.59163e-12
6.8 6.2 9.66965e-12
7 6.2 3.33139e-11
7.2 6.2 1.05977e-10
7.4 6.2 3.11286e-10
7.6 6.2 8.44242e-10
7.8 6.2 2.11411e-09
8 6.2 4.88809e-09
8.2 6.2 1.0435e-08
8.4 6.2 2.05679e-08
8.6 6.2 3.74304e-08
8.8 6.2 6.28917e-08
9 6.2 9.75649e-08
9.2 6.2 1.39741e-07
9.4 6.2 1.84792e-07
9.6 6.2 2.25616e-07
9.8 6.2 2.54321e-07
10 6.2 2.64679e-07
10.2 6.2 2.54321e-07
10.4 6.2 2.25616e-07
10.6 6.2 1.84792e-07
10.8 6.2 1.39741e-07
11 6.2 9.75649e-08
11.2 6.2 6.28917e-08
11.4 6.2 3.74304e-08
11.6 6.2 2.05679e-08
11.8 6.2 1.0435e-08
12 6.2 4.88809e-09
12.2 6.2 2.11411e-09
12.4 6.2 8.44242e-10
12.6 6.2 3.11286e-10
12.8 6.2 1.05977e-10
13 6.2 3.33139e-11
13.2 6.2 9.66965e-12
13.4 6.2 2.59163e-12
13.6 6.2 6.41385e-13
13.8 6.2 1.46574e-13
14 6.2 3.09308e-14
14.2 6.2 6.02747e-15
14.4 6.2 1.08466e-15
14.6 6.2 1.80251e-16
14.8 6.2 2.76163e-17
5.2 6.4 1.20865e-16
5.4 6.4 7.8886e-16
5.6 6.4 4.74678e-15
5.8 6.4 2.6377e-14
6 6.4 1.35353e-13
6.2 6.4 6.41385e-13
6.4 6.4 2.80653e-12
6.6 6.4 1.134e-11
6.8 6.4 4.23097e-11
7 6.4 1.45762e-10
7.2 6.4 4.63682e-10
7.4 6.4 1.36195e-09
7.6 6.4 3.6937e-09
7.8 6.4 9.24947e-09
8 6.4 2.13856e-08
8.2 6.4 4.56532e-08
8.4 6.4 8.99836e-08
8.6 6.4 1.63754e-07
8.8 6.4 2.75143e-07
9 6.4 4.26831e-07
9.2 6.4 6.11343e-07
9.4 6.4 8.08429e-07
9.6 6.4 9.87022e-07
9.8 6.4 1.1126e-06
10 6.4 1.15791e-06
10.2 6.4 1.1126e-06
10.4 6.4 9.87022e-07
10.6 6.4 8.08429e-07
10.8 6.4 6.11343e-07
11 6.4 4.26831e-07
11.2 6.4 2.75143e-07
11.4 6.4 1.63754e-07
11.6 6.4 8.99836e-08
11.8 6.4 4.56532e-08
12 6.4 2.13856e-08
12.2 6.4 9.24947e-09
12.4 6.4 3.6937e-09
12.6 6.4 1.36195e-09
12.8 6.4 4.63682e-10
13 6.4 1.45762e-10
13.2 6.4 4.23097e-11
13.4 6.4 1.134e-11
13.6 6.4 2.80653e-12
13.8 6.4 6.41385e-13
14 6.4 1.35353e-13
14.2 6.4 2.6377e-14
14.4 6.4 4.74678e-15
14.6 6.4 7.8886e-16
14.8 6.4 1.20865e-16
5.2 6.6 4.88451e-16
5.4 6.6 3.18793e-15
5.6 6.6 1.9182e-14
5.8 6.6 1.06587e-13
6 6.6 5.46933e-13
6.2 6.6 2.59163e-12
6.4 6.6 1.134e-11
6.6 6.6 4.58189e-11
6.8 6.6 1.70947e-10
7 6.6 5.88922e-10
7.2 6.6 1.87338e-09
7.4 6.6 5.50249e-09
7.6 6.6 1.49229e-08
7.8 6.6 3.73682e-08
8 6.6 8.63975e-08
8.2 6.6 1.84436e-07
8.4 6.6 3.63525e-07
8.6 6.6 6.61546e-07
8.8 6.6 1.11153e-06
9 6.6 1.72432e-06
9.2 6.6 2.4697e-06
9.4 6.6 3.26587e-06
9.6 6.6 3.98733e-06
9.8 6.6 4.49462e-06
10 6.6 4.67767e-06
10.2 6.6 4.49462e-06
10.4 6.6 3.98733e-06
10.6 6.6 3.26587e-06
10.8 6.6 2.4697e-06
11 6.6 1.72432e-06
11.2 6.6 1.11153e-06
11.4 6.6 6.61546e-07
11.6 6.6 3.63525e-07
11.8 6.6 1.84436e-07
12 6.6 8.63975e-08
12.2 6.6 3.73682e-08
12.4 6.6 1.49229e-08
12.6 6.6 5.50249e-09
12.8 6.6 1.87338e-09
13 6.6 5.88922e-10
13.2 6.6 1.70947e-10
13.4 6.6 4.58189e-11
13.6 6.6 1.134e-11
13.8 6.6 2.59163e-12
14 6.6 5.46933e-13
14.2 6.6 1.06587e-13
14.4 6.6 1.9182e-14
14.6 6.6 3.18793e-15
14.8 6.6 4.88451e-16
5.2 6.8 1.82272e-15
5.4 6.8 1.18959e-14
5.6 6.8 7.1576e-14
5.8 6.8 3.9771e-13
6 6.8 2.04072e-12
6.2 6.8 9.66965e-12
6.4 6.8 4.23097e-11
6.6 6.8 1.70947e-10
6.8 6.8 6.3778e-10
7 6.8 2.19714e-09
7.2 6.8 6.98906e-09
7.4 6.8 2.0528e-08
7.6 6.8 5.56715e-08
7.8 6.8 1.39404e-07
8 6.8 3.22308e-07
8.2 6.8 6.88036e-07
8.4 6.8 1.35611e-06
8.6 6.8 2.46784e-06
8.8 6.8 4.14645e-06
9 6.8 6.43234e-06
9.2 6.8 9.21284e-06
9.4 6.8 1.21828e-05
9.6 6.8 1.48741e-05
9.8 6.8 1.67664e-05
10 6.8 1.74492e-05
10.2 6.8 1.67664e-05
10.4 6.8 1.48741e-05
10.6 6.8 1.21828e-05
10.8 6.8 9.21284e-06
11 6.8 6.43234e-06
11.2 6.8 4.14645e-06
11.4 6.8 2.46784e-06
11.6 6.8 1.35611e-06
11.8 6.8 6.88036e-07
12 6.8 3.22308e-07
12.2 6.8 1.39404e-07
12.4 6.8 5.56715e-08
12.6 6.8 2.0528e-08
12.8 6.8 6.98906e-09
13 6.8 2.19714e-09
13.2 6.8 6.3778e-10
13.4 6.8 1.70947e-10
13.6 6.8 4.23097e-11
13.8 6.8 9.66965e-12
14 6.8 2.04072e-12
14.2 6.8 3.9771e-13
14.4 6.8 7.1576e-14
14.6 6.8 1.18959e-14
14.8 6.8 1.82272e-15
5.2 7 6.28045e-15
5.4 7 4.09882e-14
5.6 7 2.46613e-13
5.8 7 1.37026e-12
6 7 7.03086e-12
6.2 7 3.33139e-11
6.4 7 1.45762e-10
6.6 7 5.88922e-10
6.8 7 2.19714e-09
7 7 7.56901e-09
7.2 7 2.40764e-08
7.4 7 7.07152e-08
7.6 7 1.91776e-07
7.8 7 4.80212e-07
8 7 1.11025e-06
8.2 7 2.37006e-06
8.4 7 4.67131e-06
8.6 7 8.50077e-06
8.8 7 1.42828e-05
9 7 2.21567e-05
9.2 7 3.17342e-05
9.4 7 4.19643e-05
9.6 7 5.12344e-05
9.8 7 5.77525e-05
10 7 6.01045e-05
10.2 7 5.77525e-05
10.4 7 5.12344e-05
10.6 7 4.19643e-05
10.8 7 3.17342e-05
11 7 2.21567e-05
11.2 7 1.42828e-05
11.4 7 8.50077e-06
11.6 7 4.67131e-06
11.8 7 2.37006e-06
12 7 1.11025e-06
12.2 7 4.80212e-07
12.4 7 1.91776e-07
12.6 7 7.07152e-08
12.8 7 2.40764e-08
13 7 7.56901e-09
13.2 7 2.19714e-09
13.4 7 5.88922e-10
13.6 7 1.45762e-10
13.8 7 3.33139e-11
14 7 7.03086e-12
14.2 7 1.37026e-12
14.4 7 2.46613e-13
14.6 7 4.09882e-14
14.8 7 6.28045e-15
5.2 7.2 1.99815e-14
5.4 7.2 1.30402e-13
5.6 7.2 7.84569e-13
5.8 7.2 4.3592e-12
6 7.2 2.23667e-11
6.2 7.2 1.05977e-10
6.4 7.2 4.63682e-10
6.6 7.2 1.87338e-09
6.8 7.2 6.98906e-09
7 7.2 2.40764e-08
7.2 7.2 7.65842e-08
7.4 7.2 2.24934e-07
7.6 7.2 6.10001e-07
7.8 7.2 1.52744e-06
8 7.2 3.53142e-06
8.2 7.2 7.53845e-06
8.4 7.2 1.48579e-05
8.6 7.2 2.7038e-05
8.8 7.2 4.54286e-05
9 7.2 7.04721e-05
9.2 7.2 0.000100934
9.4 7.2 0.000133472
9.6 7.2 0.000162956
9.8 7.2 0.000183687
10 7.2 0.000191168
10.2 7.2 0.000183687
10.4 7.2 0.000162956
10.6 7.2 0.000133472
10.8 7.2 0.000100934
11 7.2 7.04721e-05
11.2 7.2 4.54286e-05
11.4 7.2 2.7038e-05
11.6 7.2 1.48579e-05
11.8 7.2 7.53845e-06
12 7.2 3.53142e-06
12.2 7.2 1.52744e-06
12.4 7.2 6.10001e-07
12.6 7.2 2.24934e-07
12.8 7.2 7.65842e-08
13 7.2 2.40764e-08
13.2 7.2 6.98906e-09
13.4 7.2 1.87338e-09
13.6 7.2 4.63682e-10
13.8 7.2 1.05977e-10
14 7.2 2.23667e-11
14.2 7.2 4.3592e-12
14.4 7.2 7.84569e-13
14.6 7.2 1.30402e-13
14.8 7.2 1.99815e-14
5.2 7.4 5.8698e-14
5.4 7.4 3.83066e-13
5.6 7.4 2.30467e-12
5.8 7.4 1.28048e-11
6 7.4 6.56992e-11
6.2 7.4 3.11286e-10
6.4 7.4 1.36195e-09
6.6 7.4 5.50249e-09
6.8 7.4 2.0528e-08
7 7.4 7.07152e-08
7.2 7.4 2.24934e-07
7.4 7.4 6.60638e-07
7.6 7.4 1.79158e-06
7.8 7.4 4.48605e-06
8 7.4 1.03716e-05
8.2 7.4 2.21399e-05
8.4 7.4 4.36364e-05
8.6 7.4 7.94077e-05
8.8 7.4 0.000133418
9 7.4 0.000206967
9.2 7.4 0.000296429
9.4 7.4 0.000391986
9.6 7.4 0.000478575
9.8 7.4 0.000539458
10 7.4 0.000561428
10.2 7.4 0.000539458
10.4 7.4 0.000478575
10.6 7.4 0.000391986
10.8 7.4 0.000296429
11 7.4 0.000206967
11.2 7.4 0.000133418
11.4 7.4 7.94077e-05
11.6 7.4 4.36364e-05
11.8 7.4 2.21399e-05
12 7.4 1.03716e-05
12.2 7.4 4.48605e-06
12.4 7.4 1.79158e-06
12.6 7.4 6.60638e-07
12.8 7.4 2.24934e-07
13 7.4 7.07152e-08
13.2 7.4 2.0528e-08
13.4 7.4 5.50249e-09
13.6 7.4 1.36195e-09
13.8 7.4 3.11286e-10
14 7.4 6.56992e-11
14.2 7.4 1.28048e-11
14.4 7.4 2.30467e-12
14.6 7.4 3.83066e-13
14.8 7.4 5.8698e-14
5.2 7.6 1.59211e-13
5.4 7.6 1.039e-12
5.6 7.6 6.25089e-12
5.8 7.6 3.47295e-11
6 7.6 1.78187e-10
6.2 7.6 8.44242e-10
6.4 7.6 3.6937e-09
6.6 7.6 1.49229e-08
6.8 7.6 5.56715e-08
7 7.6 1.91776e-07
7.2 7.6 6.10001e-07
7.4 7.6 1.79158e-06
7.6 7.6 4.85851e-06
7.8 7.6 1.21655e-05
8 7.6 2.81259e-05
8.2 7.6 6.00388e-05
8.4 7.6 0.000118332
8.6 7.6 0.000215335
8.8 7.6 0.000361796
9 7.6 0.00056124
9.2 7.6 0.000803835
9.4 7.6 0.00106296
9.6 7.6 0.00129776
9.8 7.6 0.00146286
10 7.6 0.00152243
10.2 7.6 0.00146286
10.4 7.6 0.00129776
10.6 7.6 0.00106296
10.8 7.6 0.000803835
11 7.6 0.00056124
11.2 7.6 0.000361796
11.4 7.6 0.000215335
11.6 7.6 0.000118332
11.8 7.6 6.00388e-05
12 7.6 2.81259e-05
12.2 7.6 1.21655e-05
12.4 7.6 4.85851e-06
12.6 7.6 1.79158e-06
12.8 7.6 6.10001e-07
13 7.6 1.91776e-07
13.2 7.6 5.56715e-08
13.4 7.6 1.49229e-08
13.6 7.6 3.6937e-09
13.8 7.6 8.44242e-10
14 7.6 1.78187e-10
14.2 7.6 3.47295e-11
14.4 7.6 6.25089e-12
14.6 7.6 1.039e-12
14.8 7.6 1.59211e-13
5.2 7.8 3.98726e-13
5.4 7.8 2.60202e-12
5.6 7.8 1.5654e-11
5.8 7.8 8.69709e-11
6 7.8 4.46215e-10
6.2 7.8 2.11411e-09
6.4 7.8 9.24947e-09
6.6 7.8 3.73682e-08
6.8 7.8 1.39404e-07
7 7.8 4.80212e-07
7.2 7.8 1.52744e-06
7.4 7.8 4.48605e-06
7.6 7.8 1.21655e-05
7.8 7.8 3.04614e-05
8 7.8 7.04246e-05
8.2 7.8 0.000150331
8.4 7.8 0.000296289
8.6 7.8 0.00053917
8.8 7.8 0.000905885
9 7.8 0.00140526
9.2 7.8 0.00201267
9.4 7.8 0.00266147
9.6 7.8 0.00324937
9.8 7.8 0.00366274
10 7.8 0.00381191
10.2 7.8 0.00366274
10.4 7.8 0.00324937
10.6 7.8 0.00266147
10.8 7.8 0.00201267
11 7.8 0.00140526
11.2 7.8 0.000905885
11.4 7.8 0.00053917
11.6 7.8 0.000296289
11.8 7.8 0.000150331
12 7.8 7.04246e-05
12.2 7.8 3.04614e-05
12.4 7.8 1.21655e-05
12.6 7.8 4.48605e-06
12.8 7.8 1.52744e-06
13 7.8 4.80212e-07
13.2 7.8 1.39404e-07
13.4 7.8 3.73682e-08
13.6 7.8 9.24947e-09
13.8 7.8 2.11411e-09
14 7.8 4.46215e-10
14.2 7.8 8.69709e-11
14.4 7.8 1.5654e-11
14.6 7.8 2.60202e-12
14.8 7.8 3.98726e-13
5.2 8 9.21975e-13
5.4 8 6.01657e-12
5.6 8 3.61957e-11
5.8 8 2.01093e-10
6 8 1.03172e-09
6.2 8 4.88809e-09
6.4 8 2.13856e-08
6.6 8 8.63975e-08
6.8 8 3.22308e-07
7 8 1.11025e-06
7.2 8 3.53142e-06
7.4 8 1.03716e-05
7.6 8 2.81259e-05
7.8 8 7.04246e-05
8 8 0.000162816
8.2 8 0.00034755
8.4 8 0.000684988
8.6 8 0.0012465
8.8 8 0.00209429
9 8 0.00324877
9.2 8 0.00465301
9.4 8 0.00615292
9.6 8 0.00751205
9.8 8 0.0084677
10 8 0.00881254
10.2 8 0.0084677
10.4 8 0.00751205
10.6 8 0.00615292
10.8 8 0.00465301
11 8 0.00324877
11.2 8 0.00209429
11.4 8 0.0012465
11.6 8 0.000684988
11.8 8 0.00034755
12 8 0.000162816
12.2 8 7.04246e-05
12.4 8 2.81259e-05
12.6 8 1.03716e-05
12.8 8 3.53142e-06
13 8 1.11025e-06
13.2 8 3.22308e-07
13.4 8 8.63975e-08
13.6 8 2.13856e-08
13.8 8 4.88809e-09
14 8 1.03172e-09
14.2 8 2.01093e-10
14.4 8 3.61957e-11
14.6 8 6.01657e-12
14.8 8 9.21975e-13
5.2 8.2 1.96836e-12
5.4 8.2 1.28449e-11
5.6 8.2 7.72736e-11
5.8 8.2 4.29304e-10
6 8.2 2.20253e-09
6.2 8.2 1.0435e-08
6.4 8.2 4.56532e-08
6.6 8.2 1.84436e-07
6.8 8.2 6.88036e-07
7 8.2 2.37006e-06
7.2 8.2 7.53845e-06
7.4 8.2 2.21399e-05
7.6 8.2 6.00388e-05
7.8 8.2 0.000150331
8 8.2 0.00034755
8.2 8.2 0.000741884
8.4 8.2 0.00146218
8.6 8.2 0.00266076
8.8 8.2 0.00447044
9 8.2 0.00693475
9.2 8.2 0.00993219
9.4 8.2 0.0131338
9.6 8.2 0.016035
9.8 8.2 0.0180749
10 8.2 0.0188109
10.2 8.2 0.0180749
10.4 8.2 0.016035
10.6 8.2 0.0131338
10.8 8.2 0.00993219
11 8.2 0.00693475
11.2 8.2 0.00447044
11.4 8.2 0.00266076
11.6 8.2 0.00146218
11.8 8.2 0.000741884
12 8.2 0.00034755
12.2 8.2 0.000150331
12.4 8.2 6.00388e-05
12.6 8.2 2.21399e-05
12.8 8.2 7.53845e-06
13 8.2 2.37006e-06
13.2 8.2 6.88036e-07
13.4 8.2 1.84436e-07
13.6 8.2 4.56532e-08
13.8 8.2 1.0435e-08
14 8.2 2.20253e-09
14.2 8.2 4.29304e-10
14.4 8.2 7.72736e-11
14.6 8.2 1.28449e-11
14.8 8.2 1.96836e-12
5.2 8.4 3.87997e-12
5.4 8.4 2.53191e-11
5.6 8.4 1.52315e-10
5.8 8.4 8.46198e-10
6 8.4 4.34134e-09
6.2 8.4 2.05679e-08
6.4 8.4 8.99836e-08
6.6 8.4 3.63525e-07
6.8 8.4 1.35611e-06
7 8.4 4.67131e-06
7.2 8.4 1.48579e-05
7.4 8.4 4.36364e-05
7.6 8.4 0.000118332
7.8 8.4 0.000296289
8 8.4 0.000684988
8.2 8.4 0.00146218
8.4 8.4 0.00288179
8.6 8.4 0.00524404
8.8 8.4 0.00881068
9 8.4 0.0136675
9.2 8.4 0.019575
9.4 8.4 0.025885
9.6 8.4 0.0316027
9.8 8.4 0.035623
10 8.4 0.0370737
10.2 8.4 0.035623
10.4 8.4 0.0316027
10.6 8.4 0.025885
10.8 8.4 0.019575
11 8.4 0.0136675
11.2 8.4 0.00881068
11.4 8.4 0.00524404
11.6 8.4 0.00288179
11.8 8.4 0.00146218
12 8.4 0.000684988
12.2 8.4 0.000296289
12.4 8.4 0.000118332
12.6 8.4 4.36364e-05
12.8 8.4 1.48579e-05
13 8.4 4.67131e-06
13.2 8.4 1.35611e-06
13.4 8.4 3.63525e-07
13.6 8.4 8.99836e-08
13.8 8.4 2.05679e-08
14 8.4 4.34134e-09
14.2 8.4 8.46198e-10
14.4 8.4 1.52315e-10
14.6 8.4 2.53191e-11
14.8 8.4 3.87997e-12
5.2 8.6 7.06133e-12
5.4 8.6 4.60789e-11
5.6 8.6 2.77199e-10
5.8 8.6 1.53998e-09
6 8.6 7.90064e-09
6.2 8.6 3.74304e-08
6.4 8.6 1.63754e-07
6.6 8.6 6.61546e-07
6.8 8.6 2.46784e-06
7 8.6 8.50077e-06
7.2 8.6 2.7038e-05
7.4 8.6 7.94077e-05
7.6 8.6 0.000215335
7.8 8.6 0.00053917
8 8.6 0.0012465
8.2 8.6 0.00266076
8.4 8.6 0.00524404
8.6 8.6 0.00954265
8.8 8.6 0.0160329
9 8.6 0.0248708
9.2 8.6 0.0356207
9.4 8.6 0.0471029
9.6 8.6 0.0575074
9.8 8.6 0.0648231
10 8.6 0.0674629
10.2 8.6 0.0648231
10.4 8.6 0.0575074
10.6 8.6 0.0471029
10.8 8.6 0.0356207
11 8.6 0.0248708
11.2 8.6 0.0160329
11.4 8.6 0.00954265
11.6 8.6 0.00524404
11.8 8.6 0.00266076
12 8.6 0.0012465
12.2 8.6 0.00053917
12.4 8.6 0.000215335
12.6 8.6 7.94077e-05
12.8 8.6 2.7038e-05
13 8.6 8.50077e-06
13.2 8.6 2.46784e-06
13.4 8.6 6.61546e-07
13.6 8.6 1.63754e-07
13.8 8.6 3.74304e-08
14 8.6 7.90064e-09
14.2 8.6 1.53998e-09
14.4 8.6 2.77199e-10
14.6 8.6 4.60789e-11
14.8 8.6 7.06133e-12
5.2 8.8 1.18652e-11
5.4 8.8 7.74262e-11
5.6 8.8 4.65771e-10
5.8 8.8 2.58756e-09
6 8.8 1.3275e-08
6.2 8.8 6.28917e-08
6.4 8.8 2.75143e-07
6.6 8.8 1.11153e-06
6.8 8.8 4.14645e-06
7 8.8 1.42828e-05
7.2 8.8 4.54286e-05
7.4 8.8 0.000133418
7.6 8.8 0.000361796
7.8 8.8 0.000905885
8 8.8 0.00209429
8.2 8.8 0.00447044
8.4 8.8 0.00881068
8.6 8.8 0.0160329
8.8 8.8 0.0269372
9 8.8 0.0417859
9.2 8.8 0.0598469
9.4 8.8 0.0791383
9.6 8.8 0.096619
9.8 8.8 0.10891
10 8.8 0.113345
10.2 8.8 0.10891
10.4 8.8 0.096619
10.6 8.8 0.0791383
10.8 8.8 0.0598469
11 8.8 0.0417859
11.2 8.8 0.0269372
11.4 8.8 0.0160329
11.6 8.8 0.00881068
11.8 8.8 0.00447044
12 8.8 0.00209429
12.2 8.8 0.000905885
12.4 8.8 0.000361796
12.6 8.8 0.000133418
12.8 8.8 4.54286e-05
13 8.8 1.42828e-05
13.2 8.8 4.14645e-06
13.4 8.8 1.11153e-06
13.6 8.8 2.75143e-07
13.8 8.8 6.28917e-08
14 8.8 1.3275e-08
14.2 8.8 2.58756e-09
14.4 8.8 4.65771e-10
14.6 8.8 7.74262e-11
14.8 8.8 1.18652e-11
5.2 9 1.84074e-11
5.4 9 1.20116e-10
5.6 9 7.22575e-10
5.8 9 4.0142e-09
6 9 2.05939e-08
6.2 9 9.75649e-08
6.4 9 4.26831e-07
6.6 9 1.72432e-06
6.8 9 6.43234e-06
7 9 2.21567e-05
7.2 9 7.04721e-05
7.4 9 0.000206967
7.6 9 0.00056124
7.8 9 0.00140526
8 9 0.00324877
8.2 9 0.00693475
8.4 9 0.0136675
8.6 9 0.0248708
8.8 9 0.0417859
9 9 0.0648197
9.2 9 0.0928364
9.4 9 0.122762
9.6 9 0.149878
9.8 9 0.168944
10 9 0.175824
10.2 9 0.168944
10.4 9 0.149878
10.6 9 0.122762
10.8 9 0.0928364
11 9 0.0648197
11.2 9 0.0417859
11.4 9 0.0248708
11.6 9 0.0136675
11.8 9 0.00693475
12 9 0.00324877
12.2 9 0.00140526
12.4 9 0.00056124
12.6 9 0.000206967
12.8 9 7.04721e-05
13 9 2.21567e-05
13.2 9 6.43234e-06
13.4 9 1.72432e-06
13.6 9 4.26831e-07
13.8 9 9.75649e-08
14 9 2.05939e-08
14.2 9 4.0142e-09
14.4 9 7.22575e-10
14.6 9 1.20116e-10
14.8 9 1.84074e-11
5.2 9.2 2.63656e-11
5.4 9.2 1.72046e-10
5.6 9.2 1.03496e-09
5.8 9.2 5.74956e-09
6 9.2 2.94966e-08
6.2 9.2 1.39741e-07
6.4 9.2 6.11343e-07
6.6 9.2 2.4697e-06
6.8 9.2 9.21284e-06
7 9.2 3.17342e-05
7.2 9.2 0.000100934
7.4 9.2 0.000296429
7.6 9.2 0.000803835
7.8 9.2 0.00201267
8 9.2 0.00465301
8.2 9.2 0.00993219
8.4 9.2 0.019575
8.6 9.2 0.0356207
8.8 9.2 0.0598469
9 9.2 0.0928364
9.2 9.2 0.132963
9.4 9.2 0.175822
9.6 9.2 0.214659
9.8 9.2 0.241966
10 9.2 0.251819
10.2 9.2 0.241966
10.4 9.2 0.214659
10.6 9.2 0.175822
10.8 9.2 0.132963
11 9.2 0.0928364
11.2 9.2 0.0598469
11.4 9.2 0.0356207
11.6 9.2 0.019575
11.8 9.2 0.00993219
12 9.2 0.00465301
12.2 9.2 0.00201267
12.4 9.2 0.000803835
12.6 9.2 0.000296429
12.8 9.2 0.000100934
13 9.2 3.17342e-05
13.2 9.2 9.21284e-06
13.4 9.2 2.4697e-06
13.6 9.2 6.11343e-07
13.8 9.2 1.39741e-07
14 9.2 2.94966e-08
14.2 9.2 5.74956e-09
14.4 9.2 1.03496e-09
14.6 9.2 1.72046e-10
14.8 9.2 2.63656e-11
5.2 9.4 3.48664e-11
5.4 9.4 2.27516e-10
5.6 9.4 1.36864e-09
5.8 9.4 7.60322e-09
6 9.4 3.90061e-08
6.2 9.4 1.84792e-07
6.4 9.4 8.08429e-07
6.6 9.4 3.26587e-06
6.8 9.4 1.21828e-05
7 9.4 4.19643e-05
7.2 9.4 0.000133472
7.4 9.4 0.000391986
7.6 9.4 0.00106296
7.8 9.4 0.00266147
8 9.4 0.00615292
8.2 9.4 0.0131338
8.4 9.4 0.025885
8.6 9.4 0.0471029
8.8 9.4 0.0791383
9 9.4 0.122762
9.2 9.4 0.175822
9.4 9.4 0.232497
9.6 9.4 0.283852
9.8 9.4 0.319961
10 9.4 0.332991
10.2 9.4 0.319961
10.4 9.4 0.283852
10.6 9.4 0.232497
10.8 9.4 0.175822
11 9.4 0.122762
11.2 9.4 0.0791383
11.4 9.4 0.0471029
11.6 9.4 0.025885
11.8 9.4 0.0131338
12 9.4 0.00615292
12.2 9.4 0.00266147
12.4 9.4 0.00106296
12.6 9.4 0.000391986
12.8 9.4 0.000133472
13 9.4 4.19643e-05
13.2 9.4 1.21828e-05
13.4 9.4 3.26587e-06
13.6 9.4 8.08429e-07
13.8 9.4 1.84792e-07
14 9.4 3.90061e-08
14.2 9.4 7.60322e-09
14.4 9.4 1.36864e-09
14.6 9.4 2.27516e-10
14.8 9.4 3.48664e-11
5.2 9.6 4.25697e-11
5.4 9.6 2.77783e-10
5.6 9.6 1.67101e-09
5.8 9.6 9.28296e-09
6 9.6 4.76234e-08
6.2 9.6 2.25616e-07
6.4 9.6 9.87022e-07
6.6 9.6 3.98733e-06
6.8 9.6 1.48741e-05
7 9.6 5.12344e-05
7.2 9.6 0.000162956
7.4 9.6 0.000478575
7.6 9.6 0.00129776
7.8 9.6 0.00324937
8 9.6 0.00751205
8.2 9.6 0.016035
8.4 9.6 0.0316027
8.6 9.6 0.0575074
8.8 9.6 0.096619
9 9.6 0.149878
9.2 9.6 0.214659
9.4 9.6 0.283852
9.6 9.6 0.346551
9.8 9.6 0.390636
10 9.6 0.406544
10.2 9.6 0.390636
10.4 9.6 0.346551
10.6 9.6 0.283852
10.8 9.6 0.214659
11 9.6 0.149878
11.2 9.6 0.096619
11.4 9.6 0.0575074
11.6 9.6 0.0316027
11.8 9.6 0.016035
12 9.6 0.00751205
12.2 9.6 0.00324937
12.4 9.6 0.00129776
12.6 9.6 0.000478575
12.8 9.6 0.000162956
13 9.6 5.12344e-05
13.2 9.6 1.48741e-05
13.4 9.6 3.98733e-06
13.6 9.6 9.87022e-07
13.8 9.6 2.25616e-07
14 9.6 4.76234e-08
14.2 9.6 9.28296e-09
14.4 9.6 1.67101e-09
14.6 9.6 2.77783e-10
14.8 9.6 4.25697e-11
5.2 9.8 4.79863e-11
5.4 9.8 3.13127e-10
5.6 9.8 1.88362e-09
5.8 9.8 1.04641e-08
6 9.8 5.36825e-08
6.2 9.8 2.54321e-07
6.4 9.8 1.1126e-06
6.6 9.8 4.49462e-06
6.8 9.8 1.67664e-05
7 9.8 5.77525e-05
7.2 9.8 0.000183687
7.4 9.8 0.000539458
7.6 9.8 0.00146286
7.8 9.8 0.00366274
8 9.8 0.0084677
8.2 9.8 0.0180749
8.4 9.8 0.035623
8.6 9.8 0.0648231
8.8 9.8 0.10891
9 9.8 0.168944
9.2 9.8 0.241966
9.4 9.8 0.319961
9.6 9.8 0.390636
9.8 9.8 0.440329
10 9.8 0.458261
10.2 9.8 0.440329
10.4 9.8 0.390636
10.6 9.8 0.319961
10.8 9.8 0.241966
11 9.8 0.168944
11.2 9.8 0.10891
11.4 9.8 0.0648231
11.6 9.8 0.035623
11.8 9.8 0.0180749
12 9.8 0.0084677
12.2 9.8 0.00366274
12.4 9.8 0.00146286
12.6 9.8 0.000539458
12.8 9.8 0.000183687
13 9.8 5.77525e-05
13.2 9.8 1.67664e-05
13.4 9.8 4.49462e-06
13.6 9.8 1.1126e-06
13.8 9.8 2.54321e-07
14 9.8 5.36825e-08
14.2 9.8 1.04641e-08
14.4 9.8 1.88362e-09
14.6 9.8 3.13127e-10
14.8 9.8 4.79863e-11
5.2 10 4.99409e-11
5.4 10 3.25881e-10
5.6 10 1.96034e-09
5.8 10 1.08903e-08
6 10 5.5869e-08
6.2 10 2.64679e-07
6.4 10 1.15791e-06
6.6 10 4.67767e-06
6.8 10 1.74492e-05
7 10 6.01045e-05
7.2 10 0.000191168
7.4 10 0.000561428
7.6 10 0.00152243
7.8 10 0.00381191
8 10 0.00881254
8.2 10 0.0188109
8.4 10 0.0370737
8.6 10 0.0674629
8.8 10 0.113345
9 10 0.175824
9.2 10 0.251819
9.4 10 0.332991
9.6 10 0.406544
9.8 10 0.458261
10 10 0.476922
10.2 10 0.458261
10.4 10 0.406544
10.6 10 0.332991
10.8 10 0.251819
11 10 0.175824
11.2 10 0.113345
11.4 10 0.0674629
11.6 10 0.0370737
11.8 10 0.0188109
12 10 0.00881254
12.2 10 0.00381191
12.4 10 0.00152243
12.6 10 0.000561428
12.8 10 0.000191168
13 10 6.01045e-05
13.2 10 1.74492e-05
13.4 10 4.67767e-06
13.6 10 1.15791e-06
13.8 10 2.64679e-07
14 10 5.5869e-08
14.2 10 1.08903e-08
14.4 10 1.96034e-09
14.6 10 3.25881e-10
14.8 10 4.99409e-11
5.2 10.2 4.79863e-11
5.4 10.2 3.13127e-10
5.6 10.2 1.88362e-09
5.8 10.2 1.04641e-08
6 10.2 5.36825e-08
6.2 10.2 2.54321e-07
6.4 10.2 1.1126e-06
6.6 10.2 4.49462e-06
6.8 10.2 1.67664e-05
7 10.2 5.77525e-05
7.2 10.2 0.000183687
7.4 10.2 0.000539458
7.6 10.2 0.00146286
7.8 10.2 0.00366274
8 10.2 0.0084677
8.2 10.2 0.0180749
8.4 10.2 0.035623
8.6 10.2 0.0648231
8.8 10.2 0.10891
9 10.2 0.168944
9.2 10.2 0.241966
9.4 10.2 0.319961
9.6 10.2 0.390636
9.8 10.2 0.440329
10 10.2 0.458261
10.2 10.2 0.440329
10.4 10.2 0.390636
10.6 10.2 0.319961
10.8 10.2 0.241966
11 10.2 0.168944
11.2 10.2 0.10891
11.4 10.2 0.0648231
11.6 10.2 0.035623
11.8 10.2 0.0180749
12 10.2 0.0084677
12.2 10.2 0.00366274
12.4 10.2 0.00146286
12.6 10.2 0.000539458
12.8 10.2 0.000183687
13 10.2 5.77525e-05
13.2 10.2 1.67664e-05
13.4 10.2 4.49462e-06
13.6 10.2 1.1126e-06
13.8 10.2 2.54321e-07
14 10.2 5.36825e-08
14.2 10.2 1.04641e-08
14.4 10.2 1.88362e-09
14.6 10.2 3.13127e-10
14.8 10.2 4.79863e-11
5.2 10.4 4.25697e-11
5.4 10.4 2.77783e-10
5.6 10.4 1.67101e-09
5.8 10.4 9.28296e-09
6 10.4 4.76234e-08
6.2 10.4 2.25616e-07
6.4 10.4 9.87022e-07
6.6 10.4 3.98733e-06
6.8 10.4 1.48741e-05
7 10.4 5.12344e-05
7.2 10.4 0.000162956
7.4 10.4 0.000478575
7.6 10.4 0.00129776
7.8 10.4 0.00324937
8 10.4 0.00751205
8.2 10.4 0.016035
8.4 10.4 0.0316027
8.6 10.4 0.0575074
8.8 10.4 0.096619
9 10.4 0.149878
9.2 10.4 0.214659
9.4 10.4 0.283852
9.6 10.4 0.346551
9.8 10.4 0.390636
10 10.4 0.406544
10.2 10.4 0.390636
10.4 10.4 0.346551
10.6 10.4 0.283852
10.8 10.4 0.214659
11 10.4 0.149878
11.2 10.4 0.096619
11.4 10.4 0.0575074
11.6 10.4 0.0316027
11.8 10.4 0.016035
12 10.4 0.00751205
12.2 10.4 0.00324937
12.4 10.4 0.00129776
12.6 10.4 0.000478575
12.8 10.4 0.000162956
13 10.4 5.12344e-05
13.2 10.4 1.48741e-05
13.4 10.4 3.98733e-06
13.6 10.4 9.87022e-07
13.8 10.4 2.25616e-07
14 10.4 4.76234e-08
14.2 10.4 9.28296e-09
14.4 10.4 1.67101e-09
14.6 10.4 2.77783e-10
14.8 10.4 4.25697e-11
5.2 10.6 3.48664e-11
5.4 10.6 2.27516e-10
5.6 10.6 1.36864e-09
5.8 10.6 7.60322e-09
6 10.6 3.90061e-08
6.2 10.6 1.84792e-07
6.4 10.6 8.08429e-07
6.6 10.6 3.26587e-06
6.8 10.6 1.21828e-05
7 10.6 4.19643e-05
7.2 10.6 0.000133472
7.4 10.6 0.000391986
7.6 10.6 0.00106296
7.8 10.6 0.00266147
8 10.6 0.00615292
8.2 10.6 0.0131338
8.4 10.6 0.025885
8.6 10.6 0.0471029
8.8 10.6 0.0791383
9 10.6 0.122762
9.2 10.6 0.175822
9.4 10.6 0.232497
9.6 10.6 0.283852
9.8 10.6 0.319961
10 10.6 0.332991
10.2 10.6 0.319961
10.4 10.6 0.283852
10.6 10.6 0.232497
10.8 10.6 0.175822
11 10.6 0.122762
11.2 10.6 0.0791383
11.4 10.6 0.0471029
11.6 10.6 0.025885
11.8 10.6 0.0131338
12 10.6 0.00615292
12.2 10.6 0.00266147
12.4 10.6 0.00106296
12.6 10.6 0.000391986
12.8 10.6 0.000133472
13 10.6 4.19643e-05
13.2 10.6 1.21828e-05
13.4 10.6 3.26587e-06
13.6 10.6 8.08429e-07
13.8 10.6 1.84792e-07
14 10.6 3.90061e-08
14.2 10.6 7.60322e-09
14.4 10.6 1.36864e-09
14.6 10.6 2.27516e-10
14.8 10.6 3.48664e-11
5.2 10.8 2.63656e-11
5.4 10.8 1.72046e-10
5.6 10.8 1.03496e-09
5.8 10.8 5.74956e-09
6 10.8 2.94966e-08
6.2 10.8 1.39741e-07
6.4 10.8 6.11343e-07
6.6 10.8 2.4697e-06
6.8 10.8 9.21284e-06
7 10.8 3.17342e-05
7.2 10.8 0.000100934
7.4 10.8 0.000296429
7.6 10.8 0.000803835
7.8 10.8 0.00201267
8 10.8 0.00465301
8.2 10.8 0.00993219
8.4 10.8 0.019575
8.6 10.8 0.0356207
8.8 10.8 0.0598469
9 10.8 0.0928364
9.2 10.8 0.132963
9.4 10.8 0.175822
9.6 10.8 0.214659
9.8 10.8 0.241966
10 10.8 0.251819
10.2 10.8 0.241966
10.4 10.8 0.214659
10.6 10.8 0.175822
10.8 10.8 0.132963
11 10.8 0.0928364
11.2 10.8 0.0598469
11.4 10.8 0.0356207
11.6 10.8 0.019575
11.8 10.8 0.00993219
12 10.8 0.00465301
12.2 10.8 0.00201267
12.4 10.8 0.000803835
12.6 10.8 0.000296429
12.8 10.8 0.000100934
13 10.8 3.17342e-05
13.2 10.8 9.21284e-06
13.4 10.8 2.4697e-06
13.6 10.8 6.11343e-07
13.8 10.8 1.39741e-07
14 10.8 2.94966e-08
14.2 10.8 5.74956e-09
14.4 10.8 1.03496e-09
14.6 10.8 1.72046e-10
14.8 10.8 2.63656e-11
5.2 11 1.84074e-11
5.4 11 1.20116e-10
5.6 11 7.22575e-10
5.8 11 4.0142e-09
6 11 2.05939e-08
6.2 11 9.75649e-08
6.4 11 4.26831e-07
6.6 11 1.72432e-06
6.8 11 6.43234e-06
7 11 2.21567e-05
7.2 11 7.04721e-05
7.4 11 0.000206967
7.6 11 0.00056124
7.8 11 0.00140526
8 11 0.00324877
8.2 11 0.00693475
8.4 11 0.0136675
8.6 11 0.0248708
8.8 11 0.0417859
9 11 0.0648197
9.2 11 0.0928364
9.4 11 0.122762
9.6 11 0.149878
9.8 11 0.168944
10 11 0.175824
10.2 11 0.168944
10.4 11 0.149878
10.6 11 0.122762
10.8 11 0.0928364
11 11 0.0648197
11.2 11 0.0417859
11.4 11 0.0248708
11.6 11 0.0136675
11.8 11 0.00693475
12 11 0.00324877
12.2 11 0.00140526
12.4 11 0.00056124
12.6 11 0.000206967
12.8 11 7.04721e-05
13 11 2.21567e-05
13.2 11 6.43234e-06
13.4 11 1.72432e-06
13.6 11 4.26831e-07
13.8 11 9.75649e-08
14 11 2.05939e-08
14.2 11 4.0142e-09
14.4 11 7.22575e-10
14.6 11 1.20116e-10
14.8 11 1.84074e-11
5.2 11.2 1.18652e-11
5.4 11.2 7.74262e-11
5.6 11.2 4.65771e-10
5.8 11.2 2.58756e-09
6 11.2 1.3275e-08
6.2 11.2 6.28917e-08
6.4 11.2 2.75143e-07
6.6 11.2 1.11153e-06
6.8 11.2 4.14645e-06
7 11.2 1.42828e-05
7.2 11.2 4.54286e-05
7.4 11.2 0.000133418
7.6 11.2 0.000361796
7.8 11.2 0.000905885
8 11.2 0.00209429
8.2 11.2 0.00447044
8.4 11.2 0.00881068
8.6 11.2 0.0160329
8.8 11.2 0.0269372
9 11.2 0.0417859
9.2 11.2 0.0598469
9.4 11.2 0.0791383
9.6 11.2 0.096619
9.8 11.2 0.10891
10 11.2 0.113345
10.2 11.2 0.10891
10.4 11.2 0.096619
10.6 11.2 0.0791383
10.8 11.2 0.0598469
11 11.2 0.0417859
11.2 11.2 0.0269372
11.4 11.2 0.0160329
11.6 11.2 0.00881068
11.8 11.2 0.00447044
12 11.2 0.00209429
12.2 11.2 0.000905885
12.4 11.2 0.000361796
12.6 11.2 0.000133418
12.8 11.2 4.54286e-05
13 11.2 1.42828e-05
13.2 11.2 4.14645e-06
13.4 11.2 1.11153e-06
13.6 11.2 2.75143e-07
13.8 11.2 6.28917e-08
14 11.2 1.3275e-08
14.2 11.2 2.58756e-09
14.4 11.2 4.65771e-10
14.6 11.2 7.74262e-11
14.8 11.2 1.18652e-11
5.2 11.4 7.06133e-12
5.4 11.4 4.60789e-11
5.6 11.4 2.77199e-10
5.8 11.4 1.53998e-09
6 11.4 7.90064e-09
6.2 11.4 3.74304e-08
6.4 11.4 1.63754e-07
6.6 11.4 6.61546e-07
6.8 11.4 2.46784e-06
7 11.4 8.50077e-06
7.2 11.4 2.7038e-05
7.4 11.4 7.94077e-05
7.6 11.4 0.000215335
7.8 11.4 0.00053917
8 11.4 0.0012465
8.2 11.4 0.00266076
8.4 11.4 0.00524404
8.6 11.4 0.00954265
8.8 11.4 0.0160329
9 11.4 0.0248708
9.2 11.4 0.0356207
9.4 11.4 0.0471029
9.6 11.4 0.0575074
9.8 11.4 0.0648231
10 11.4 0.0674629
10.2 11.4 0.0648231
10.4 11.4 0.0575074
10.6 11.4 0.0471029
10.8 11.4 0.0356207
11 11.4 0.0248708
11.2 11.4 0.0160329
11.4 11.4 0.00954265
11.6 11.4 0.00524404
11.8 11.4 0.00266076
12 11.4 0.0012465
12.2 11.4 0.00053917
12.4 11.4 0.000215335
12.6 11.4 7.94077e-05
12.8 11.4 2.7038e-05
13 11.4 8.50077e-06
13.2 11.4 2.46784e-06
13.4 11.4 6.61546e-07
13.6 11.4 1.63754e-07
13.8 11.4 3.74304e-08
14 11.4 7.90064e-09
14.2 11.4 1.53998e-09
14.4 11.4 2.77199e-10
14.6 11.4 4.60789e-11
14.8 11.4 7.06133e-12
5.2 11.6 3.87997e-12
5.4 11.6 2.53191e-11
5.6 11.6 1.52315e-10
5.8 11.6 8.46198e-10
6 11.6 4.34134e-09
6.2 11.6 2.05679e-08
6.4 11.6 8.99836e-08
6.6 11.6 3.63525e-07
6.8 11.6 1.35611e-06
7 11.6 4.67131e-06
7.2 11.6 1.48579e-05
7.4 11.6 4.36364e-05
7.6 11.6 0.000118332
7.8 11.6 0.000296289
8 11.6 0.000684988
8.2 11.6 0.00146218
8.4 11.6 0.00288179
8.6 11.6 0.00524404
8.8 11.6 0.00881068
9 11.6 0.0136675
9.2 11.6 0.019575
9.4 11.6 0.025885
9.6 11.6 0.0316027
9.8 11.6 0.035623
10 11.6 0.0370737
10.2 11.6 0.035623
10.4 11.6 0.0316027
10.6 11.6 0.025885
10.8 11.6 0.019575
11 11.6 0.0136675
11.2 11.6 0.00881068
11.4 11.6 0.00524404
11.6 11.6 0.00288179
11.8 11.6 0.00146218
12 11.6 0.000684988
12.2 11.6 0.000296289
12.4 11.6 0.000118332
12.6 11.6 4.36364e-05
12.8 11.6 1.48579e-05
13 11.6 4.67131e-06
13.2 11.6 1.35611e-06
13.4 11.6 3.63525e-07
13.6 11.6 8.99836e-08
13.8 11.6 2.05679e-08
14 11.6 4.34134e-09
14.2 11.6 8.46198e-10
14.4 11.6 1.52315e-10
14.6 11.6 2.53191e-11
14.8 11.6 3.87997e-12
5.2 11.8 1.96836e-12
5.4 11.8 1.28449e-11
5.6 11.8 7.72736e-11
5.8 11.8 4.29304e-10
6 11.8 2.20253e-09
6.2 11.8 1.0435e-08
6.4 11.8 4.56532e-08
6.6 11.8 1.84436e-07
6.8 11.8 6.88036e-07
7 11.8 2.37006e-06
7.2 11.8 7.53845e-06
7.4 11.8 2.21399e-05
7.6 11.8 6.00388e-05
7.8 11.8 0.000150331
8 11.8 0.00034755
8.2 11.8 0.000741884
8.4 11.8 0.00146218
8.6 11.8 0.00266076
8.8 11.8 0.00447044
9 11.8 0.00693475
9.2 11.8 0.00993219
9.4 11.8 0.0131338
9.6 11.8 0.016035
9.8 11.8 0.0180749
10 11.8 0.0188109
10.2 11.8 0.0180749
10.4 11.8 0.016035
10.6 11.8 0.0131338
10.8 11.8 0.00993219
11 11.8 0.00693475
11.2 11.8 0.00447044
11.4 11.8 0.00266076
11.6 11.8 0.00146218
11.8 11.8 0.000741884
12 11.8 0.00034755
12.2 11.8 0.000150331
12.4 11.8 6.00388e-05
12.6 11.8 2.21399e-05
12.8 11.8 7.53845e-06
13 11.8 2.37006e-06
13.2 11.8 6.88036e-07
13.4 11.8 1.84436e-07
13.6 11.8 4.56532e-08
13.8 11.8 1.0435e-08
14 11.8 2.20253e-09
14.2 11.8 4.29304e-10
14.4 11.8 7.72736e-11
14.6 11.8 1.28449e-11
14.8 11.8 1.96836e-12
5.2 12 9.21975e-13
5.4 12 6.01657e-12
5.6 12 3.61957e-11
5.8 12 2.01093e-10
6 12 1.03172e-09
6.2 12 4.88809e-09
6.4 12 2.13856e-08
6.6 12 8.63975e-08
6.8 12 3.22308e-07
7 12 1.11025e-06
7.2 12 3.53142e-06
7.4 12 1.03716e-05
7.6 12 2.81259e-05
7.8 12 7.04246e-05
8 12 0.000162816
8.2 12 0.00034755
8.4 12 0.000684988
8.6 12 0.0012465
8.8 12 0.00209429
9 12 0.00324877
9.2 12 0.00465301
9.4 12 0.00615292
9.6 12 0.00751205
9.8 12 0.0084677
10 12 0.00881254
10.2 12 0.0084677
10.4 12 0.00751205
10.6 12 0.00615292
10.8 12 0.00465301
11 12 0.00324877
11.2 12 0.00209429
11.4 12 0.0012465
11.6 12 0.000684988
11.8 12 0.00034755
12 12 0.000162816
12.2 12 7.04246e-05
12.4 12 2.81259e-05
12.6 12 1.03716e-05
12.8 12 3.53142e-06
13 12 1.11025e-06
13.2 12 3.22308e-07
13.4 12 8.63975e-08
13.6 12 2.13856e-08
13.8 12 4.88809e-09
14 12 1.03172e-09
14.2 12 2.01093e-10
14.4 12 3.61957e-11
14.6 12 6.01657e-12
14.8 12 9.21975e-13
5.2 12.2 3.98726e-13
5.4 12.2 2.60202e-12
5.6 12.2 1.5654e-11
5.8 12.2 8.69709e-11
6 12.2 4.46215e-10
6.2 12.2 2.11411e-09
6.4 12.2 9.24947e-09
6.6 12.2 3.73682e-08
6.8 12.2 1.39404e-07
7 12.2 4.80212e-07
7.2 12.2 1.52744e-06
7.4 12.2 4.48605e-06
7.6 12.2 1.21655e-05
7.8 12.2 3.04614e-05
8 12.2 7.04246e-05
8.2 12.2 0.000150331
8.4 12.2 0.000296289
8.6 12.2 0.00053917
8.8 12.2 0.000905885
9 12.2 0.00140526
9.2 12.2 0.00201267
9.4 12.2 0.00266147
9.6 12.2 0.00324937
9.8 12.2 0.00366274
10 12.2 0.00381191
10.2 12.2 0.00366274
10.4 12.2 0.00324937
10.6 12.2 0.00266147
10.8 12.2 0.00201267
11 12.2 0.00140526
11.2 12.2 0.000905885
11.4 12.2 0.00053917
11.6 12.2 0.000296289
11.8 12.2 0.000150331
12 12.2 7.04246e-05
12.2 12.2 3.04614e-05
12.4 12.2 1.21655e-05
12.6 12.2 4.48605e-06
12.8 12.2 1.52744e-06
13 12.2 4.80212e-07
13.2 12.2 1.39404e-07
13.4 12.2 3.73682e-08
13.6 12.2 9.24947e-09
13.8 12.2 2.11411e-09
14 12.2 4.46215e-10
14.2 12.2 8.69709e-11
14.4 12.2 1.5654e-11
14.6 12.2 2.60202e-12
14.8 12.2 3.98726e-13
5.2 12.4 1.59211e-13
5.4 12.4 1.039e-12
5.6 12.4 6.25089e-12
5.8 12.4 3.47295e-11
6 12.4 1.78187e-10
6.2 12.4 8.44242e-10
6.4 12.4 3.6937e-09
6.6 12.4 1.49229e-08
6.8 12.4 5.56715e-08
7 12.4 1.91776e-07
7.2 12.4 6.10001e-07
7.4 12.4 1.79158e-06
7.6 12.4 4.85851e-06
7.8 12.4 1.21655e-05
8 12.4 2.81259e-05
8.2 12.4 6.00388e-05
8.4 12.4 0.000118332
8.6 12.4 0.000215335
8.8 12.4 0.000361796
9 12.4 0.00056124
9.2 12.4 0.000803835
9.4 12.4 0.00106296
9.6 12.4 0.00129776
9.8 12.4 0.00146286
10 12.4 0.00152243
10.2 12.4 0.00146286
10.4 12.4 0.00129776
10.6 12.4 0.00106296
10.8 12.4 0.000803835
11 12.4 0.00056124
11.2 12.4 0.000361796
11.4 12.4 0.000215335
11.6 12.4 0.000118332
11.8 12.4 6.00388e-05
12 12.4 2.81259e-05
12.2 12.4 1.21655e-05
12.4 12.4 4.85851e-06
12.6 12.4 1.79158e-06
12.8 12.4 6.10001e-07
13 12.4 1.91776e-07
13.2 12.4 5.56715e-08
13.4 12.4 1.49229e-08
13.6 12.4 3.6937e-09
13.8 12.4 8.44242e-10
14 12.4 1.78187e-10
14.2 12.4 3.47295e-11
14.4 12.4 6.25089e-12
14.6 12.4 1.039e-12
14.8 12.4 1.59211e-13
5.2 12.6 5.8698e-14
5.4 12.6 3.83066e-13
5.6 12.6 2.30467e-12
5.8 12.6 1.28048e-11
6 12.6 6.56992e-11
6.2 12.6 3.11286e-10
6.4 12.6 1.36195e-09
6.6 12.6 5.50249e-09
6.8 12.6 2.0528e-08
7 12.6 7.07152e-08
7.2 12.6 2.24934e-07
7.4 12.6 6.60638e-07
7.6 12.6 1.79158e-06
7.8 12.6 4.48605e-06
8 12.6 1.03716e-05
8.2 12.6 2.21399e-05
8.4 12.6 4.36364e-05
8.6 12.6 7.94077e-05
8.8 12.6 0.000133418
9 12.6 0.000206967
9.2 12.6 0.000296429
9.4 12.6 0.000391986
9.6 12.6 0.000478575
9.8 12.6 0.000539458
10 12.6 0.000561428
10.2 12.6 0.000539458
10.4 12.6 0.000478575
10.6 12.6 0.000391986
10.8 12.6 0.000296429
11 12.6 0.000206967
11.2 12.6 0.000133418
11.4 12.6 7.94077e-05
11.6 12.6 4.36364e-05
11.8 12.6 2.21399e-05
12 12.6 1.03716e-05
12.2 12.6 4.48605e-06
12.4 12.6 1.79158e-06
12.6 12.6 6.60638e-07
12.8 12.6 2.24934e-07
13 12.6 7.07152e-08
13.2 12.6 2.0528e-08
13.4 12.6 5.50249e-09
13.6 12.6 1.36195e-09
13.8 12.6 3.11286e-10
14 12.6 6.56992e-11
14.2 12.6 1.28048e-11
14.4 12.6 2.30467e-12
14.6 12.6 3.83066e-13
14.8 12.6 5.8698e-14
5.2 12.8 1.99815e-14
5.4 12.8 1.30402e-13
5.6 12.8 7.84569e-13
5.8 12.8 4.3592e-12
6 12.8 2.23667e-11
6.2 12.8 1.05977e-10
6.4 12.8 4.63682e-10
6.6 12.8 1.87338e-09
6.8 12.8 6.98906e-09
7 12.8 2.40764e-08
7.2 12.8 7.65842e-08
7.4 12.8 2.24934e-07
7.6 12.8 6.10001e-07
7.8 12.8 1.52744e-06
8 12.8 3.53142e-06
8.2 12.8 7.53845e-06
8.4 12.8 1.48579e-05
8.6 12.8 2.7038e-05
8.8 12.8 4.54286e-05
9 12.8 7.04721e-05
9.2 12.8 0.000100934
9.4 12.8 0.000133472
9.6 12.8 0.000162956
9.8 12.8 0.000183687
10 12.8 0.000191168
10.2 12.8 0.000183687
10.4 12.8 0.000162956
10.6 12.8 0.000133472
10.8 12.8 0.000100934
11 12.8 7.04721e-05
11.2 12.8 4.54286e-05
11.4 12.8 2.7038e-05
11.6 12.8 1.48579e-05
11.8 12.8 7.53845e-06
12 12.8 3.53142e-06
12.2 12.8 1.52744e-06
12.4 12.8 6.10001e-07
12.6 12.8 2.24934e-07
12.8 12.8 7.65842e-08
13 12.8 2.40764e-08
13.2 12.8 6.98906e-09
13.4 12.8 1.87338e-09
13.6 12.8 4.63682e-10
13.8 12.8 1.05977e-10
14 12.8 2.23667e-11
14.2 12.8 4.3592e-12
14.4 12.8 7.84569e-13
14.6 12.8 1.30402e-13
14.8 12.8 1.99815e-14
5.2 13 6.28045e-15
5.4 13 4.09882e-14
5.6 13 2.46613e-13
5.8 13 1.37026e-12
6 13 7.03086e-12
6.2 13 3.33139e-11
6.4 13 1.45762e-10
6.6 13 5.88922e-10
6.8 13 2.19714e-09
7 13 7.56901e-09
7.2 13 2.40764e-08
7.4 13 7.07152e-08
7.6 13 1.91776e-07
7.8 13 4.80212e-07
8 13 1.11025e-06
8.2 13 2.37006e-06
8.4 13 4.67131e-06
8.6 13 8.50077e-06
8.8 13 1.42828e-05
9 13 2.21567e-05
9.2 13 3.17342e-05
9.4 13 4.19643e-05
9.6 13 5.12344e-05
9.8 13 5.77525e-05
10 13 6.01045e-05
10.2 13 5.77525e-05
10.4 13 5.12344e-05
10.6 13 4.19643e-05
10.8 13 3.17342e-05
11 13 2.21567e-05
11.2 13 1.42828e-05
11.4 13 8.50077e-06
11.6 13 4.67131e-06
11.8 13 2.37006e-06
12 13 1.11025e-06
12.2 13 4.80212e-07
12.4 13 1.91776e-07
12.6 13 7.07152e-08
12.8 13 2.40764e-08
13 13 7.56901e-09
13.2 13 2.19714e-09
13.4 13 5.88922e-10
13.6 13 1.45762e-10
13.8 13 3.33139e-11
14 13 7.03086e-12
14.2 13 1.37026e-12
14.4 13 2.46613e-13
14.6 13 4.09882e-14
14.8 13 6.28045e-15
5.2 13.2 1.82272e-15
5.4 13.2 1.18959e-14
5.6 13.2 7.1576e-14
5.8 13.2 3.9771e-13
6 13.2 2.04072e-12
6.2 13.2 9.66965e-12
6.4 13.2 4.23097e-11
6.6 13.2 1.70947e-10
6.8 13.2 6.3778e-10
7 13.2 2.19714e-09
7.2 13.2 6.98906e-09
7.4 13.2 2.0528e-08
7.6 13.2 5.56715e-08
7.8 13.2 1.39404e-07
8 13.2 3.22308e-07
8.2 13.2 6.88036e-07
8.4 13.2 1.35611e-06
8.6 13.2 2.46784e-06
8.8 13.2 4.14645e-06
9 13.2 6.43234e-06
9.2 13.2 9.21284e-06
9.4 13.2 1.21828e-05
9.6 13.2 1.48741e-05
9.8 13.2 1.67664e-05
10 13.2 1.74492e-05
10.2 13.2 1.67664e-05
10.4 13.2 1.48741e-05
10.6 13.2 1.21828e-05
10.8 13.2 9.21284e-06
11 13.2 6.43234e-06
11.2 13.2 4.14645e-06
11.4 13.2 2.46784e-06
11.6 13.2 1.35611e-06
11.8 13.2 6.88036e-07
12 13.2 3.22308e-07
12.2 13.2 1.39404e-07
12.4 13.2 5.56715e-08
12.6 13.2 2.0528e-08
12.8 13.2 6.98906e-09
13 13.2 2.19714e-09
13.2 13.2 6.3778e-10
13.4 13.2 1.70947e-10
13.6 13.2 4.23097e-11
13.8 13.2 9.66965e-12
14 13.2 2.04072e-12
14.2 13.2 3.9771e-13
14.4 13.2 7.1576e-14
14.6 13.2 1.18959e-14
14.8 13.2 1.82272e-15
5.2 13.4 4.88451e-16
5.4 13.4 3.18793e-15
5.6 13.4 1.9182e-14
5.8 13.4 1.06587e-13
6 13.4 5.46933e-13
6.2 13.4 2.59163e-12
6.4 13.4 1.134e-11
6.6 13.4 4.58189e-11
6.8 13.4 1.70947e-10
7 13.4 5.88922e-10
7.2 13.4 1.87338e-09
7.4 13.4 5.50249e-09
7.6 13.4 1.49229e-08
7.8 13.4 3.73682e-08
8 13.4 8.63975e-08
8.2 13.4 1.84436e-07
8.4 13.4 3.63525e-07
8.6 13.4 6.61546e-07
8.8 13.4 1.11153e-06
9 13.4 1.72432e-06
9.2 13.4 2.4697e-06
9.4 13.4 3.26587e-06
9.6 13.4 3.98733e-06
9.8 13.4 4.49462e-06
10 13.4 4.67767e-06
10.2 13.4 4.49462e-06
10.4 13.4 3.98733e-06
10.6 13.4 3.26587e-06
10.8 13.4 2.4697e-06
11 13.4 1.72432e-06
11.2 13.4 1.11153e-06
11.4 13.4 6.61546e-07
11.6 13.4 3.63525e-07
11.8 13.4 1.84436e-07
12 13.4 8.63975e-08
12.2 13.4 3.73682e-08
12.4 13.4 1.49229e-08
12.6 13.4 5.50249e-09
12.8 13.4 1.87338e-09
13 13.4 5.88922e-10
13.2 13.4 1.70947e-10
13.4 13.4 4.58189e-11
13.6 13.4 1.134e-11
13.8 13.4 2.59163e-12
14 13.4 5.46933e-13
14.2 13.4 1.06587e-13
14.4 13.4 1.9182e-14
14.6 13.4 3.18793e-15
14.8 13.4 4.88451e-16
5.2 13.6 1.20865e-16
5.4 13.6 7.8886e-16
5.6 13.6 4.74678e-15
5.8 13.6 2.6377e-14
6 13.6 1.35353e-13
6.2 13.6 6.41385e-13
6.4 13.6 2.80653e-12
6.6 13.6 1.134e-11
6.8 13.6 4.23097e-11
7 13.6 1.45762e-10
7.2 13.6 4.63682e-10
7.4 13.6 1.36195e-09
7.6 13.6 3.6937e-09
7.8 13.6 9.24947e-09
8 13.6 2.13856e-08
8.2 13.6 4.56532e-08
8.4 13.6 8.99836e-08
8.6 13.6 1.63754e-07
8.8 13.6 2.75143e-07
9 13.6 4.26831e-07
9.2 13.6 6.11343e-07
9.4 13.6 8.08429e-07
9.6 13.6 9.87022e-07
9.8 13.6 1.1126e-06
10 13.6 1.15791e-06
10.2 13.6 1.1126e-06
10.4 13.6 9.87022e-07
10.6 13.6 8.08429e-07
10.8 13.6 6.11343e-07
11 13.6 4.26831e-07
11.2 13.6 2.75143e-07
11.4 13.6 1.63754e-07
11.6 13.6 8.99836e-08
11.8 13.6 4.56532e-08
12 13.6 2.13856e-08
12.2 13.6 9.24947e-09
12.4 13.6 3.6937e-09
12.6 13.6 1.36195e-09
12.8 13.6 4.63682e-10
13 13.6 1.45762e-10
13.2 13.6 4.23097e-11
13.4 13.6 1.134e-11
13.6 13.6 2.80653e-12
13.8 13.6 6.41385e-13
14 13.6 1.35353e-13
14.2 13.6 2.6377e-14
14.4 13.6 4.74678e-15
14.6 13.6 7.8886e-16
14.8 13.6 1.20865e-16
5.2 13.8 2.76163e-17
5.4 13.8 1.80251e-16
5.6 13.8 1.08466e-15
5.8 13.8 6.02747e-15
6 13.8 3.09308e-14
6.2 13.8 1.46574e-13
6.4 13.8 6.41385e-13
6.6 13.8 2.59163e-12
6.8 13.8 9.66965e-12
7 13.8 3.33139e-11
7.2 13.8 1.05977e-10
7.4 13.8 3.11286e-10
7.6 13.8 8.44242e-10
7.8 13.8 2.11411e-09
8 13.8 4.88809e-09
8.2 13.8 1.0435e-08
8.4 13.8 2.05679e-08
8.6 13.8 3.74304e-08
8.8 13.8 6.28917e-08
9 13.8 9.75649e-08
9.2 13.8 1.39741e-07
9.4 13.8 1.84792e-07
9.6 13.8 2.25616e-07
9.8 13.8 2.54321e-07
10 13.8 2.64679e-07
10.2 13.8 2.54321e-07
10.4 13.8 2.25616e-07
10.6 13.8 1.84792e-07
10.8 13.8 1.39741e-07
11 13.8 9.75649e-08
11.2 13.8 6.28917e-08
11.4 13.8 3.74304e-08
11.6 13.8 2.05679e-08
11.8 13.8 1.0435e-08
12 13.8 4.88809e-09
12.2 13.8 2.11411e-09
12.4 13.8 8.44242e-10
12.6 13.8 3.11286e-10
12.8 13.8 1.05977e-10
13 13.8 3.33139e-11
13.2 13.8 9.66965e-12
13.4 13.8 2.59163e-12
13.6 13.8 6.41385e-13
13.8 13.8 1.46574e-13
14 13.8 3.09308e-14
14.2 13.8 6.02747e-15
14.4 13.8 1.08466e-15
14.6 13.8 1.80251e-16
14.8 13.8 2.76163e-17
5.2 14 5.82671e-18
5.4 14 3.8032e-17
5.6 14 2.28867e-16
5.8 14 1.27186e-15
6 14 6.527e-15
6.2 14 3.09308e-14
6.4 14 1.35353e-13
6.6 14 5.46933e-13
6.8 14 2.04072e-12
7 14 7.03086e-12
7.2 14 2.23667e-11
7.4 14 6.56992e-11
7.6 14 1.78187e-10
7.8 14 4.46215e-10
8 14 1.03172e-09
8.2 14 2.20253e-09
8.4 14 4.34134e-09
8.6 14 7.90064e-09
8.8 14 1.3275e-08
9 14 2.05939e-08
9.2 14 2.94966e-08
9.4 14 3.90061e-08
9.6 14 4.76234e-08
9.8 14 5.36825e-08
10 14 5.5869e-08
10.2 14 5.36825e-08
10.4 14 4.76234e-08
10.6 14 3.90061e-08
10.8 14 2.94966e-08
11 14 2.05939e-08
11.2 14 1.3275e-08
11.4 14 7.90064e-09
11.6 14 4.34134e-09
11.8 14 2.20253e-09
12 14 1.03172e-09
12.2 14 4.46215e-10
12.4 14 1.78187e-10
12.6 14 6.56992e-11
12.8 14 2.23667e-11
13 14 7.03086e-12
13.2 14 2.04072e-12
13.4 14 5.46933e-13
13.6 14 1.35353e-13
13.8 14 3.09308e-14
14 14 6.527e-15
14.2 14 1.27186e-15
14.4 14 2.28867e-16
14.6 14 3.8032e-17
14.8 14 5.82671e-18
5.2 14.2 1.13523e-18
5.4 14.2 7.41008e-18
5.6 14.2 4.45939e-17
5.8 14.2 2.47829e-16
6 14.2 1.27186e-15
6.2 14.2 6.02747e-15
6.4 14.2 2.6377e-14
6.6 14.2 1.06587e-13
6.8 14.2 3.9771e-13
7 14.2 1.37026e-12
7.2 14.2 4.3592e-12
7.4 14.2 1.28048e-11
7.6 14.2 3.47295e-11
7.8 14.2 8.69709e-11
8 14.2 2.01093e-10
8.2 14.2 4.29304e-10
8.4 14.2 8.46198e-10
8.6 14.2 1.53998e-09
8.8 14.2 2.58756e-09
9 14.2 4.0142e-09
9.2 14.2 5.74956e-09
9.4 14.2 7.60322e-09
9.6 14.2 9.28296e-09
9.8 14.2 1.04641e-08
10 14.2 1.08903e-08
10.2 14.2 1.04641e-08
10.4 14.2 9.28296e-09
10.6 14.2 7.60322e-09
10.8 14.2 5.74956e-09
11 14.2 4.0142e-09
11.2 14.2 2.58756e-09
11.4 14.2 1.53998e-09
11.6 14.2 8.46198e-10
11.8 14.2 4.29304e-10
12 14.2 2.01093e-10
12.2 14.2 8.69709e-11
12.4 14.2 3.47295e-11
12.6 14.2 1.28048e-11
12.8 14.2 4.3592e-12
13 14.2 1.37026e-12
13.2 14.2 3.9771e-13
13.4 14.2 1.06587e-13
13.6 14.2 2.6377e-14
13.8 14.2 6.02747e-15
14 14.2 1.27186e-15
14.2 14.2 2.47829e-16
14.4 14.2 4.45939e-17
14.6 14.2 7.41008e-18
14.8 14.2 1.13523e-18
5.2 14.4 2.04245e-19
5.4 14.4 1.33324e-18
5.6 14.4 8.02381e-18
5.8 14.4 4.45939e-17
6 14.4 2.28867e-16
6.2 14.4 1.08466e-15
6.4 14.4 4.74678e-15
6.6 14.4 1.9182e-14
6.8 14.4 7.1576e-14
7 14.4 2.46613e-13
7.2 14.4 7.84569e-13
7.4 14.4 2.30467e-12
7.6 14.4 6.25089e-12
7.8 14.4 1.5654e-11
8 14.4 3.61957e-11
8.2 14.4 7.72736e-11
8.4 14.4 1.52315e-10
8.6 14.4 2.77199e-10
8.8 14.4 4.65771e-10
9 14.4 7.22575e-10
9.2 14.4 1.03496e-09
9.4 14.4 1.36864e-09
9.6 14.4 1.67101e-09
9.8 14.4 1.88362e-09
10 14.4 1.96034e-09
10.2 14.4 1.88362e-09
10.4 14.4 1.67101e-09
10.6 14.4 1.36864e-09
10.8 14.4 1.03496e-09
11 14.4 7.22575e-10
11.2 14.4 4.65771e-10
11.4 14.4 2.77199e-10
11.6 14.4 1.52315e-10
11.8 14.4 7.72736e-11
12 14.4 3.61957e-11
12.2 14.4 1.5654e-11
12.4 14.4 6.25089e-12
12.6 14.4 2.30467e-12
12.8 14.4 7.84569e-13
13 14.4 2.46613e-13
13.2 14.4 7.1576e-14
13.4 14.4 1.9182e-14
13.6 14.4 4.74678e-15
13.8 14.4 1.08466e-15
14 14.4 2.28867e-16
14.2 14.4 4.45939e-17
14.4 14.4 8.02381e-18
14.6 14.4 1.33324e-18
14.8 14.4 2.04245e-19
5.2 14.6 3.39342e-20
5.4 14.6 2.21519e-19
5.6 14.6 1.33324e-18
5.8 14.6 7.41008e-18
6 14.6 3.8032e-17
6.2 14.6 1.80251e-16
6.4 14.6 7.8886e-16
6.6 14.6 3.18793e-15
6.8 14.6 1.18959e-14
7 14.6 4.09882e-14
7.2 14.6 1.30402e-13
7.4 14.6 3.83066e-13
7.6 14.6 1.039e-12
7.8 14.6 2.60202e-12
8 14.6 6.01657e-12
8.2 14.6 1.28449e-11
8.4 14.6 2.53191e-11
8.6 14.6 4.60789e-11
8.8 14.6 7.74262e-11
9 14.6 1.20116e-10
9.2 14.6 1.72046e-10
9.4 14.6 2.27516e-10
9.6 14.6 2.77783e-10
9.8 14.6 3.13127e-10
10 14.6 3.25881e-10
10.2 14.6 3.13127e-10
10.4 14.6 2.77783e-10
10.6 14.6 2.27516e-10
10.8 14.6 1.72046e-10
11 14.6 1.20116e-10
11.2 14.6 7.74262e-11
11.4 14.6 4.60789e-11
11.6 14.6 2.53191e-11
11.8 14.6 1.28449e-11
12 14.6 6.01657e-12
12.2 14.6 2.60202e-12
12.4 14.6 1.039e-12
12.6 14.6 3.83066e-13
12.8 14.6 1.30402e-13
13 14.6 4.09882e-14
13.2 14.6 1.18959e-14
13.4 14.6 3.18793e-15
13.6 14.6 7.8886e-16
13.8 14.6 1.80251e-16
14 14.6 3.8032e-17
14.2 14.6 7.41008e-18
14.4 14.6 1.33324e-18
14.6 14.6 2.21519e-19
14.8 14.6 3.39342e-20
5.2 14.8 5.19819e-21
5.4 14.8 3.39342e-20
5.6 14.8 2.04245e-19
5.8 14.8 1.13523e-18
6 14.8 5.82671e-18
6.2 14.8 2.76163e-17
6.4 14.8 1.20865e-16
6.6 14.8 4.88451e-16
6.8 14.8 1.82272e-15
7 14.8 6.28045e-15
7.2 14.8 1.99815e-14
7.4 14.8 5.8698e-14
7.6 14.8 1.59211e-13
7.8 14.8 3.98726e-13
8 14.8 9.21975e-13
8.2 14.8 1.96836e-12
8.4 14.8 3.87997e-12
8.6 14.8 7.06133e-12
8.8 14.8 1.18652e-11
9 14.8 1.84074e-11
9.2 14.8 2.63656e-11
9.4 14.8 3.48664e-11
9.6 14.8 4.25697e-11
9.8 14.8 4.79863e-11
10 14.8 4.99409e-11
10.2 14.8 4.79863e-11
10.4 14.8 4.25697e-11
10.6 14.8 3.48664e-11
10.8 14.8 2.63656e-11
11 14.8 1.84074e-11
11.2 14.8 1.18652e-11
11.4 14.8 7.06133e-12
11.6 14.8 3.87997e-12
11.8 14.8 1.96836e-12
12 14.8 9.21975e-13
12.2 14.8 3.98726e-13
12.4 14.8 1.59211e-13
12.6 14.8 5.8698e-14
12.8 14.8 1.99815e-14
13 14.8 6.28045e-15
13.2 14.8 1.82272e-15
13.4 14.8 4.88451e-16
13.6 14.8 1.20865e-16
13.8 14.8 2.76163e-17
14 14.8 5.82671e-18
14.2 14.8 1.13523e-18
14.4 14.8 2.04245e-19
14.6 14.8 3.39342e-20
14.8 14.8 5.19819e-21

