5.2 5.2 6.17344e-21
5.4 5.2 4.0327e-20
5.6 5.2 2.42928e-19
5.8 5.2 1.3513e-18
6 5.2 6.94077e-18
6.2 5.2 3.29186e-17
6.4 5.2 1.4416e-16
6.6 5.2 5.82928e-16
6.8 5.2 2.17641e-15
7 5.2 7.50276e-15
7.2 5.2 2.38807e-14
7.4 5.2 7.01806e-14
7.6 5.2 1.90425e-13
7.8 5.2 4.77053e-13
8 5.2 1.10341e-12
8.2 5.2 2.35634e-12
8.4 5.2 4.64579e-12
8.6 5.2 8.45676e-12
8.8 5.2 1.42124e-11
9 5.2 2.20519e-11
9.2 5.2 3.15894e-11
9.4 5.2 4.17782e-11
9.6 5.2 5.10118e-11
9.8 5.2 5.75048e-11
10 5.2 5.98478e-11
10.2 5.2 5.75048e-11
10.4 5.2 5.10118e-11
10.6 5.2 4.17782e-11
10.8 5.2 3.15894e-11
11 5.2 2.20519e-11
11.2 5.2 1.42124e-11
11.4 5.2 8.45676e-12
11.6 5.2 4.64579e-12
11.8 5.2 2.35634e-12
12 5.2 1.10341e-12
12.2 5.2 4.77053e-13
12.4 5.2 1.90425e-13
12.6 5.2 7.01806e-14
12.8 5.2 2.38807e-14
13 5.2 7.50276e-15
13.2 5.2 2.17641e-15
13.4 5.2 5.82928e-16
13.6 5.2 1.4416e-16
13.8 5.2 3.29186e-17
14 5.2 6.94077e-18
14.2 5.2 1.3513e-18
14.4 5.2 2.42928e-19
14.6 5.2 4.0327e-20
14.8 5.2 6.17344e-21
5.2 5.4 4.0327e-20
5.4 5.4 2.63424e-19
5.6 5.4 1.5868e-18
5.8 5.4 8.82636e-18
6 5.4 4.53343e-17
6.2 5.4 2.15005e-16
6.4 5.4 9.4155e-16
6.6 5.4 3.80717e-15
6.8 5.4 1.42141e-14
7 5.4 4.89995e-14
7.2 5.4 1.55959e-13
7.4 5.4 4.58325e-13
7.6 5.4 1.24358e-12
7.8 5.4 3.11538e-12
8 5.4 7.20573e-12
8.2 5.4 1.53877e-11
8.4 5.4 3.03383e-11
8.6 5.4 5.52245e-11
8.8 5.4 9.28094e-11
9 5.4 1.44002e-10
9.2 5.4 2.06282e-10
9.4 5.4 2.72815e-10
9.6 5.4 3.33111e-10
9.8 5.4 3.7551e-10
10 5.4 3.9081e-10
10.2 5.4 3.7551e-10
10.4 5.4 3.33111e-10
10.6 5.4 2.72815e-10
10.8 5.4 2.06282e-10
11 5.4 1.44002e-10
11.2 5.4 9.28094e-11
11.4 5.4 5.52245e-11
11.6 5.4 3.03383e-11
11.8 5.4 1.53877e-11
12 5.4 7.20573e-12
12.2 5.4 3.11538e-12
12.4 5.4 1.24358e-12
12.6 5.4 4.58325e-13
12.8 5.4 1.55959e-13
13 5.4 4.89995e-14
13.2 5.4 1.42141e-14
13.4 5.4 3.80717e-15
13.6 5.4 9.4155e-16
13.8 5.4 2.15005e-16
14 5.4 4.53343e-17
14.2 5.4 8.82636e-18
14.4 5.4 1.5868e-18
14.6 5.4 2.63424e-19
14.8 5.4 4.0327e-20
5.2 5.6 2.42928e-19
5.4 5.6 1.5868e-18
5.6 5.6 9.55807e-18
5.8 5.6 5.31634e-17
6 5.6 2.7305e-16
6.2 5.6 1.29494e-15
6.4 5.6 5.67061e-15
6.6 5.6 2.29285e-14
6.8 5.6 8.56016e-14
7 5.6 2.95082e-13
7.2 5.6 9.39187e-13
7.4 5.6 2.75998e-12
7.6 5.6 7.48857e-12
7.8 5.6 1.87598e-11
8 5.6 4.33898e-11
8.2 5.6 9.26566e-11
8.4 5.6 1.8268e-10
8.6 5.6 3.32526e-10
8.8 5.6 5.58833e-10
9 5.6 8.67074e-10
9.2 5.6 1.24207e-09
9.4 5.6 1.64267e-09
9.6 5.6 2.00572e-09
9.8 5.6 2.261e-09
10 5.6 2.35313e-09
10.2 5.6 2.261e-09
10.4 5.6 2.00572e-09
10.6 5.6 1.64267e-09
10.8 5.6 1.24207e-09
11 5.6 8.67074e-10
11.2 5.6 5.58833e-10
11.4 5.6 3.32526e-10
11.6 5.6 1.8268e-10
11.8 5.6 9.26566e-11
12 5.6 4.33898e-11
12.2 5.6 1.87598e-11
12.4 5.6 7.48857e-12
12.6 5.6 2.75998e-12
12.8 5.6 9.39187e-13
13 5.6 2.95082e-13
13.2 5.6 8.56016e-14
13.4 5.6 2.29285e-14
13.6 5.6 5.67061e-15
13.8 5.6 1.29494e-15
14 5.6 2.7305e-16
14.2 5.6 5.31634e-17
14.4 5.6 9.55807e-18
14.6 5.6 1.5868e-18
14.8 5.6 2.42928e-19
5.2 5.8 1.3513e-18
5.4 5.8 8.82636e-18
5.6 5.8 5.31634e-17
5.8 5.8 2.95692e-16
6 5.8 1.51863e-15
6.2 5.8 7.2019e-15
6.4 5.8 3.15366e-14
6.6 5.8 1.27511e-13
6.8 5.8 4.76041e-13
7 5.8 1.64095e-12
7.2 5.8 5.22269e-12
7.4 5.8 1.53476e-11
7.6 5.8 4.16414e-11
7.8 5.8 1.04315e-10
8 5.8 2.41269e-10
8.2 5.8 5.1521e-10
8.4 5.8 1.01577e-09
8.6 5.8 1.84895e-09
8.8 5.8 3.10726e-09
9 5.8 4.82113e-09
9.2 5.8 6.90615e-09
9.4 5.8 9.13354e-09
9.6 5.8 1.11521e-08
9.8 5.8 1.25715e-08
10 5.8 1.30837e-08
10.2 5.8 1.25715e-08
10.4 5.8 1.11521e-08
10.6 5.8 9.13354e-09
10.8 5.8 6.90615e-09
11 5.8 4.82113e-09
11.2 5.8 3.10726e-09
11.4 5.8 1.84895e-09
11.6 5.8 1.01577e-09
11.8 5.8 5.1521e-10
12 5.8 2.41269e-10
12.2 5.8 1.04315e-10
12.4 5.8 4.16414e-11
12.6 5.8 1.53476e-11
12.8 5.8 5.22269e-12
13 5.8 1.64095e-12
13.2 5.8 4.76041e-13
13.4 5.8 1.27511e-13
13.6 5.8 3.15366e-14
13.8 5.8 7.2019e-15
14 5.8 1.51863e-15
14.2 5.8 2.95692e-16
14.4 5.8 5.31634e-17
14.6 5.8 8.82636e-18
14.8 5.8 1.3513e-18
5.2 6 6.94077e-18
5.4 6 4.53343e-17
5.6 6 2.7305e-16
5.8 6 1.51863e-15
6 6 7.79925e-15
6.2 6 3.69857e-14
6.4 6 1.61953e-13
6.6 6 6.54806e-13
6.8 6 2.44454e-12
7 6 8.42634e-12
7.2 6 2.68183e-11
7.4 6 7.88076e-11
7.6 6 2.13819e-10
7.8 6 5.35626e-10
8 6 1.23883e-09
8.2 6 2.64538e-09
8.4 6 5.21546e-09
8.6 6 9.49337e-09
8.8 6 1.5954e-08
9 6 2.47536e-08
9.2 6 3.54587e-08
9.4 6 4.68947e-08
9.6 6 5.72585e-08
9.8 6 6.45461e-08
10 6 6.71759e-08
10.2 6 6.45461e-08
10.4 6 5.72585e-08
10.6 6 4.68947e-08
10.8 6 3.54587e-08
11 6 2.47536e-08
11.2 6 1.5954e-08
11.4 6 9.49337e-09
11.6 6 5.21546e-09
11.8 6 2.64538e-09
12 6 1.23883e-09
12.2 6 5.35626e-10
12.4 6 2.13819e-10
12.6 6 7.88076e-11
12.8 6 2.68183e-11
13 6 8.42634e-12
13.2 6 2.44454e-12
13.4 6 6.54806e-13
13.6 6 1.61953e-13
13.8 6 3.69857e-14
14 6 7.79925e-15
14.2 6 1.51863e-15
14.4 6 2.7305e-16
14.6 6 4.53343e-17
14.8 6 6.94077e-18
5.2 6.2 3.29186e-17
5.4 6.2 2.15005e-16
5.6 6.2 1.29494e-15
5.8 6.2 7.2019e-15
6 6.2 3.69857e-14
6.2 6.2 1.75389e-13
6.4 6.2 7.67976e-13
6.6 6.2 3.10499e-12
6.8 6.2 1.15914e-11
7 6.2 3.99547e-11
7.2 6.2 1.2716e-10
7.4 6.2 3.73665e-10
7.6 6.2 1.0138e-09
7.8 6.2 2.53959e-09
8 6.2 5.87363e-09
8.2 6.2 1.25424e-08
8.4 6.2 2.47275e-08
8.6 6.2 4.50095e-08
8.8 6.2 7.56398e-08
9 6.2 1.17359e-07
9.2 6.2 1.68112e-07
9.4 6.2 2.2233e-07
9.6 6.2 2.71465e-07
9.8 6.2 3.06015e-07
10 6.2 3.18483e-07
10.2 6.2 3.06015e-07
10.4 6.2 2.71465e-07
10.6 6.2 2.2233e-07
10.8 6.2 1.68112e-07
11 6.2 1.17359e-07
11.2 6.2 7.56398e-08
11.4 6.2 4.50095e-08
11.6 6.2 2.47275e-08
11.8 6.2 1.25424e-08
12 6.2 5.87363e-09
12.2 6.2 2.53959e-09
12.4 6.2 1.0138e-09
12.6 6.2 3.73665e-10
12.8 6.2 1.2716e-10
13 6.2 3.99547e-11
13.2 6.2 1.15914e-11
13.4 6.2 3.10499e-12
13.6 6.2 7.67976e-13
13.8 6.2 1.75389e-13
14 6.2 3.69857e-14
14.2 6.2 7.2019e-15
14.4 6.2 1.29494e-15
14.6 6.2 2.15005e-16
14.8 6.2 3.29186e-17
5.2 6.4 1.4416e-16
5.4 6.4 9.4155e-16
5.6 6.4 5.67061e-15
5.8 6.4 3.15366e-14
6 6.4 1.61953e-13
6.2 6.4 7.67976e-13
6.4 6.4 3.36265e-12
6.6 6.4 1.35952e-11
6.8 6.4 5.07518e-11
7 6.4 1.74935e-10
7.2 6.4 5.5674e-10
7.4 6.4 1.63597e-09
7.6 6.4 4.43856e-09
7.8 6.4 1.11185e-08
8 6.4 2.57148e-08
8.2 6.4 5.49102e-08
8.4 6.4 1.08255e-07
8.6 6.4 1.97047e-07
8.8 6.4 3.31141e-07
9 6.4 5.13779e-07
9.2 6.4 7.35965e-07
9.4 6.4 9.73319e-07
9.6 6.4 1.18842e-06
9.8 6.4 1.33967e-06
10 6.4 1.39425e-06
10.2 6.4 1.33967e-06
10.4 6.4 1.18842e-06
10.6 6.4 9.73319e-07
10.8 6.4 7.35965e-07
11 6.4 5.13779e-07
11.2 6.4 3.31141e-07
11.4 6.4 1.97047e-07
11.6 6.4 1.08255e-07
11.8 6.4 5.49102e-08
12 6.4 2.57148e-08
12.2 6.4 1.11185e-08
12.4 6.4 4.43856e-09
12.6 6.4 1.63597e-09
12.8 6.4 5.5674e-10
13 6.4 1.74935e-10
13.2 6.4 5.07518e-11
13.4 6.4 1.35952e-11
13.6 6.4 3.36265e-12
13.8 6.4 7.67976e-13
14 6.4 1.61953e-13
14.2 6.4 3.15366e-14
14.4 6.4 5.67061e-15
14.6 6.4 9.4155e-16
14.8 6.4 1.4416e-16
5.2 6.6 5.82928e-16
5.4 6.6 3.80717e-15
5.6 6.6 2.29285e-14
5.8 6.6 1.27511e-13
6 6.6 6.54806e-13
6.2 6.6 3.10499e-12
6.4 6.6 1.35952e-11
6.6 6.6 5.49642e-11
6.8 6.6 2.05182e-10
7 6.6 7.07221e-10
7.2 6.6 2.25074e-09
7.4 6.6 6.61367e-09
7.6 6.6 1.79433e-08
7.8 6.6 4.49471e-08
8 6.6 1.03953e-07
8.2 6.6 2.21973e-07
8.4 6.6 4.37615e-07
8.6 6.6 7.96545e-07
8.8 6.6 1.3386e-06
9 6.6 2.07688e-06
9.2 6.6 2.97503e-06
9.4 6.6 3.93448e-06
9.6 6.6 4.80397e-06
9.8 6.6 5.41537e-06
10 6.6 5.636e-06
10.2 6.6 5.41537e-06
10.4 6.6 4.80397e-06
10.6 6.6 3.93448e-06
10.8 6.6 2.97503e-06
11 6.6 2.07688e-06
11.2 6.6 1.3386e-06
11.4 6.6 7.96545e-07
11.6 6.6 4.37615e-07
11.8 6.6 2.21973e-07
12 6.6 1.03953e-07
12.2 6.6 4.49471e-08
12.4 6.6 1.79433e-08
12.6 6.6 6.61367e-09
12.8 6.6 2.25074e-09
13 6.6 7.07221e-10
13.2 6.6 2.05182e-10
13.4 6.6 5.49642e-11
13.6 6.6 1.35952e-11
13.8 6.6 3.10499e-12
14 6.6 6.54806e-13
14.2 6.6 1.27511e-13
14.4 6.6 2.29285e-14
14.6 6.6 3.80717e-15
14.8 6.6 5.82928e-16
5.2 6.8 2.17641e-15
5.4 6.8 1.42141e-14
5.6 6.8 8.56016e-14
5.8 6.8 4.76041e-13
6 6.8 2.44454e-12
6.2 6.8 1.15914e-11
6.4 6.8 5.07518e-11
6.6 6.8 2.05182e-10
6.8 6.8 7.65931e-10
7 6.8 2.63998e-09
7.2 6.8 8.40163e-09
7.4 6.8 2.46874e-08
7.6 6.8 6.69776e-08
7.8 6.8 1.67774e-07
8 6.8 3.88019e-07
8.2 6.8 8.28542e-07
8.4 6.8 1.63344e-06
8.6 6.8 2.97316e-06
8.8 6.8 4.99639e-06
9 6.8 7.75203e-06
9.2 6.8 1.11044e-05
9.4 6.8 1.46855e-05
9.6 6.8 1.79308e-05
9.8 6.8 2.02129e-05
10 6.8 2.10363e-05
10.2 6.8 2.02129e-05
10.4 6.8 1.79308e-05
10.6 6.8 1.46855e-05
10.8 6.8 1.11044e-05
11 6.8 7.75203e-06
11.2 6.8 4.99639e-06
11.4 6.8 2.97316e-06
11.6 6.8 1.63344e-06
11.8 6.8 8.28542e-07
12 6.8 3.88019e-07
12.2 6.8 1.67774e-07
12.4 6.8 6.69776e-08
12.6 6.8 2.46874e-08
12.8 6.8 8.40163e-09
13 6.8 2.63998e-09
13.2 6.8 7.65931e-10
13.4 6.8 2.05182e-10
13.6 6.8 5.07518e-11
13.8 6.8 1.15914e-11
14 6.8 2.44454e-12
14.2 6.8 4.76041e-13
14.4 6.8 8.56016e-14
14.6 6.8 1.42141e-14
14.8 6.8 2.17641e-15
5.2 7 7.50276e-15
5.4 7 4.89995e-14
5.6 7 2.95082e-13
5.8 7 1.64095e-12
6 7 8.42634e-12
6.2 7 3.99547e-11
6.4 7 1.74935e-10
6.6 7 7.07221e-10
6.8 7 2.63998e-09
7 7 9.09921e-09
7.2 7 2.89575e-08
7.4 7 8.50879e-08
7.6 7 2.30844e-07
7.8 7 5.7824e-07
8 7 1.33731e-06
8.2 7 2.85556e-06
8.4 7 5.6296e-06
8.6 7 1.02468e-05
8.8 7 1.72197e-05
9 7 2.67166e-05
9.2 7 3.827e-05
9.4 7 5.06119e-05
9.6 7 6.17964e-05
9.8 7 6.96611e-05
10 7 7.24991e-05
10.2 7 6.96611e-05
10.4 7 6.17964e-05
10.6 7 5.06119e-05
10.8 7 3.827e-05
11 7 2.67166e-05
11.2 7 1.72197e-05
11.4 7 1.02468e-05
11.6 7 5.6296e-06
11.8 7 2.85556e-06
12 7 1.33731e-06
12.2 7 5.7824e-07
12.4 7 2.30844e-07
12.6 7 8.50879e-08
12.8 7 2.89575e-08
13 7 9.09921e-09
13.2 7 2.63998e-09
13.4 7 7.07221e-10
13.6 7 1.74935e-10
13.8 7 3.99547e-11
14 7 8.42634e-12
14.2 7 1.64095e-12
14.4 7 2.95082e-13
14.6 7 4.89995e-14
14.8 7 7.50276e-15
5.2 7.2 2.38807e-14
5.4 7.2 1.55959e-13
5.6 7.2 9.39187e-13
5.8 7.2 5.22269e-12
6 7.2 2.68183e-11
6.2 7.2 1.2716e-10
6.4 7.2 5.5674e-10
6.6 7.2 2.25074e-09
6.8 7.2 8.40163e-09
7 7.2 2.89575e-08
7.2 7.2 9.21539e-08
7.4 7.2 2.70779e-07
7.6 7.2 7.34617e-07
7.8 7.2 1.84012e-06
8 7.2 4.25568e-06
8.2 7.2 9.08706e-06
8.4 7.2 1.79146e-05
8.6 7.2 3.26074e-05
8.8 7.2 5.47962e-05
9 7.2 8.5017e-05
9.2 7.2 0.000121781
9.4 7.2 0.000161055
9.6 7.2 0.000196645
9.8 7.2 0.000221672
10 7.2 0.000230703
10.2 7.2 0.000221672
10.4 7.2 0.000196645
10.6 7.2 0.000161055
10.8 7.2 0.000121781
11 7.2 8.5017e-05
11.2 7.2 5.47962e-05
11.4 7.2 3.26074e-05
11.6 7.2 1.79146e-05
11.8 7.2 9.08706e-06
12 7.2 4.25568e-06
12.2 7.2 1.84012e-06
12.4 7.2 7.34617e-07
12.6 7.2 2.70779e-07
12.8 7.2 9.21539e-08
13 7.2 2.89575e-08
13.2 7.2 8.40163e-09
13.4 7.2 2.25074e-09
13.6 7.2 5.5674e-10
13.8 7.2 1.2716e-10
14 7.2 2.68183e-11
14.2 7.2 5.22269e-12
14.4 7.2 9.39187e-13
14.6 7.2 1.55959e-13
14.8 7.2 2.38807e-14
5.2 7.4 7.01806e-14
5.4 7.4 4.58325e-13
5.6 7.4 2.75998e-12
5.8 7.4 1.53476e-11
6 7.4 7.88076e-11
6.2 7.4 3.73665e-10
6.4 7.4 1.63597e-09
6.6 7.4 6.61367e-09
6.8 7.4 2.46874e-08
7 7.4 8.50879e-08
7.2 7.4 2.70779e-07
7.4 7.4 7.95632e-07
7.6 7.4 2.15851e-06
7.8 7.4 5.40675e-06
8 7.4 1.25042e-05
8.2 7.4 2.66997e-05
8.4 7.4 5.26366e-05
8.6 7.4 9.58066e-05
8.8 7.4 0.000161
9 7.4 0.000249793
9.2 7.4 0.000357812
9.4 7.4 0.000473202
9.6 7.4 0.000577771
9.8 7.4 0.000651301
10 7.4 0.000677835
10.2 7.4 0.000651301
10.4 7.4 0.000577771
10.6 7.4 0.000473202
10.8 7.4 0.000357812
11 7.4 0.000249793
11.2 7.4 0.000161
11.4 7.4 9.58066e-05
11.6 7.4 5.26366e-05
11.8 7.4 2.66997e-05
12 7.4 1.25042e-05
12.2 7.4 5.40675e-06
12.4 7.4 2.15851e-06
12.6 7.4 7.95632e-07
12.8 7.4 2.70779e-07
13 7.4 8.50879e-08
13.2 7.4 2.46874e-08
13.4 7.4 6.61367e-09
13.6 7.4 1.63597e-09
13.8 7.4 3.73665e-10
14 7.4 7.88076e-11
14.2 7.4 1.53476e-11
14.4 7.4 2.75998e-12
14.6 7.4 4.58325e-13
14.8 7.4 7.01806e-14
5.2 7.6 1.90425e-13
5.4 7.6 1.24358e-12
5.6 7.6 7.48857e-12
5.8 7.6 4.16414e-11
6 7.6 2.13819e-10
6.2 7.6 1.0138e-09
6.4 7.6 4.43856e-09
6.6 7.6 1.79433e-08
6.8 7.6 6.69776e-08
7 7.6 2.30844e-07
7.2 7.6 7.34617e-07
7.4 7.6 2.15851e-06
7.6 7.6 5.85589e-06
7.8 7.6 1.4668e-05
8 7.6 3.39225e-05
8.2 7.6 7.2433e-05
8.4 7.6 0.000142796
8.6 7.6 0.000259909
8.8 7.6 0.000436768
9 7.6 0.000677646
9.2 7.6 0.000970678
9.4 7.6 0.00128371
9.6 7.6 0.00156738
9.8 7.6 0.00176686
10 7.6 0.00183884
10.2 7.6 0.00176686
10.4 7.6 0.00156738
10.6 7.6 0.00128371
10.8 7.6 0.000970678
11 7.6 0.000677646
11.2 7.6 0.000436768
11.4 7.6 0.000259909
11.6 7.6 0.000142796
11.8 7.6 7.2433e-05
12 7.6 3.39225e-05
12.2 7.6 1.4668e-05
12.4 7.6 5.85589e-06
12.6 7.6 2.15851e-06
12.8 7.6 7.34617e-07
13 7.6 2.30844e-07
13.2 7.6 6.69776e-08
13.4 7.6 1.79433e-08
13.6 7.6 4.43856e-09
13.8 7.6 1.0138e-09
14 7.6 2.13819e-10
14.2 7.6 4.16414e-11
14.4 7.6 7.48857e-12
14.6 7.6 1.24358e-12
14.8 7.6 1.90425e-13
5.2 7.8 4.77053e-13
5.4 7.8 3.11538e-12
5.6 7.8 1.87598e-11
5.8 7.8 1.04315e-10
6 7.8 5.35626e-10
6.2 7.8 2.53959e-09
6.4 7.8 1.11185e-08
6.6 7.8 4.49471e-08
6.8 7.8 1.67774e-07
7 7.8 5.7824e-07
7.2 7.8 1.84012e-06
7.4 7.8 5.40675e-06
7.6 7.8 1.4668e-05
7.8 7.8 3.67407e-05
8 7.8 8.49691e-05
8.2 7.8 0.000181429
8.4 7.8 0.000357671
8.6 7.8 0.00065101
8.8 7.8 0.001094
9 7.8 0.00169733
9.2 7.8 0.0024313
9.4 7.8 0.00321536
9.6 7.8 0.00392588
9.8 7.8 0.0044255
10 7.8 0.00460579
10.2 7.8 0.0044255
10.4 7.8 0.00392588
10.6 7.8 0.00321536
10.8 7.8 0.0024313
11 7.8 0.00169733
11.2 7.8 0.001094
11.4 7.8 0.00065101
11.6 7.8 0.000357671
11.8 7.8 0.000181429
12 7.8 8.49691e-05
12.2 7.8 3.67407e-05
12.4 7.8 1.4668e-05
12.6 7.8 5.40675e-06
12.8 7.8 1.84012e-06
13 7.8 5.7824e-07
13.2 7.8 1.67774e-07
13.4 7.8 4.49471e-08
13.6 7.8 1.11185e-08
13.8 7.8 2.53959e-09
14 7.8 5.35626e-10
14.2 7.8 1.04315e-10
14.4 7.8 1.87598e-11
14.6 7.8 3.11538e-12
14.8 7.8 4.77053e-13
5.2 8 1.10341e-12
5.4 8 7.20573e-12
5.6 8 4.33898e-11
5.8 8 2.41269e-10
6 8 1.23883e-09
6.2 8 5.87363e-09
6.4 8 2.57148e-08
6.6 8 1.03953e-07
6.8 8 3.88019e-07
7 8 1.33731e-06
7.2 8 4.25568e-06
7.4 8 1.25042e-05
7.6 8 3.39225e-05
7.8 8 8.49691e-05
8 8 0.000196504
8.2 8 0.000419581
8.4 8 0.000827163
8.6 8 0.00150554
8.8 8 0.00253
9 8 0.00392527
9.2 8 0.00562264
9.4 8 0.00743584
9.6 8 0.00907899
9.8 8 0.0102344
10 8 0.0106513
10.2 8 0.0102344
10.4 8 0.00907899
10.6 8 0.00743584
10.8 8 0.00562264
11 8 0.00392527
11.2 8 0.00253
11.4 8 0.00150554
11.6 8 0.000827163
11.8 8 0.000419581
12 8 0.000196504
12.2 8 8.49691e-05
12.4 8 3.39225e-05
12.6 8 1.25042e-05
12.8 8 4.25568e-06
13 8 1.33731e-06
13.2 8 3.88019e-07
13.4 8 1.03953e-07
13.6 8 2.57148e-08
13.8 8 5.87363e-09
14 8 1.23883e-09
14.2 8 2.41269e-10
14.4 8 4.33898e-11
14.6 8 7.20573e-12
14.8 8 1.10341e-12
5.2 8.2 2.35634e-12
5.4 8.2 1.53877e-11
5.6 8.2 9.26566e-11
5.8 8.2 5.1521e-10
6 8.2 2.64538e-09
6.2 8.2 1.25424e-08
6.4 8.2 5.49102e-08
6.6 8.2 2.21973e-07
6.8 8.2 8.28542e-07
7 8.2 2.85556e-06
7.2 8.2 9.08706e-06
7.4 8.2 2.66997e-05
7.6 8.2 7.2433e-05
7.8 8.2 0.000181429
8 8.2 0.000419581
8.2 8.2 0.000895898
8.4 8.2 0.00176617
8.6 8.2 0.00321464
8.8 8.2 0.00540205
9 8.2 0.00838122
9.2 8.2 0.0120054
9.4 8.2 0.0158769
9.6 8.2 0.0193853
9.8 8.2 0.0218523
10 8.2 0.0227426
10.2 8.2 0.0218523
10.4 8.2 0.0193853
10.6 8.2 0.0158769
10.8 8.2 0.0120054
11 8.2 0.00838122
11.2 8.2 0.00540205
11.4 8.2 0.00321464
11.6 8.2 0.00176617
11.8 8.2 0.000895898
12 8.2 0.000419581
12.2 8.2 0.000181429
12.4 8.2 7.2433e-05
12.6 8.2 2.66997e-05
12.8 8.2 9.08706e-06
13 8.2 2.85556e-06
13.2 8.2 8.28542e-07
13.4 8.2 2.21973e-07
13.6 8.2 5.49102e-08
13.8 8.2 1.25424e-08
14 8.2 2.64538e-09
14.2 8.2 5.1521e-10
14.4 8.2 9.26566e-11
14.6 8.2 1.53877e-11
14.8 8.2 2.35634e-12
5.2 8.4 4.64579e-12
5.4 8.4 3.03383e-11
5.6 8.4 1.8268e-10
5.8 8.4 1.01577e-09
6 8.4 5.21546e-09
6.2 8.4 2.47275e-08
6.4 8.4 1.08255e-07
6.6 8.4 4.37615e-07
6.8 8.4 1.63344e-06
7 8.4 5.6296e-06
7.2 8.4 1.79146e-05
7.4 8.4 5.26366e-05
7.6 8.4 0.000142796
7.8 8.4 0.000357671
8 8.4 0.000827163
8.2 8.4 0.00176617
8.4 8.4 0.0034818
8.6 8.4 0.00633728
8.8 8.4 0.0106495
9 8.4 0.0165225
9.2 8.4 0.0236671
9.4 8.4 0.0312992
9.6 8.4 0.0382155
9.8 8.4 0.0430788
10 8.4 0.0448338
10.2 8.4 0.0430788
10.4 8.4 0.0382155
10.6 8.4 0.0312992
10.8 8.4 0.0236671
11 8.4 0.0165225
11.2 8.4 0.0106495
11.4 8.4 0.00633728
11.6 8.4 0.0034818
11.8 8.4 0.00176617
12 8.4 0.000827163
12.2 8.4 0.000357671
12.4 8.4 0.000142796
12.6 8.4 5.26366e-05
12.8 8.4 1.79146e-05
13 8.4 5.6296e-06
13.2 8.4 1.63344e-06
13.4 8.4 4.37615e-07
13.6 8.4 1.08255e-07
13.8 8.4 2.47275e-08
14 8.4 5.21546e-09
14.2 8.4 1.01577e-09
14.4 8.4 1.8268e-10
14.6 8.4 3.03383e-11
14.8 8.4 4.64579e-12
5.2 8.6 8.45676e-12
5.4 8.6 5.52245e-11
5.6 8.6 3.32526e-10
5.8 8.6 1.84895e-09
6 8.6 9.49337e-09
6.2 8.6 4.50095e-08
6.4 8.6 1.97047e-07
6.6 8.6 7.96545e-07
6.8 8.6 2.97316e-06
7 8.6 1.02468e-05
7.2 8.6 3.26074e-05
7.4 8.6 9.58066e-05
7.6 8.6 0.000259909
7.8 8.6 0.00065101
8 8.6 0.00150554
8.2 8.6 0.00321464
8.4 8.6 0.00633728
8.6 8.6 0.0115346
8.8 8.6 0.0193832
9 8.6 0.0300727
9.2 8.6 0.0430765
9.4 8.6 0.0569676
9.6 8.6 0.069556
9.8 8.6 0.0784077
10 8.6 0.0816019
10.2 8.6 0.0784077
10.4 8.6 0.069556
10.6 8.6 0.0569676
10.8 8.6 0.0430765
11 8.6 0.0300727
11.2 8.6 0.0193832
11.4 8.6 0.0115346
11.6 8.6 0.00633728
11.8 8.6 0.00321464
12 8.6 0.00150554
12.2 8.6 0.00065101
12.4 8.6 0.000259909
12.6 8.6 9.58066e-05
12.8 8.6 3.26074e-05
13 8.6 1.02468e-05
13.2 8.6 2.97316e-06
13.4 8.6 7.96545e-07
13.6 8.6 1.97047e-07
13.8 8.6 4.50095e-08
14 8.6 9.49337e-09
14.2 8.6 1.84895e-09
14.4 8.6 3.32526e-10
14.6 8.6 5.52245e-11
14.8 8.6 8.45676e-12
5.2 8.8 1.42124e-11
5.4 8.8 9.28094e-11
5.6 8.8 5.58833e-10
5.8 8.8 3.10726e-09
6 8.8 1.5954e-08
6.2 8.8 7.56398e-08
6.4 8.8 3.31141e-07
6.6 8.8 1.3386e-06
6.8 8.8 4.99639e-06
7 8.8 1.72197e-05
7.2 8.8 5.47962e-05
7.4 8.8 0.000161
7.6 8.8 0.000436768
7.8 8.8 0.001094
8 8.8 0.00253
8.2 8.8 0.00540205
8.4 8.8 0.0106495
8.6 8.8 0.0193832
8.8 8.8 0.0325723
9 8.8 0.0505352
9.2 8.8 0.0723872
9.4 8.8 0.0957303
9.6 8.8 0.116884
9.8 8.8 0.131759
10 8.8 0.137126
10.2 8.8 0.131759
10.4 8.8 0.116884
10.6 8.8 0.0957303
10.8 8.8 0.0723872
11 8.8 0.0505352
11.2 8.8 0.0325723
11.4 8.8 0.0193832
11.6 8.8 0.0106495
11.8 8.8 0.00540205
12 8.8 0.00253
12.2 8.8 0.001094
12.4 8.8 0.000436768
12.6 8.8 0.000161
12.8 8.8 5.47962e-05
13 8.8 1.72197e-05
13.2 8.8 4.99639e-06
13.4 8.8 1.3386e-06
13.6 8.8 3.31141e-07
13.8 8.8 7.56398e-08
14 8.8 1.5954e-08
14.2 8.8 3.10726e-09
14.4 8.8 5.58833e-10
14.6 8.8 9.28094e-11
14.8 8.8 1.42124e-11
5.2 9 2.20519e-11
5.4 9 1.44002e-10
5.6 9 8.67074e-10
5.8 9 4.82113e-09
6 9 2.47536e-08
6.2 9 1.17359e-07
6.4 9 5.13779e-07
6.6 9 2.07688e-06
6.8 9 7.75203e-06
7 9 2.67166e-05
7.2 9 8.5017e-05
7.4 9 0.000249793
7.6 9 0.000677646
7.8 9 0.00169733
8 9 0.00392527
8.2 9 0.00838122
8.4 9 0.0165225
8.6 9 0.0300727
8.8 9 0.0505352
9 9 0.0784043
9.2 9 0.112307
9.4 9 0.148523
9.6 9 0.181343
9.8 9 0.20442
10 9 0.212748
10.2 9 0.20442
10.4 9 0.181343
10.6 9 0.148523
10.8 9 0.112307
11 9 0.0784043
11.2 9 0.0505352
11.4 9 0.0300727
11.6 9 0.0165225
11.8 9 0.00838122
12 9 0.00392527
12.2 9 0.00169733
12.4 9 0.000677646
12.6 9 0.000249793
12.8 9 8.5017e-05
13 9 2.67166e-05
13.2 9 7.75203e-06
13.4 9 2.07688e-06
13.6 9 5.13779e-07
13.8 9 1.17359e-07
14 9 2.47536e-08
14.2 9 4.82113e-09
14.4 9 8.67074e-10
14.6 9 1.44002e-10
14.8 9 2.20519e-11
5.2 9.2 3.15894e-11
5.4 9.2 2.06282e-10
5.6 9.2 1.24207e-09
5.8 9.2 6.90615e-09
6 9.2 3.54587e-08
6.2 9.2 1.68112e-07
6.4 9.2 7.35965e-07
6.6 9.2 2.97503e-06
6.8 9.2 1.11044e-05
7 9.2 3.827e-05
7.2 9.2 0.000121781
7.4 9.2 0.000357812
7.6 9.2 0.000970678
7.8 9.2 0.0024313
8 9.2 0.00562264
8.2 9.2 0.0120054
8.4 9.2 0.0236671
8.6 9.2 0.0430765
8.8 9.2 0.0723872
9 9.2 0.112307
9.2 9.2 0.16087
9.4 9.2 0.212746
9.6 9.2 0.259757
9.8 9.2 0.292813
10 9.2 0.304742
10.2 9.2 0.292813
10.4 9.2 0.259757
10.6 9.2 0.212746
10.8 9.2 0.16087
11 9.2 0.112307
11.2 9.2 0.0723872
11.4 9.2 0.0430765
11.6 9.2 0.0236671
11.8 9.2 0.0120054
12 9.2 0.00562264
12.2 9.2 0.0024313
12.4 9.2 0.000970678
12.6 9.2 0.000357812
12.8 9.2 0.000121781
13 9.2 3.827e-05
13.2 9.2 1.11044e-05
13.4 9.2 2.97503e-06
13.6 9.2 7.35965e-07
13.8 9.2 1.68112e-07
14 9.2 3.54587e-08
14.2 9.2 6.90615e-09
14.4 9.2 1.24207e-09
14.6 9.2 2.06282e-10
14.8 9.2 3.15894e-11
5.2 9.4 4.17782e-11
5.4 9.4 2.72815e-10
5.6 9.4 1.64267e-09
5.8 9.4 9.13354e-09
6 9.4 4.68947e-08
6.2 9.4 2.2233e-07
6.4 9.4 9.73319e-07
6.6 9.4 3.93448e-06
6.8 9.4 1.46855e-05
7 9.4 5.06119e-05
7.2 9.4 0.000161055
7.4 9.4 0.000473202
7.6 9.4 0.00128371
7.8 9.4 0.00321536
8 9.4 0.00743584
8.2 9.4 0.0158769
8.4 9.4 0.0312992
8.6 9.4 0.0569676
8.8 9.4 0.0957303
9 9.4 0.148523
9.2 9.4 0.212746
9.4 9.4 0.28135
9.6 9.4 0.343521
9.8 9.4 0.387237
10 9.4 0.403012
10.2 9.4 0.387237
10.4 9.4 0.343521
10.6 9.4 0.28135
10.8 9.4 0.212746
11 9.4 0.148523
11.2 9.4 0.0957303
11.4 9.4 0.0569676
11.6 9.4 0.0312992
11.8 9.4 0.0158769
12 9.4 0.00743584
12.2 9.4 0.00321536
12.4 9.4 0.00128371
12.6 9.4 0.000473202
12.8 9.4 0.000161055
13 9.4 5.06119e-05
13.2 9.4 1.46855e-05
13.4 9.4 3.93448e-06
13.6 9.4 9.73319e-07
13.8 9.4 2.2233e-07
14 9.4 4.68947e-08
14.2 9.4 9.13354e-09
14.4 9.4 1.64267e-09
14.6 9.4 2.72815e-10
14.8 9.4 4.17782e-11
5.2 9.6 5.10118e-11
5.4 9.6 3.33111e-10
5.6 9.6 2.00572e-09
5.8 9.6 1.11521e-08
6 9.6 5.72585e-08
6.2 9.6 2.71465e-07
6.4 9.6 1.18842e-06
6.6 9.6 4.80397e-06
6.8 9.6 1.79308e-05
7 9.6 6.17964e-05
7.2 9.6 0.000196645
7.4 9.6 0.000577771
7.6 9.6 0.00156738
7.8 9.6 0.00392588
8 9.6 0.00907899
8.2 9.6 0.0193853
8.4 9.6 0.0382155
8.6 9.6 0.069556
8.8 9.6 0.116884
9 9.6 0.181343
9.2 9.6 0.259757
9.4 9.6 0.343521
9.6 9.6 0.419429
9.8 9.6 0.472805
10 9.6 0.492066
10.2 9.6 0.472805
10.4 9.6 0.419429
10.6 9.6 0.343521
10.8 9.6 0.259757
11 9.6 0.181343
11.2 9.6 0.116884
11.4 9.6 0.069556
11.6 9.6 0.0382155
11.8 9.6 0.0193853
12 9.6 0.00907899
12.2 9.6 0.00392588
12.4 9.6 0.00156738
12.6 9.6 0.000577771
12.8 9.6 0.000196645
13 9.6 6.17964e-05
13.2 9.6 1.79308e-05
13.4 9.6 4.80397e-06
13.6 9.6 1.18842e-06
13.8 9.6 2.71465e-07
14 9.6 5.72585e-08
14.2 9.6 1.11521e-08
14.4 9.6 2.00572e-09
14.6 9.6 3.33111e-10
14.8 9.6 5.10118e-11
5.2 9.8 5.75048e-11
5.4 9.8 3.7551e-10
5.6 9.8 2.261e-09
5.8 9.8 1.25715e-08
6 9.8 6.45461e-08
6.2 9.8 3.06015e-07
6.4 9.8 1.33967e-06
6.6 9.8 5.41537e-06
6.8 9.8 2.02129e-05
7 9.8 6.96611e-05
7.2 9.8 0.000221672
7.4 9.8 0.000651301
7.6 9.8 0.00176686
7.8 9.8 0.0044255
8 9.8 0.0102344
8.2 9.8 0.0218523
8.4 9.8 0.0430788
8.6 9.8 0.0784077
8.8 9.8 0.131759
9 9.8 0.20442
9.2 9.8 0.292813
9.4 9.8 0.387237
9.6 9.8 0.472805
9.8 9.8 0.532974
10 9.8 0.554686
10.2 9.8 0.532974
10.4 9.8 0.472805
10.6 9.8 0.387237
10.8 9.8 0.292813
11 9.8 0.20442
11.2 9.8 0.131759
11.4 9.8 0.0784077
11.6 9.8 0.0430788
11.8 9.8 0.0218523
12 9.8 0.0102344
12.2 9.8 0.0044255
12.4 9.8 0.00176686
12.6 9.8 0.000651301
12.8 9.8 0.000221672
13 9.8 6.96611e-05
13.2 9.8 2.02129e-05
13.4 9.8 5.41537e-06
13.6 9.8 1.33967e-06
13.8 9.8 3.06015e-07
14 9.8 6.45461e-08
14.2 9.8 1.25715e-08
14.4 9.8 2.261e-09
14.6 9.8 3.7551e-10
14.8 9.8 5.75048e-11
5.2 10 5.98478e-11
5.4 10 3.9081e-10
5.6 10 2.35313e-09
5.8 10 1.30837e-08
6 10 6.71759e-08
6.2 10 3.18483e-07
6.4 10 1.39425e-06
6.6 10 5.636e-06
6.8 10 2.10363e-05
7 10 7.24991e-05
7.2 10 0.000230703
7.4 10 0.000677835
7.6 10 0.00183884
7.8 10 0.00460579
8 10 0.0106513
8.2 10 0.0227426
8.4 10 0.0448338
8.6 10 0.0816019
8.8 10 0.137126
9 10 0.212748
9.2 10 0.304742
9.4 10 0.403012
9.6 10 0.492066
9.8 10 0.554686
10 10 0.577282
10.2 10 0.554686
10.4 10 0.492066
10.6 10 0.403012
10.8 10 0.304742
11 10 0.212748
11.2 10 0.137126
11.4 10 0.0816019
11.6 10 0.0448338
11.8 10 0.0227426
12 10 0.0106513
12.2 10 0.00460579
12.4 10 0.00183884
12.6 10 0.000677835
12.8 10 0.000230703
13 10 7.24991e-05
13.2 10 2.10363e-05
13.4 10 5.636e-06
13.6 10 1.39425e-06
13.8 10 3.18483e-07
14 10 6.71759e-08
14.2 10 1.30837e-08
14.4 10 2.35313e-09
14.6 10 3.9081e-10
14.8 10 5.98478e-11
5.2 10.2 5.75048e-11
5.4 10.2 3.7551e-10
5.6 10.2 2.261e-09
5.8 10.2 1.25715e-08
6 10.2 6.45461e-08
6.2 10.2 3.06015e-07
6.4 10.2 1.33967e-06
6.6 10.2 5.41537e-06
6.8 10.2 2.02129e-05
7 10.2 6.96611e-05
7.2 10.2 0.000221672
7.4 10.2 0.000651301
7.6 10.2 0.00176686
7.8 10.2 0.0044255
8 10.2 0.0102344
8.2 10.2 0.0218523
8.4 10.2 0.0430788
8.6 10.2 0.0784077
8.8 10.2 0.131759
9 10.2 0.20442
9.2 10.2 0.292813
9.4 10.2 0.387237
9.6 10.2 0.472805
9.8 10.2 0.532974
10 10.2 0.554686
10.2 10.2 0.532974
10.4 10.2 0.472805
10.6 10.2 0.387237
10.8 10.2 0.292813
11 10.2 0.20442
11.2 10.2 0.131759
11.4 10.2 0.0784077
11.6 10.2 0.0430788
11.8 10.2 0.0218523
12 10.2 0.0102344
12.2 10.2 0.0044255
12.4 10.2 0.00176686
12.6 10.2 0.000651301
12.8 10.2 0.000221672
13 10.2 6.96611e-05
13.2 10.2 2.02129e-05
13.4 10.2 5.41537e-06
13.6 10.2 1.33967e-06
13.8 10.2 3.06015e-07
14 10.2 6.45461e-08
14.2 10.2 1.25715e-08
14.4 10.2 2.261e-09
14.6 10.2 3.7551e-10
14.8 10.2 5.75048e-11
5.2 10.4 5.10118e-11
5.4 10.4 3.33111e-10
5.6 10.4 2.00572e-09
5.8 10.4 1.11521e-08
6 10.4 5.72585e-08
6.2 10.4 2.71465e-07
6.4 10.4 1.18842e-06
6.6 10.4 4.80397e-06
6.8 10.4 1.79308e-05
7 10.4 6.17964e-05
7.2 10.4 0.000196645
7.4 10.4 0.000577771
7.6 10.4 0.00156738
7.8 10.4 0.00392588
8 10.4 0.00907899
8.2 10.4 0.0193853
8.4 10.4 0.0382155
8.6 10.4 0.069556
8.8 10.4 0.116884
9 10.4 0.181343
9.2 10.4 0.259757
9.4 10.4 0.343521
9.6 10.4 0.419429
9.8 10.4 0.472805
10 10.4 0.492066
10.2 10.4 0.472805
10.4 10.4 0.419429
10.6 10.4 0.343521
10.8 10.4 0.259757
11 10.4 0.181343
11.2 10.4 0.116884
11.4 10.4 0.069556
11.6 10.4 0.0382155
11.8 10.4 0.0193853
12 10.4 0.00907899
12.2 10.4 0.00392588
12.4 10.4 0.00156738
12.6 10.4 0.000577771
12.8 10.4 0.000196645
13 10.4 6.17964e-05
13.2 10.4 1.79308e-05
13.4 10.4 4.80397e-06
13.6 10.4 1.18842e-06
13.8 10.4 2.71465e-07
14 10.4 5.72585e-08
14.2 10.4 1.11521e-08
14.4 10.4 2.00572e-09
14.6 10.4 3.33111e-10
14.8 10.4 5.10118e-11
5.2 10.6 4.17782e-11
5.4 10.6 2.72815e-10
5.6 10.6 1.64267e-09
5.8 10.6 9.13354e-09
6 10.6 4.68947e-08
6.2 10.6 2.2233e-07
6.4 10.6 9.73319e-07
6.6 10.6 3.93448e-06
6.8 10.6 1.46855e-05
7 10.6 5.06119e-05
7.2 10.6 0.000161055
7.4 10.6 0.000473202
7.6 10.6 0.00128371
7.8 10.6 0.00321536
8 10.6 0.00743584
8.2 10.6 0.0158769
8.4 10.6 0.0312992
8.6 10.6 0.0569676
8.8 10.6 0.0957303
9 10.6 0.148523
9.2 10.6 0.212746
9.4 10.6 0.28135
9.6 10.6 0.343521
9.8 10.6 0.387237
10 10.6 0.403012
10.2 10.6 0.387237
10.4 10.6 0.343521
10.6 10.6 0.28135
10.8 10.6 0.212746
11 10.6 0.148523
11.2 10.6 0.0957303
11.4 10.6 0.0569676
11.6 10.6 0.0312992
11.8 10.6 0.0158769
12 10.6 0.00743584
12.2 10.6 0.00321536
12.4 10.6 0.00128371
12.6 10.6 0.000473202
12.8 10.6 0.000161055
13 10.6 5.06119e-05
13.2 10.6 1.46855e-05
13.4 10.6 3.93448e-06
13.6 10.6 9.73319e-07
13.8 10.6 2.2233e-07
14 10.6 4.68947e-08
14.2 10.6 9.13354e-09
14.4 10.6 1.64267e-09
14.6 10.6 2.72815e-10
14.8 10.6 4.17782e-11
5.2 10.8 3.15894e-11
5.4 10.8 2.06282e-10
5.6 10.8 1.24207e-09
5.8 10.8 6.90615e-09
6 10.8 3.54587e-08
6.2 10.8 1.68112e-07
6.4 10.8 7.35965e-07
6.6 10.8 2.97503e-06
6.8 10.8 1.11044e-05
7 10.8 3.827e-05
7.2 10.8 0.000121781
7.4 10.8 0.000357812
7.6 10.8 0.000970678
7.8 10.8 0.0024313
8 10.8 0.00562264
8.2 10.8 0.0120054
8.4 10.8 0.0236671
8.6 10.8 0.0430765
8.8 10.8 0.0723872
9 10.8 0.112307
9.2 10.8 0.16087
9.4 10.8 0.212746
9.6 10.8 0.259757
9.8 10.8 0.292813
10 10.8 0.304742
10.2 10.8 0.292813
10.4 10.8 0.259757
10.6 10.8 0.212746
10.8 10.8 0.16087
11 10.8 0.112307
11.2 10.8 0.0723872
11.4 10.8 0.0430765
11.6 10.8 0.0236671
11.8 10.8 0.0120054
12 10.8 0.00562264
12.2 10.8 0.0024313
12.4 10.8 0.000970678
12.6 10.8 0.000357812
12.8 10.8 0.000121781
13 10.8 3.827e-05
13.2 10.8 1.11044e-05
13.4 10.8 2.97503e-06
13.6 10.8 7.35965e-07
13.8 10.8 1.68112e-07
14 10.8 3.54587e-08
14.2 10.8 6.90615e-09
14.4 10.8 1.24207e-09
14.6 10.8 2.06282e-10
14.8 10.8 3.15894e-11
5.2 11 2.20519e-11
5.4 11 1.44002e-10
5.6 11 8.67074e-10
5.8 11 4.82113e-09
6 11 2.47536e-08
6.2 11 1.17359e-07
6.4 11 5.13779e-07
6.6 11 2.07688e-06
6.8 11 7.75203e-06
7 11 2.67166e-05
7.2 11 8.5017e-05
7.4 11 0.000249793
7.6 11 0.000677646
7.8 11 0.00169733
8 11 0.00392527
8.2 11 0.00838122
8.4 11 0.0165225
8.6 11 0.0300727
8.8 11 0.0505352
9 11 0.0784043
9.2 11 0.112307
9.4 11 0.148523
9.6 11 0.181343
9.8 11 0.20442
10 11 0.212748
10.2 11 0.20442
10.4 11 0.181343
10.6 11 0.148523
10.8 11 0.112307
11 11 0.0784043
11.2 11 0.0505352
11.4 11 0.0300727
11.6 11 0.0165225
11.8 11 0.00838122
12 11 0.00392527
12.2 11 0.00169733
12.4 11 0.000677646
12.6 11 0.000249793
12.8 11 8.5017e-05
13 11 2.67166e-05
13.2 11 7.75203e-06
13.4 11 2.07688e-06
13.6 11 5.13779e-07
13.8 11 1.17359e-07
14 11 2.47536e-08
14.2 11 4.82113e-09
14.4 11 8.67074e-10
14.6 11 1.44002e-10
14.8 11 2.20519e-11
5.2 11.2 1.42124e-11
5.4 11.2 9.28094e-11
5.6 11.2 5.58833e-10
5.8 11.2 3.10726e-09
6 11.2 1.5954e-08
6.2 11.2 7.56398e-08
6.4 11.2 3.31141e-07
6.6 11.2 1.3386e-06
6.8 11.2 4.99639e-06
7 11.2 1.72197e-05
7.2 11.2 5.47962e-05
7.4 11.2 0.000161
7.6 11.2 0.000436768
7.8 11.2 0.001094
8 11.2 0.00253
8.2 11.2 0.00540205
8.4 11.2 0.0106495
8.6 11.2 0.0193832
8.8 11.2 0.0325723
9 11.2 0.0505352
9.2 11.2 0.0723872
9.4 11.2 0.0957303
9.6 11.2 0.116884
9.8 11.2 0.131759
10 11.2 0.137126
10.2 11.2 0.131759
10.4 11.2 0.116884
10.6 11.2 0.0957303
10.8 11.2 0.0723872
11 11.2 0.0505352
11.2 11.2 0.0325723
11.4 11.2 0.0193832
11.6 11.2 0.0106495
11.8 11.2 0.00540205
12 11.2 0.00253
12.2 11.2 0.001094
12.4 11.2 0.000436768
12.6 11.2 0.000161
12.8 11.2 5.47962e-05
13 11.2 1.72197e-05
13.2 11.2 4.99639e-06
13.4 11.2 1.3386e-06
13.6 11.2 3.31141e-07
13.8 11.2 7.56398e-08
14 11.2 1.5954e-08
14.2 11.2 3.10726e-09
14.4 11.2 5.58833e-10
14.6 11.2 9.28094e-11
14.8 11.2 1.42124e-11
5.2 11.4 8.45676e-12
5.4 11.4 5.52245e-11
5.6 11.4 3.32526e-10
5.8 11.4 1.84895e-09
6 11.4 9.49337e-09
6.2 11.4 4.50095e-08
6.4 11.4 1.97047e-07
6.6 11.4 7.96545e-07
6.8 11.4 2.97316e-06
7 11.4 1.02468e-05
7.2 11.4 3.26074e-05
7.4 11.4 9.58066e-05
7.6 11.4 0.000259909
7.8 11.4 0.00065101
8 11.4 0.00150554
8.2 11.4 0.00321464
8.4 11.4 0.00633728
8.6 11.4 0.0115346
8.8 11.4 0.0193832
9 11.4 0.0300727
9.2 11.4 0.0430765
9.4 11.4 0.0569676
9.6 11.4 0.069556
9.8 11.4 0.0784077
10 11.4 0.0816019
10.2 11.4 0.0784077
10.4 11.4 0.069556
10.6 11.4 0.0569676
10.8 11.4 0.0430765
11 11.4 0.0300727
11.2 11.4 0.0193832
11.4 11.4 0.0115346
11.6 11.4 0.00633728
11.8 11.4 0.00321464
12 11.4 0.00150554
12.2 11.4 0.00065101
12.4 11.4 0.000259909
12.6 11.4 9.58066e-05
12.8 11.4 3.26074e-05
13 11.4 1.02468e-05
13.2 11.4 2.97316e-06
13.4 11.4 7.96545e-07
13.6 11.4 1.97047e-07
13.8 11.4 4.50095e-08
14 11.4 9.49337e-09
14.2 11.4 1.84895e-09
14.4 11.4 3.32526e-10
14.6 11.4 5.52245e-11
14.8 11.4 8.45676e-12
5.2 11.6 4.64579e-12
5.4 11.6 3.03383e-11
5.6 11.6 1.8268e-10
5.8 11.6 1.01577e-09
6 11.6 5.21546e-09
6.2 11.6 2.47275e-08
6.4 11.6 1.08255e-07
6.6 11.6 4.37615e-07
6.8 11.6 1.63344e-06
7 11.6 5.6296e-06
7.2 11.6 1.79146e-05
7.4 11.6 5.26366e-05
7.6 11.6 0.000142796
7.8 11.6 0.000357671
8 11.6 0.000827163
8.2 11.6 0.00176617
8.4 11.6 0.0034818
8.6 11.6 0.00633728
8.8 11.6 0.0106495
9 11.6 0.0165225
9.2 11.6 0.0236671
9.4 11.6 0.0312992
9.6 11.6 0.0382155
9.8 11.6 0.0430788
10 11.6 0.0448338
10.2 11.6 0.0430788
10.4 11.6 0.0382155
10.6 11.6 0.0312992
10.8 11.6 0.0236671
11 11.6 0.0165225
11.2 11.6 0.0106495
11.4 11.6 0.00633728
11.6 11.6 0.0034818
11.8 11.6 0.00176617
12 11.6 0.000827163
12.2 11.6 0.000357671
12.4 11.6 0.000142796
12.6 11.6 5.26366e-05
12.8 11.6 1.79146e-05
13 11.6 5.6296e-06
13.2 11.6 1.63344e-06
13.4 11.6 4.37615e-07
13.6 11.6 1.08255e-07
13.8 11.6 2.47275e-08
14 11.6 5.21546e-09
14.2 11.6 1.01577e-09
14.4 11.6 1.8268e-10
14.6 11.6 3.03383e-11
14.8 11.6 4.64579e-12
5.2 11.8 2.35634e-12
5.4 11.8 1.53877e-11
5.6 11.8 9.26566e-11
5.8 11.8 5.1521e-10
6 11.8 2.64538e-09
6.2 11.8 1.25424e-08
6.4 11.8 5.49102e-08
6.6 11.8 2.21973e-07
6.8 11.8 8.28542e-07
7 11.8 2.85556e-06
7.2 11.8 9.08706e-06
7.4 11.8 2.66997e-05
7.6 11.8 7.2433e-05
7.8 11.8 0.000181429
8 11.8 0.000419581
8.2 11.8 0.000895898
8.4 11.8 0.00176617
8.6 11.8 0.00321464
8.8 11.8 0.00540205
9 11.8 0.00838122
9.2 11.8 0.0120054
9.4 11.8 0.0158769
9.6 11.8 0.0193853
9.8 11.8 0.0218523
10 11.8 0.0227426
10.2 11.8 0.0218523
10.4 11.8 0.0193853
10.6 11.8 0.0158769
10.8 11.8 0.0120054
11 11.8 0.00838122
11.2 11.8 0.00540205
11.4 11.8 0.00321464
11.6 11.8 0.00176617
11.8 11.8 0.000895898
12 11.8 0.000419581
12.2 11.8 0.000181429
12.4 11.8 7.2433e-05
12.6 11.8 2.66997e-05
12.8 11.8 9.08706e-06
13 11.8 2.85556e-06
13.2 11.8 8.28542e-07
13.4 11.8 2.21973e-07
13.6 11.8 5.49102e-08
13.8 11.8 1.25424e-08
14 11.8 2.64538e-09
14.2 11.8 5.1521e-10
14.4 11.8 9.26566e-11
14.6 11.8 1.53877e-11
14.8 11.8 2.35634e-12
5.2 12 1.10341e-12
5.4 12 7.20573e-12
5.6 12 4.33898e-11
5.8 12 2.41269e-10
6 12 1.23883e-09
6.2 12 5.87363e-09
6.4 12 2.57148e-08
6.6 12 1.03953e-07
6.8 12 3.88019e-07
7 12 1.33731e-06
7.2 12 4.25568e-06
7.4 12 1.25042e-05
7.6 12 3.39225e-05
7.8 12 8.49691e-05
8 12 0.000196504
8.2 12 0.000419581
8.4 12 0.000827163
8.6 12 0.00150554
8.8 12 0.00253
9 12 0.00392527
9.2 12 0.00562264
9.4 12 0.00743584
9.6 12 0.00907899
9.8 12 0.0102344
10 12 0.0106513
10.2 12 0.0102344
10.4 12 0.00907899
10.6 12 0.00743584
10.8 12 0.00562264
11 12 0.00392527
11.2 12 0.00253
11.4 12 0.00150554
11.6 12 0.000827163
11.8 12 0.000419581
12 12 0.000196504
12.2 12 8.49691e-05
12.4 12 3.39225e-05
12.6 12 1.25042e-05
12.8 12 4.25568e-06
13 12 1.33731e-06
13.2 12 3.88019e-07
13.4 12 1.03953e-07
13.6 12 2.57148e-08
13.8 12 5.87363e-09
14 12 1.23883e-09
14.2 12 2.41269e-10
14.4 12 4.33898e-11
14.6 12 7.20573e-12
14.8 12 1.10341e-12
5.2 12.2 4.77053e-13
5.4 12.2 3.11538e-12
5.6 12.2 1.87598e-11
5.8 12.2 1.04315e-10
6 12.2 5.35626e-10
6.2 12.2 2.53959e-09
6.4 12.2 1.11185e-08
6.6 12.2 4.49471e-08
6.8 12.2 1.67774e-07
7 12.2 5.7824e-07
7.2 12.2 1.84012e-06
7.4 12.2 5.40675e-06
7.6 12.2 1.4668e-05
7.8 12.2 3.67407e-05
8 12.2 8.49691e-05
8.2 12.2 0.000181429
8.4 12.2 0.000357671
8.6 12.2 0.00065101
8.8 12.2 0.001094
9 12.2 0.00169733
9.2 12.2 0.0024313
9.4 12.2 0.00321536
9.6 12.2 0.00392588
9.8 12.2 0.0044255
10 12.2 0.00460579
10.2 12.2 0.0044255
10.4 12.2 0.00392588
10.6 12.2 0.00321536
10.8 12.2 0.0024313
11 12.2 0.00169733
11.2 12.2 0.001094
11.4 12.2 0.00065101
11.6 12.2 0.000357671
11.8 12.2 0.000181429
12 12.2 8.49691e-05
12.2 12.2 3.67407e-05
12.4 12.2 1.4668e-05
12.6 12.2 5.40675e-06
12.8 12.2 1.84012e-06
13 12.2 5.7824e-07
13.2 12.2 1.67774e-07
13.4 12.2 4.49471e-08
13.6 12.2 1.11185e-08
13.8 12.2 2.53959e-09
14 12.2 5.35626e-10
14.2 12.2 1.04315e-10
14.4 12.2 1.87598e-11
14.6 12.2 3.11538e-12
14.8 12.2 4.77053e-13
5.2 12.4 1.90425e-13
5.4 12.4 1.24358e-12
5.6 12.4 7.48857e-12
5.8 12.4 4.16414e-11
6 12.4 2.13819e-10
6.2 12.4 1.0138e-09
6.4 12.4 4.43856e-09
6.6 12.4 1.79433e-08
6.8 12.4 6.69776e-08
7 12.4 2.30844e-07
7.2 12.4 7.34617e-07
7.4 12.4 2.15851e-06
7.6 12.4 5.85589e-06
7.8 12.4 1.4668e-05
8 12.4 3.39225e-05
8.2 12.4 7.2433e-05
8.4 12.4 0.000142796
8.6 12.4 0.000259909
8.8 12.4 0.000436768
9 12.4 0.000677646
9.2 12.4 0.000970678
9.4 12.4 0.00128371
9.6 12.4 0.00156738
9.8 12.4 0.00176686
10 12.4 0.00183884
10.2 12.4 0.00176686
10.4 12.4 0.00156738
10.6 12.4 0.00128371
10.8 12.4 0.000970678
11 12.4 0.000677646
11.2 12.4 0.000436768
11.4 12.4 0.000259909
11.6 12.4 0.000142796
11.8 12.4 7.2433e-05
12 12.4 3.39225e-05
12.2 12.4 1.4668e-05
12.4 12.4 5.85589e-06
12.6 12.4 2.15851e-06
12.8 12.4 7.34617e-07
13 12.4 2.30844e-07
13.2 12.4 6.69776e-08
13.4 12.4 1.79433e-08
13.6 12.4 4.43856e-09
13.8 12.4 1.0138e-09
14 12.4 2.13819e-10
14.2 12.4 4.16414e-11
14.4 12.4 7.48857e-12
14.6 12.4 1.24358e-12
14.8 12.4 1.90425e-13
5.2 12.6 7.01806e-14
5.4 12.6 4.58325e-13
5.6 12.6 2.75998e-12
5.8 12.6 1.53476e-11
6 12.6 7.88076e-11
6.2 12.6 3.73665e-10
6.4 12.6 1.63597e-09
6.6 12.6 6.61367e-09
6.8 12.6 2.46874e-08
7 12.6 8.50879e-08
7.2 12.6 2.70779e-07
7.4 12.6 7.95632e-07
7.6 12.6 2.15851e-06
7.8 12.6 5.40675e-06
8 12.6 1.25042e-05
8.2 12.6 2.66997e-05
8.4 12.6 5.26366e-05
8.6 12.6 9.58066e-05
8.8 12.6 0.000161
9 12.6 0.000249793
9.2 12.6 0.000357812
9.4 12.6 0.000473202
9.6 12.6 0.000577771
9.8 12.6 0.000651301
10 12.6 0.000677835
10.2 12.6 0.000651301
10.4 12.6 0.000577771
10.6 12.6 0.000473202
10.8 12.6 0.000357812
11 12.6 0.000249793
11.2 12.6 0.000161
11.4 12.6 9.58066e-05
11.6 12.6 5.26366e-05
11.8 12.6 2.66997e-05
12 12.6 1.25042e-05
12.2 12.6 5.40675e-06
12.4 12.6 2.15851e-06
12.6 12.6 7.95632e-07
12.8 12.6 2.70779e-07
13 12.6 8.50879e-08
13.2 12.6 2.46874e-08
13.4 12.6 6.61367e-09
13.6 12.6 1.63597e-09
13.8 12.6 3.73665e-10
14 12.6 7.88076e-11
14.2 12.6 1.53476e-11
14.4 12.6 2.75998e-12
14.6 12.6 4.58325e-13
14.8 12.6 7.01806e-14
5.2 12.8 2.38807e-14
5.4 12.8 1.55959e-13
5.6 12.8 9.39187e-13
5.8 12.8 5.22269e-12
6 12.8 2.68183e-11
6.2 12.8 1.2716e-10
6.4 12.8 5.5674e-10
6.6 12.8 2.25074e-09
6.8 12.8 8.40163e-09
7 12.8 2.89575e-08
7.2 12.8 9.21539e-08
7.4 12.8 2.70779e-07
7.6 12.8 7.34617e-07
7.8 12.8 1.84012e-06
8 12.8 4.25568e-06
8.2 12.8 9.08706e-06
8.4 12.8 1.79146e-05
8.6 12.8 3.26074e-05
8.8 12.8 5.47962e-05
9 12.8 8.5017e-05
9.2 12.8 0.000121781
9.4 12.8 0.000161055
9.6 12.8 0.000196645
9.8 12.8 0.000221672
10 12.8 0.000230703
10.2 12.8 0.000221672
10.4 12.8 0.000196645
10.6 12.8 0.000161055
10.8 12.8 0.000121781
11 12.8 8.5017e-05
11.2 12.8 5.47962e-05
11.4 12.8 3.26074e-05
11.6 12.8 1.79146e-05
11.8 12.8 9.08706e-06
12 12.8 4.25568e-06
12.2 12.8 1.84012e-06
12.4 12.8 7.34617e-07
12.6 12.8 2.70779e-07
12.8 12.8 9.21539e-08
13 12.8 2.89575e-08
13.2 12.8 8.40163e-09
13.4 12.8 2.25074e-09
13.6 12.8 5.5674e-10
13.8 12.8 1.2716e-10
14 12.8 2.68183e-11
14.2 12.8 5.22269e-12
14.4 12.8 9.39187e-13
14.6 12.8 1.55959e-13
14.8 12.8 2.38807e-14
5.2 13 7.50276e-15
5.4 13 4.89995e-14
5.6 13 2.95082e-13
5.8 13 1.64095e-12
6 13 8.42634e-12
6.2 13 3.99547e-11
6.4 13 1.74935e-10
6.6 13 7.07221e-10
6.8 13 2.63998e-09
7 13 9.09921e-09
7.2 13 2.89575e-08
7.4 13 8.50879e-08
7.6 13 2.30844e-07
7.8 13 5.7824e-07
8 13 1.33731e-06
8.2 13 2.85556e-06
8.4 13 5.6296e-06
8.6 13 1.02468e-05
8.8 13 1.72197e-05
9 13 2.67166e-05
9.2 13 3.827e-05
9.4 13 5.06119e-05
9.6 13 6.17964e-05
9.8 13 6.96611e-05
10 13 7.24991e-05
10.2 13 6.96611e-05
10.4 13 6.17964e-05
10.6 13 5.06119e-05
10.8 13 3.827e-05
11 13 2.67166e-05
11.2 13 1.72197e-05
11.4 13 1.02468e-05
11.6 13 5.6296e-06
11.8 13 2.85556e-06
12 13 1.33731e-06
12.2 13 5.7824e-07
12.4 13 2.30844e-07
12.6 13 8.50879e-08
12.8 13 2.89575e-08
13 13 9.09921e-09
13.2 13 2.63998e-09
13.4 13 7.07221e-10
13.6 13 1.74935e-10
13.8 13 3.99547e-11
14 13 8.42634e-12
14.2 13 1.64095e-12
14.4 13 2.95082e-13
14.6 13 4.89995e-14
14.8 13 7.50276e-15
5.2 13.2 2.17641e-15
5.4 13.2 1.42141e-14
5.6 13.2 8.56016e-14
5.8 13.2 4.76041e-13
6 13.2 2.44454e-12
6.2 13.2 1.15914e-11
6.4 13.2 5.07518e-11
6.6 13.2 2.05182e-10
6.8 13.2 7.65931e-10
7 13.2 2.63998e-09
7.2 13.2 8.40163e-09
7.4 13.2 2.46874e-08
7.6 13.2 6.69776e-08
7.8 13.2 1.67774e-07
8 13.2 3.88019e-07
8.2 13.2 8.28542e-07
8.4 13.2 1.63344e-06
8.6 13.2 2.97316e-06
8.8 13.2 4.99639e-06
9 13.2 7.75203e-06
9.2 13.2 1.11044e-05
9.4 13.2 1.46855e-05
9.6 13.2 1.79308e-05
9.8 13.2 2.02129e-05
10 13.2 2.10363e-05
10.2 13.2 2.02129e-05
10.4 13.2 1.79308e-05
10.6 13.2 1.46855e-05
10.8 13.2 1.11044e-05
11 13.2 7.75203e-06
11.2 13.2 4.99639e-06
11.4 13.2 2.97316e-06
11.6 13.2 1.63344e-06
11.8 13.2 8.28542e-07
12 13.2 3.88019e-07
12.2 13.2 1.67774e-07
12.4 13.2 6.69776e-08
12.6 13.2 2.46874e-08
12.8 13.2 8.40163e-09
13 13.2 2.63998e-09
13.2 13.2 7.65931e-10
13.4 13.2 2.05182e-10
13.6 13.2 5.07518e-11
13.8 13.2 1.15914e-11
14 13.2 2.44454e-12
14.2 13.2 4.76041e-13
14.4 13.2 8.56016e-14
14.6 13.2 1.42141e-14
14.8 13.2 2.17641e-15
5.2 13.4 5.82928e-16
5.4 13.4 3.80717e-15
5.6 13.4 2.29285e-14
5.8 13.4 1.27511e-13
6 13.4 6.54806e-13
6.2 13.4 3.10499e-12
6.4 13.4 1.35952e-11
6.6 13.4 5.49642e-11
6.8 13.4 2.05182e-10
7 13.4 7.07221e-10
7.2 13.4 2.25074e-09
7.4 13.4 6.61367e-09
7.6 13.4 1.79433e-08
7.8 13.4 4.49471e-08
8 13.4 1.03953e-07
8.2 13.4 2.21973e-07
8.4 13.4 4.37615e-07
8.6 13.4 7.96545e-07
8.8 13.4 1.3386e-06
9 13.4 2.07688e-06
9.2 13.4 2.97503e-06
9.4 13.4 3.93448e-06
9.6 13.4 4.80397e-06
9.8 13.4 5.41537e-06
10 13.4 5.636e-06
10.2 13.4 5.41537e-06
10.4 13.4 4.80397e-06
10.6 13.4 3.93448e-06
10.8 13.4 2.97503e-06
11 13.4 2.07688e-06
11.2 13.4 1.3386e-06
11.4 13.4 7.96545e-07
11.6 13.4 4.37615e-07
11.8 13.4 2.21973e-07
12 13.4 1.03953e-07
12.2 13.4 4.49471e-08
12.4 13.4 1.79433e-08
12.6 13.4 6.61367e-09
12.8 13.4 2.25074e-09
13 13.4 7.07221e-10
13.2 13.4 2.05182e-10
13.4 13.4 5.49642e-11
13.6 13.4 1.35952e-11
13.8 13.4 3.10499e-12
14 13.4 6.54806e-13
14.2 13.4 1.27511e-13
14.4 13.4 2.29285e-14
14.6 13.4 3.80717e-15
14.8 13.4 5.82928e-16
5.2 13.6 1.4416e-16
5.4 13.6 9.4155e-16
5.6 13.6 5.67061e-15
5.8 13.6 3.15366e-14
6 13.6 1.61953e-13
6.2 13.6 7.67976e-13
6.4 13.6 3.36265e-12
6.6 13.6 1.35952e-11
6.8 13.6 5.07518e-11
7 13.6 1.74935e-10
7.2 13.6 5.5674e-10
7.4 13.6 1.63597e-09
7.6 13.6 4.43856e-09
7.8 13.6 1.11185e-08
8 13.6 2.57148e-08
8.2 13.6 5.49102e-08
8.4 13.6 1.08255e-07
8.6 13.6 1.97047e-07
8.8 13.6 3.31141e-07
9 13.6 5.13779e-07
9.2 13.6 7.35965e-07
9.4 13.6 9.73319e-07
9.6 13.6 1.18842e-06
9.8 13.6 1.33967e-06
10 13.6 1.39425e-06
10.2 13.6 1.33967e-06
10.4 13.6 1.18842e-06
10.6 13.6 9.73319e-07
10.8 13.6 7.35965e-07
11 13.6 5.13779e-07
11.2 13.6 3.31141e-07
11.4 13.6 1.97047e-07
11.6 13.6 1.08255e-07
11.8 13.6 5.49102e-08
12 13.6 2.57148e-08
12.2 13.6 1.11185e-08
12.4 13.6 4.43856e-09
12.6 13.6 1.63597e-09
12.8 13.6 5.5674e-10
13 13.6 1.74935e-10
13.2 13.6 5.07518e-11
13.4 13.6 1.35952e-11
13.6 13.6 3.36265e-12
13.8 13.6 7.67976e-13
14 13.6 1.61953e-13
14.2 13.6 3.15366e-14
14.4 13.6 5.67061e-15
14.6 13.6 9.4155e-16
14.8 13.6 1.4416e-16
5.2 13.8 3.29186e-17
5.4 13.8 2.15005e-16
5.6 13.8 1.29494e-15
5.8 13.8 7.2019e-15
6 13.8 3.69857e-14
6.2 13.8 1.75389e-13
6.4 13.8 7.67976e-13
6.6 13.8 3.10499e-12
6.8 13.8 1.15914e-11
7 13.8 3.99547e-11
7.2 13.8 1.2716e-10
7.4 13.8 3.73665e-10
7.6 13.8 1.0138e-09
7.8 13.8 2.53959e-09
8 13.8 5.87363e-09
8.2 13.8 1.25424e-08
8.4 13.8 2.47275e-08
8.6 13.8 4.50095e-08
8.8 13.8 7.56398e-08
9 13.8 1.17359e-07
9.2 13.8 1.68112e-07
9.4 13.8 2.2233e-07
9.6 13.8 2.71465e-07
9.8 13.8 3.06015e-07
10 13.8 3.18483e-07
10.2 13.8 3.06015e-07
10.4 13.8 2.71465e-07
10.6 13.8 2.2233e-07
10.8 13.8 1.68112e-07
11 13.8 1.17359e-07
11.2 13.8 7.56398e-08
11.4 13.8 4.50095e-08
11.6 13.8 2.47275e-08
11.8 13.8 1.25424e-08
12 13.8 5.87363e-09
12.2 13.8 2.53959e-09
12.4 13.8 1.0138e-09
12.6 13.8 3.73665e-10
12.8 13.8 1.2716e-10
13 13.8 3.99547e-11
13.2 13.8 1.15914e-11
13.4 13.8 3.10499e-12
13.6 13.8 7.67976e-13
13.8 13.8 1.75389e-13
14 13.8 3.69857e-14
14.2 13.8 7.2019e-15
14.4 13.8 1.29494e-15
14.6 13.8 2.15005e-16
14.8 13.8 3.29186e-17
5.2 14 6.94077e-18
5.4 14 4.53343e-17
5.6 14 2.7305e-16
5.8 14 1.51863e-15
6 14 7.79925e-15
6.2 14 3.69857e-14
6.4 14 1.61953e-13
6.6 14 6.54806e-13
6.8 14 2.44454e-12
7 14 8.42634e-12
7.2 14 2.68183e-11
7.4 14 7.88076e-11
7.6 14 2.13819e-10
7.8 14 5.35626e-10
8 14 1.23883e-09
8.2 14 2.64538e-09
8.4 14 5.21546e-09
8.6 14 9.49337e-09
8.8 14 1.5954e-08
9 14 2.47536e-08
9.2 14 3.54587e-08
9.4 14 4.68947e-08
9.6 14 5.72585e-08
9.8 14 6.45461e-08
10 14 6.71759e-08
10.2 14 6.45461e-08
10.4 14 5.72585e-08
10.6 14 4.68947e-08
10.8 14 3.54587e-08
11 14 2.47536e-08
11.2 14 1.5954e-08
11.4 14 9.49337e-09
11.6 14 5.21546e-09
11.8 14 2.64538e-09
12 14 1.23883e-09
12.2 14 5.35626e-10
12.4 14 2.13819e-10
12.6 14 7.88076e-11
12.8 14 2.68183e-11
13 14 8.42634e-12
13.2 14 2.44454e-12
13.4 14 6.54806e-13
13.6 14 1.61953e-13
13.8 14 3.69857e-14
14 14 7.79925e-15
14.2 14 1.51863e-15
14.4 14 2.7305e-16
14.6 14 4.53343e-17
14.8 14 6.94077e-18
5.2 14.2 1.3513e-18
5.4 14.2 8.82636e-18
5.6 14.2 5.31634e-17
5.8 14.2 2.95692e-16
6 14.2 1.51863e-15
6.2 14.2 7.2019e-15
6.4 14.2 3.15366e-14
6.6 14.2 1.27511e-13
6.8 14.2 4.76041e-13
7 14.2 1.64095e-12
7.2 14.2 5.22269e-12
7.4 14.2 1.53476e-11
7.6 14.2 4.16414e-11
7.8 14.2 1.04315e-10
8 14.2 2.41269e-10
8.2 14.2 5.1521e-10
8.4 14.2 1.01577e-09
8.6 14.2 1.84895e-09
8.8 14.2 3.10726e-09
9 14.2 4.82113e-09
9.2 14.2 6.90615e-09
9.4 14.2 9.13354e-09
9.6 14.2 1.11521e-08
9.8 14.2 1.25715e-08
10 14.2 1.30837e-08
10.2 14.2 1.25715e-08
10.4 14.2 1.11521e-08
10.6 14.2 9.13354e-09
10.8 14.2 6.90615e-09
11 14.2 4.82113e-09
11.2 14.2 3.10726e-09
11.4 14.2 1.84895e-09
11.6 14.2 1.01577e-09
11.8 14.2 5.1521e-10
12 14.2 2.41269e-10
12.2 14.2 1.04315e-10
12.4 14.2 4.16414e-11
12.6 14.2 1.53476e-11
12.8 14.2 5.22269e-12
13 14.2 1.64095e-12
13.2 14.2 4.76041e-13
13.4 14.2 1.27511e-13
13.6 14.2 3.15366e-14
13.8 14.2 7.2019e-15
14 14.2 1.51863e-15
14.2 14.2 2.95692e-16
14.4 14.2 5.31634e-17
14.6 14.2 8.82636e-18
14.8 14.2 1.3513e-18
5.2 14.4 2.42928e-19
5.4 14.4 1.5868e-18
5.6 14.4 9.55807e-18
5.8 14.4 5.31634e-17
6 14.4 2.7305e-16
6.2 14.4 1.29494e-15
6.4 14.4 5.67061e-15
6.6 14.4 2.29285e-14
6.8 14.4 8.56016e-14
7 14.4 2.95082e-13
7.2 14.4 9.39187e-13
7.4 14.4 2.75998e-12
7.6 14.4 7.48857e-12
7.8 14.4 1.87598e-11
8 14.4 4.33898e-11
8.2 14.4 9.26566e-11
8.4 14.4 1.8268e-10
8.6 14.4 3.32526e-10
8.8 14.4 5.58833e-10
9 14.4 8.67074e-10
9.2 14.4 1.24207e-09
9.4 14.4 1.64267e-09
9.6 14.4 2.00572e-09
9.8 14.4 2.261e-09
10 14.4 2.35313e-09
10.2 14.4 2.261e-09
10.4 14.4 2.00572e-09
10.6 14.4 1.64267e-09
10.8 14.4 1.24207e-09
11 14.4 8.67074e-10
11.2 14.4 5.58833e-10
11.4 14.4 3.32526e-10
11.6 14.4 1.8268e-10
11.8 14.4 9.26566e-11
12 14.4 4.33898e-11
12.2 14.4 1.87598e-11
12.4 14.4 7.48857e-12
12.6 14.4 2.75998e-12
12.8 14.4 9.39187e-13
13 14.4 2.95082e-13
13.2 14.4 8.56016e-14
13.4 14.4 2.29285e-14
13.6 14.4 5.67061e-15
13.8 14.4 1.29494e-15
14 14.4 2.7305e-16
14.2 14.4 5.31634e-17
14.4 14.4 9.55807e-18
14.6 14.4 1.5868e-18
14.8 14.4 2.42928e-19
5.2 14.6 4.0327e-20
5.4 14.6 2.63424e-19
5.6 14.6 1.5868e-18
5.8 14.6 8.82636e-18
6 14.6 4.53343e-17
6.2 14.6 2.15005e-16
6.4 14.6 9.4155e-16
6.6 14.6 3.80717e-15
6.8 14.6 1.42141e-14
7 14.6 4.89995e-14
7.2 14.6 1.55959e-13
7.4 14.6 4.58325e-13
7.6 14.6 1.24358e-12
7.8 14.6 3.11538e-12
8 14.6 7.20573e-12
8.2 14.6 1.53877e-11
8.4 14.6 3.03383e-11
8.6 14.6 5.52245e-11
8.8 14.6 9.28094e-11
9 14.6 1.44002e-10
9.2 14.6 2.06282e-10
9.4 14.6 2.72815e-10
9.6 14.6 3.33111e-10
9.8 14.6 3.7551e-10
10 14.6 3.9081e-10
10.2 14.6 3.7551e-10
10.4 14.6 3.33111e-10
10.6 14.6 2.72815e-10
10.8 14.6 2.06282e-10
11 14.6 1.44002e-10
11.2 14.6 9.28094e-11
11.4 14.6 5.52245e-11
11.6 14.6 3.03383e-11
11.8 14.6 1.53877e-11
12 14.6 7.20573e-12
12.2 14.6 3.11538e-12
12.4 14.6 1.24358e-12
12.6 14.6 4.58325e-13
12.8 14.6 1.55959e-13
13 14.6 4.89995e-14
13.2 14.6 1.42141e-14
13.4 14.6 3.80717e-15
13.6 14.6 9.4155e-16
13.8 14.6 2.15005e-16
14 14.6 4.53343e-17
14.2 14.6 8.82636e-18
14.4 14.6 1.5868e-18
14.6 14.6 2.63424e-19
14.8 14.6 4.0327e-20
5.2 14.8 6.17344e-21
5.4 14.8 4.0327e-20
5.6 14.8 2.42928e-19
5.8 14.8 1.3513e-18
6 14.8 6.94077e-18
6.2 14.8 3.29186e-17
6.4 14.8 1.4416e-16
6.6 14.8 5.82928e-16
6.8 14.8 2.17641e-15
7 14.8 7.50276e-15
7.2 14.8 2.38807e-14
7.4 14.8 7.01806e-14
7.6 14.8 1.90425e-13
7.8 14.8 4.77053e-13
8 14.8 1.10341e-12
8.2 14.8 2.35634e-12
8.4 14.8 4.64579e-12
8.6 14.8 8.45676e-12
8.8 14.8 1.42124e-11
9 14.8 2.20519e-11
9.2 14.8 3.15894e-11
9.4 14.8 4.17782e-11
9.6 14.8 5.10118e-11
9.8 14.8 5.75048e-11
10 14.8 5.98478e-11
10.2 14.8 5.75048e-11
10.4 14.8 5.10118e-11
10.6 14.8 4.17782e-11
10.8 14.8 3.15894e-11
11 14.8 2.20519e-11
11.2 14.8 1.42124e-11
11.4 14.8 8.45676e-12
11.6 14.8 4.64579e-12
11.8 14.8 2.35634e-12
12 14.8 1.10341e-12
12.2 14.8 4.77053e-13
12.4 14.8 1.90425e-13
12.6 14.8 7.01806e-14
12.8 14.8 2.38807e-14
13 14.8 7.50276e-15
13.2 14.8 2.17641e-15
13.4 14.8 5.82928e-16
13.6 14.8 1.4416e-16
13.8 14.8 3.29186e-17
14 14.8 6.94077e-18
14.2 14.8 1.3513e-18
14.4 14.8 2.42928e-19
14.6 14.8 4.0327e-20
14.8 14.8 6.17344e-21

