5.2 5.2 4.76993e-21
5.4 5.2 3.11283e-20
5.6 5.2 1.87277e-19
5.8 5.2 1.04051e-18
6 5.2 5.33862e-18
6.2 5.2 2.52945e-17
6.4 5.2 1.10669e-16
6.6 5.2 4.47118e-16
6.8 5.2 1.66804e-15
7 5.2 5.74611e-15
7.2 5.2 1.82774e-14
7.4 5.2 5.36815e-14
7.6 5.2 1.45578e-13
7.8 5.2 3.64524e-13
8 5.2 8.42768e-13
8.2 5.2 1.79903e-12
8.4 5.2 3.54578e-12
8.6 5.2 6.45247e-12
8.8 5.2 1.08412e-11
9 5.2 1.68176e-11
9.2 5.2 2.40871e-11
9.4 5.2 3.18518e-11
9.6 5.2 3.88879e-11
9.8 5.2 4.38352e-11
10 5.2 4.56204e-11
10.2 5.2 4.38352e-11
10.4 5.2 3.88879e-11
10.6 5.2 3.18518e-11
10.8 5.2 2.40871e-11
11 5.2 1.68176e-11
11.2 5.2 1.08412e-11
11.4 5.2 6.45247e-12
11.6 5.2 3.54578e-12
11.8 5.2 1.79903e-12
12 5.2 8.42768e-13
12.2 5.2 3.64524e-13
12.4 5.2 1.45578e-13
12.6 5.2 5.36815e-14
12.8 5.2 1.82774e-14
13 5.2 5.74611e-15
13.2 5.2 1.66804e-15
13.4 5.2 4.47118e-16
13.6 5.2 1.10669e-16
13.8 5.2 2.52945e-17
14 5.2 5.33862e-18
14.2 5.2 1.04051e-18
14.4 5.2 1.87277e-19
14.6 5.2 3.11283e-20
14.8 5.2 4.76993e-21
5.2 5.4 3.11283e-20
5.4 5.4 2.03135e-19
5.6 5.4 1.22207e-18
5.8 5.4 6.78954e-18
6 5.4 3.48344e-17
6.2 5.4 1.6504e-16
6.4 5.4 7.22065e-16
6.6 5.4 2.91716e-15
6.8 5.4 1.08826e-14
7 5.4 3.74878e-14
7.2 5.4 1.1924e-13
7.4 5.4 3.50205e-13
7.6 5.4 9.49699e-13
7.8 5.4 2.37798e-12
8 5.4 5.49772e-12
8.2 5.4 1.17356e-11
8.4 5.4 2.313e-11
8.6 5.4 4.20906e-11
8.8 5.4 7.07186e-11
9 5.4 1.09703e-10
9.2 5.4 1.57121e-10
9.4 5.4 2.0777e-10
9.6 5.4 2.53665e-10
9.8 5.4 2.85936e-10
10 5.4 2.9758e-10
10.2 5.4 2.85936e-10
10.4 5.4 2.53665e-10
10.6 5.4 2.0777e-10
10.8 5.4 1.57121e-10
11 5.4 1.09703e-10
11.2 5.4 7.07186e-11
11.4 5.4 4.20906e-11
11.6 5.4 2.313e-11
11.8 5.4 1.17356e-11
12 5.4 5.49772e-12
12.2 5.4 2.37798e-12
12.4 5.4 9.49699e-13
12.6 5.4 3.50205e-13
12.8 5.4 1.1924e-13
13 5.4 3.74878e-14
13.2 5.4 1.08826e-14
13.4 5.4 2.91716e-15
13.6 5.4 7.22065e-16
13.8 5.4 1.6504e-16
14 5.4 3.48344e-17
14.2 5.4 6.78954e-18
14.4 5.4 1.22207e-18
14.6 5.4 2.03135e-19
14.8 5.4 3.11283e-20
5.2 5.6 1.87277e-19
5.4 5.6 1.22207e-18
5.6 5.6 7.35162e-18
5.8 5.6 4.08418e-17
6 5.6 2.09532e-16
6.2 5.6 9.92689e-16
6.4 5.6 4.34292e-15
6.6 5.6 1.75449e-14
6.8 5.6 6.54498e-14
7 5.6 2.2545e-13
7.2 5.6 7.17082e-13
7.4 5.6 2.106e-12
7.6 5.6 5.71099e-12
7.8 5.6 1.42996e-11
8 5.6 3.3059e-11
8.2 5.6 7.05678e-11
8.4 5.6 1.39081e-10
8.6 5.6 2.53089e-10
8.8 5.6 4.25222e-10
9 5.6 6.59622e-10
9.2 5.6 9.44732e-10
9.4 5.6 1.24926e-09
9.6 5.6 1.52521e-09
9.8 5.6 1.71924e-09
10 5.6 1.78926e-09
10.2 5.6 1.71924e-09
10.4 5.6 1.52521e-09
10.6 5.6 1.24926e-09
10.8 5.6 9.44732e-10
11 5.6 6.59622e-10
11.2 5.6 4.25222e-10
11.4 5.6 2.53089e-10
11.6 5.6 1.39081e-10
11.8 5.6 7.05678e-11
12 5.6 3.3059e-11
12.2 5.6 1.42996e-11
12.4 5.6 5.71099e-12
12.6 5.6 2.106e-12
12.8 5.6 7.17082e-13
13 5.6 2.2545e-13
13.2 5.6 6.54498e-14
13.4 5.6 1.75449e-14
13.6 5.6 4.34292e-15
13.8 5.6 9.92689e-16
14 5.6 2.09532e-16
14.2 5.6 4.08418e-17
14.4 5.6 7.35162e-18
14.6 5.6 1.22207e-18
14.8 5.6 1.87277e-19
5.2 5.8 1.04051e-18
5.4 5.8 6.78954e-18
5.6 5.8 4.08418e-17
5.8 5.8 2.26885e-16
6 5.8 1.16395e-15
6.2 5.8 5.51412e-15
6.4 5.8 2.41229e-14
6.6 5.8 9.74498e-14
6.8 5.8 3.63518e-13
7 5.8 1.25214e-12
7.2 5.8 3.98255e-12
7.4 5.8 1.1696e-11
7.6 5.8 3.17163e-11
7.8 5.8 7.9412e-11
8 5.8 1.83588e-10
8.2 5.8 3.91881e-10
8.4 5.8 7.72342e-10
8.6 5.8 1.40543e-09
8.8 5.8 2.36128e-09
9 5.8 3.66287e-09
9.2 5.8 5.24605e-09
9.4 5.8 6.93706e-09
9.6 5.8 8.46936e-09
9.8 5.8 9.54675e-09
10 5.8 9.93553e-09
10.2 5.8 9.54675e-09
10.4 5.8 8.46936e-09
10.6 5.8 6.93706e-09
10.8 5.8 5.24605e-09
11 5.8 3.66287e-09
11.2 5.8 2.36128e-09
11.4 5.8 1.40543e-09
11.6 5.8 7.72342e-10
11.8 5.8 3.91881e-10
12 5.8 1.83588e-10
12.2 5.8 7.9412e-11
12.4 5.8 3.17163e-11
12.6 5.8 1.1696e-11
12.8 5.8 3.98255e-12
13 5.8 1.25214e-12
13.2 5.8 3.63518e-13
13.4 5.8 9.74498e-14
13.6 5.8 2.41229e-14
13.8 5.8 5.51412e-15
14 5.8 1.16395e-15
14.2 5.8 2.26885e-16
14.4 5.8 4.08418e-17
14.6 5.8 6.78954e-18
14.8 5.8 1.04051e-18
5.2 6 5.33862e-18
5.4 6 3.48344e-17
5.6 6 2.09532e-16
5.8 6 1.16395e-15
6 6 5.97092e-15
6.2 6 2.82858e-14
6.4 6 1.23739e-13
6.6 6 4.99855e-13
6.8 6 1.86455e-12
7 6 6.42231e-12
7.2 6 2.04262e-11
7.4 6 5.99867e-11
7.6 6 1.62663e-10
7.8 6 4.07272e-10
8 6 9.41534e-10
8.2 6 2.00973e-09
8.4 6 3.96085e-09
8.6 6 7.20745e-09
8.8 6 1.21092e-08
9 6 1.8784e-08
9.2 6 2.69026e-08
9.4 6 3.55743e-08
9.6 6 4.34319e-08
9.8 6 4.89568e-08
10 6 5.09505e-08
10.2 6 4.89568e-08
10.4 6 4.34319e-08
10.6 6 3.55743e-08
10.8 6 2.69026e-08
11 6 1.8784e-08
11.2 6 1.21092e-08
11.4 6 7.20745e-09
11.6 6 3.96085e-09
11.8 6 2.00973e-09
12 6 9.41534e-10
12.2 6 4.07272e-10
12.4 6 1.62663e-10
12.6 6 5.99867e-11
12.8 6 2.04262e-11
13 6 6.42231e-12
13.2 6 1.86455e-12
13.4 6 4.99855e-13
13.6 6 1.23739e-13
13.8 6 2.82858e-14
14 6 5.97092e-15
14.2 6 1.16395e-15
14.4 6 2.09532e-16
14.6 6 3.48344e-17
14.8 6 5.33862e-18
5.2 6.2 2.52945e-17
5.4 6.2 1.6504e-16
5.6 6.2 9.92689e-16
5.8 6.2 5.51412e-15
6 6.2 2.82858e-14
6.2 6.2 1.33993e-13
6.4 6.2 5.86143e-13
6.6 6.2 2.36771e-12
6.8 6.2 8.83175e-12
7 6.2 3.04195e-11
7.2 6.2 9.6747e-11
7.4 6.2 2.84116e-10
7.6 6.2 7.7041e-10
7.8 6.2 1.9289e-09
8 6.2 4.45917e-09
8.2 6.2 9.5181e-09
8.4 6.2 1.87583e-08
8.6 6.2 3.41337e-08
8.8 6.2 5.73473e-08
9 6.2 8.89573e-08
9.2 6.2 1.27405e-07
9.4 6.2 1.68471e-07
9.6 6.2 2.05682e-07
9.8 6.2 2.31846e-07
10 6.2 2.41288e-07
10.2 6.2 2.31846e-07
10.4 6.2 2.05682e-07
10.6 6.2 1.68471e-07
10.8 6.2 1.27405e-07
11 6.2 8.89573e-08
11.2 6.2 5.73473e-08
11.4 6.2 3.41337e-08
11.6 6.2 1.87583e-08
11.8 6.2 9.5181e-09
12 6.2 4.45917e-09
12.2 6.2 1.9289e-09
12.4 6.2 7.7041e-10
12.6 6.2 2.84116e-10
12.8 6.2 9.6747e-11
13 6.2 3.04195e-11
13.2 6.2 8.83175e-12
13.4 6.2 2.36771e-12
13.6 6.2 5.86143e-13
13.8 6.2 1.33993e-13
14 6.2 2.82858e-14
14.2 6.2 5.51412e-15
14.4 6.2 9.92689e-16
14.6 6.2 1.6504e-16
14.8 6.2 2.52945e-17
5.2 6.4 1.10669e-16
5.4 6.4 7.22065e-16
5.6 6.4 4.34292e-15
5.8 6.4 2.41229e-14
6 6.4 1.23739e-13
6.2 6.4 5.86143e-13
6.4 6.4 2.56397e-12
6.6 6.4 1.03568e-11
6.8 6.4 3.86307e-11
7 6.4 1.33054e-10
7.2 6.4 4.23159e-10
7.4 6.4 1.24266e-09
7.6 6.4 3.36954e-09
7.8 6.4 8.43629e-09
8 6.4 1.95025e-08
8.2 6.4 4.16275e-08
8.4 6.4 8.20388e-08
8.6 6.4 1.49281e-07
8.8 6.4 2.50801e-07
9 6.4 3.89041e-07
9.2 6.4 5.57182e-07
9.4 6.4 7.36774e-07
9.6 6.4 8.99507e-07
9.8 6.4 1.01393e-06
10 6.4 1.05522e-06
10.2 6.4 1.01393e-06
10.4 6.4 8.99507e-07
10.6 6.4 7.36774e-07
10.8 6.4 5.57182e-07
11 6.4 3.89041e-07
11.2 6.4 2.50801e-07
11.4 6.4 1.49281e-07
11.6 6.4 8.20388e-08
11.8 6.4 4.16275e-08
12 6.4 1.95025e-08
12.2 6.4 8.43629e-09
12.4 6.4 3.36954e-09
12.6 6.4 1.24266e-09
12.8 6.4 4.23159e-10
13 6.4 1.33054e-10
13.2 6.4 3.86307e-11
13.4 6.4 1.03568e-11
13.6 6.4 2.56397e-12
13.8 6.4 5.86143e-13
14 6.4 1.23739e-13
14.2 6.4 2.41229e-14
14.4 6.4 4.34292e-15
14.6 6.4 7.22065e-16
14.8 6.4 1.10669e-16
5.2 6.6 4.47118e-16
5.4 6.6 2.91716e-15
5.6 6.6 1.75449e-14
5.8 6.6 9.74498e-14
6 6.6 4.99855e-13
6.2 6.6 2.36771e-12
6.4 6.6 1.03568e-11
6.6 6.6 4.18336e-11
6.8 6.6 1.56035e-10
7 6.6 5.37413e-10
7.2 6.6 1.70913e-09
7.4 6.6 5.019e-09
7.6 6.6 1.3609e-08
7.8 6.6 3.40723e-08
8 6.6 7.8765e-08
8.2 6.6 1.6812e-07
8.4 6.6 3.31325e-07
8.6 6.6 6.02884e-07
8.8 6.6 1.01288e-06
9 6.6 1.57116e-06
9.2 6.6 2.25019e-06
9.4 6.6 2.97546e-06
9.6 6.6 3.63265e-06
9.8 6.6 4.09473e-06
10 6.6 4.26146e-06
10.2 6.6 4.09473e-06
10.4 6.6 3.63265e-06
10.6 6.6 2.97546e-06
10.8 6.6 2.25019e-06
11 6.6 1.57116e-06
11.2 6.6 1.01288e-06
11.4 6.6 6.02884e-07
11.6 6.6 3.31325e-07
11.8 6.6 1.6812e-07
12 6.6 7.8765e-08
12.2 6.6 3.40723e-08
12.4 6.6 1.3609e-08
12.6 6.6 5.019e-09
12.8 6.6 1.70913e-09
13 6.6 5.37413e-10
13.2 6.6 1.56035e-10
13.4 6.6 4.18336e-11
13.6 6.6 1.03568e-11
13.8 6.6 2.36771e-12
14 6.6 4.99855e-13
14.2 6.6 9.74498e-14
14.4 6.6 1.75449e-14
14.6 6.6 2.91716e-15
14.8 6.6 4.47118e-16
5.2 6.8 1.66804e-15
5.4 6.8 1.08826e-14
5.6 6.8 6.54498e-14
5.8 6.8 3.63518e-13
6 6.8 1.86455e-12
6.2 6.8 8.83175e-12
6.4 6.8 3.86307e-11
6.6 6.8 1.56035e-10
6.8 6.8 5.81983e-10
7 6.8 2.00441e-09
7.2 6.8 6.37449e-09
7.4 6.8 1.87189e-08
7.6 6.8 5.07556e-08
7.8 6.8 1.27073e-07
8 6.8 2.9375e-07
8.2 6.8 6.26988e-07
8.4 6.8 1.23563e-06
8.6 6.8 2.24836e-06
8.8 6.8 3.77734e-06
9 6.8 5.8593e-06
9.2 6.8 8.39156e-06
9.4 6.8 1.10963e-05
9.6 6.8 1.3547e-05
9.8 6.8 1.52702e-05
10 6.8 1.5892e-05
10.2 6.8 1.52702e-05
10.4 6.8 1.3547e-05
10.6 6.8 1.10963e-05
10.8 6.8 8.39156e-06
11 6.8 5.8593e-06
11.2 6.8 3.77734e-06
11.4 6.8 2.24836e-06
11.6 6.8 1.23563e-06
11.8 6.8 6.26988e-07
12 6.8 2.9375e-07
12.2 6.8 1.27073e-07
12.4 6.8 5.07556e-08
12.6 6.8 1.87189e-08
12.8 6.8 6.37449e-09
13 6.8 2.00441e-09
13.2 6.8 5.81983e-10
13.4 6.8 1.56035e-10
13.6 6.8 3.86307e-11
13.8 6.8 8.83175e-12
14 6.8 1.86455e-12
14.2 6.8 3.63518e-13
14.4 6.8 6.54498e-14
14.6 6.8 1.08826e-14
14.8 6.8 1.66804e-15
5.2 7 5.74611e-15
5.4 7 3.74878e-14
5.6 7 2.2545e-13
5.8 7 1.25214e-12
6 7 6.42231e-12
6.2 7 3.04195e-11
6.4 7 1.33054e-10
6.6 7 5.37413e-10
6.8 7 2.00441e-09
7 7 6.90328e-09
7.2 7 2.19537e-08
7.4 7 6.44666e-08
7.6 7 1.74796e-07
7.8 7 4.37617e-07
8 7 1.01162e-06
8.2 7 2.1592e-06
8.4 7 4.25519e-06
8.6 7 7.74269e-06
8.8 7 1.30079e-05
9 7 2.01774e-05
9.2 7 2.88976e-05
9.4 7 3.82114e-05
9.6 7 4.66509e-05
9.8 7 5.25848e-05
10 7 5.4726e-05
10.2 7 5.25848e-05
10.4 7 4.66509e-05
10.6 7 3.82114e-05
10.8 7 2.88976e-05
11 7 2.01774e-05
11.2 7 1.30079e-05
11.4 7 7.74269e-06
11.6 7 4.25519e-06
11.8 7 2.1592e-06
12 7 1.01162e-06
12.2 7 4.37617e-07
12.4 7 1.74796e-07
12.6 7 6.44666e-08
12.8 7 2.19537e-08
13 7 6.90328e-09
13.2 7 2.00441e-09
13.4 7 5.37413e-10
13.6 7 1.33054e-10
13.8 7 3.04195e-11
14 7 6.42231e-12
14.2 7 1.25214e-12
14.4 7 2.2545e-13
14.6 7 3.74878e-14
14.8 7 5.74611e-15
5.2 7.2 1.82774e-14
5.4 7.2 1.1924e-13
5.6 7.2 7.17082e-13
5.8 7.2 3.98255e-12
6 7.2 2.04262e-11
6.2 7.2 9.6747e-11
6.4 7.2 4.23159e-10
6.6 7.2 1.70913e-09
6.8 7.2 6.37449e-09
7 7.2 2.19537e-08
7.2 7.2 6.98154e-08
7.4 7.2 2.05009e-07
7.6 7.2 5.55859e-07
7.8 7.2 1.39162e-06
8 7.2 3.21691e-06
8.2 7.2 6.86611e-06
8.4 7.2 1.35311e-05
8.6 7.2 2.46209e-05
8.8 7.2 4.13636e-05
9 7.2 6.41613e-05
9.2 7.2 9.18897e-05
9.4 7.2 0.000121506
9.6 7.2 0.000148342
9.8 7.2 0.00016721
10 7.2 0.000174019
10.2 7.2 0.00016721
10.4 7.2 0.000148342
10.6 7.2 0.000121506
10.8 7.2 9.18897e-05
11 7.2 6.41613e-05
11.2 7.2 4.13636e-05
11.4 7.2 2.46209e-05
11.6 7.2 1.35311e-05
11.8 7.2 6.86611e-06
12 7.2 3.21691e-06
12.2 7.2 1.39162e-06
12.4 7.2 5.55859e-07
12.6 7.2 2.05009e-07
12.8 7.2 6.98154e-08
13 7.2 2.19537e-08
13.2 7.2 6.37449e-09
13.4 7.2 1.70913e-09
13.6 7.2 4.23159e-10
13.8 7.2 9.6747e-11
14 7.2 2.04262e-11
14.2 7.2 3.98255e-12
14.4 7.2 7.17082e-13
14.6 7.2 1.1924e-13
14.8 7.2 1.82774e-14
5.2 7.4 5.36815e-14
5.4 7.4 3.50205e-13
5.6 7.4 2.106e-12
5.8 7.4 1.1696e-11
6 7.4 5.99867e-11
6.2 7.4 2.84116e-10
6.4 7.4 1.24266e-09
6.6 7.4 5.019e-09
6.8 7.4 1.87189e-08
7 7.4 6.44666e-08
7.2 7.4 2.05009e-07
7.4 7.4 6.01989e-07
7.6 7.4 1.63221e-06
7.8 7.4 4.08628e-06
8 7.4 9.44584e-06
8.2 7.4 2.01609e-05
8.4 7.4 3.97309e-05
8.6 7.4 7.22929e-05
8.8 7.4 0.000121453
9 7.4 0.000188391
9.2 7.4 0.000269807
9.4 7.4 0.000356764
9.6 7.4 0.000435558
9.8 7.4 0.000490959
10 7.4 0.00051095
10.2 7.4 0.000490959
10.4 7.4 0.000435558
10.6 7.4 0.000356764
10.8 7.4 0.000269807
11 7.4 0.000188391
11.2 7.4 0.000121453
11.4 7.4 7.22929e-05
11.6 7.4 3.97309e-05
11.8 7.4 2.01609e-05
12 7.4 9.44584e-06
12.2 7.4 4.08628e-06
12.4 7.4 1.63221e-06
12.6 7.4 6.01989e-07
12.8 7.4 2.05009e-07
13 7.4 6.44666e-08
13.2 7.4 1.87189e-08
13.4 7.4 5.019e-09
13.6 7.4 1.24266e-09
13.8 7.4 2.84116e-10
14 7.4 5.99867e-11
14.2 7.4 1.1696e-11
14.4 7.4 2.106e-12
14.6 7.4 3.50205e-13
14.8 7.4 5.36815e-14
5.2 7.6 1.45578e-13
5.4 7.6 9.49699e-13
5.6 7.6 5.71099e-12
5.8 7.6 3.17163e-11
6 7.6 1.62663e-10
6.2 7.6 7.7041e-10
6.4 7.6 3.36954e-09
6.6 7.6 1.3609e-08
6.8 7.6 5.07556e-08
7 7.6 1.74796e-07
7.2 7.6 5.55859e-07
7.4 7.6 1.63221e-06
7.6 7.6 4.42545e-06
7.8 7.6 1.10791e-05
8 7.6 2.56103e-05
8.2 7.6 5.46613e-05
8.4 7.6 0.00010772
8.6 7.6 0.000196002
8.8 7.6 0.000329284
9 7.6 0.000510765
9.2 7.6 0.000731496
9.4 7.6 0.000967253
9.6 7.6 0.00118088
9.8 7.6 0.00133108
10 7.6 0.00138527
10.2 7.6 0.00133108
10.4 7.6 0.00118088
10.6 7.6 0.000967253
10.8 7.6 0.000731496
11 7.6 0.000510765
11.2 7.6 0.000329284
11.4 7.6 0.000196002
11.6 7.6 0.00010772
11.8 7.6 5.46613e-05
12 7.6 2.56103e-05
12.2 7.6 1.10791e-05
12.4 7.6 4.42545e-06
12.6 7.6 1.63221e-06
12.8 7.6 5.55859e-07
13 7.6 1.74796e-07
13.2 7.6 5.07556e-08
13.4 7.6 1.3609e-08
13.6 7.6 3.36954e-09
13.8 7.6 7.7041e-10
14 7.6 1.62663e-10
14.2 7.6 3.17163e-11
14.4 7.6 5.71099e-12
14.6 7.6 9.49699e-13
14.8 7.6 1.45578e-13
5.2 7.8 3.64524e-13
5.4 7.8 2.37798e-12
5.6 7.8 1.42996e-11
5.8 7.8 7.9412e-11
6 7.8 4.07272e-10
6.2 7.8 1.9289e-09
6.4 7.8 8.43629e-09
6.6 7.8 3.40723e-08
6.8 7.8 1.27073e-07
7 7.8 4.37617e-07
7.2 7.8 1.39162e-06
7.4 7.8 4.08628e-06
7.6 7.8 1.10791e-05
7.8 7.8 2.77364e-05
8 7.8 6.41144e-05
8.2 7.8 0.000136841
8.4 7.8 0.000269669
8.6 7.8 0.000490675
8.8 7.8 0.00082433
9 7.8 0.00127865
9.2 7.8 0.00183122
9.4 7.8 0.0024214
9.6 7.8 0.00295617
9.8 7.8 0.00333218
10 7.8 0.00346786
10.2 7.8 0.00333218
10.4 7.8 0.00295617
10.6 7.8 0.0024214
10.8 7.8 0.00183122
11 7.8 0.00127865
11.2 7.8 0.00082433
11.4 7.8 0.000490675
11.6 7.8 0.000269669
11.8 7.8 0.000136841
12 7.8 6.41144e-05
12.2 7.8 2.77364e-05
12.4 7.8 1.10791e-05
12.6 7.8 4.08628e-06
12.8 7.8 1.39162e-06
13 7.8 4.37617e-07
13.2 7.8 1.27073e-07
13.4 7.8 3.40723e-08
13.6 7.8 8.43629e-09
13.8 7.8 1.9289e-09
14 7.8 4.07272e-10
14.2 7.8 7.9412e-11
14.4 7.8 1.42996e-11
14.6 7.8 2.37798e-12
14.8 7.8 3.64524e-13
5.2 8 8.42768e-13
5.4 8 5.49772e-12
5.6 8 3.3059e-11
5.8 8 1.83588e-10
6 8 9.41534e-10
6.2 8 4.45917e-09
6.4 8 1.95025e-08
6.6 8 7.8765e-08
6.8 8 2.9375e-07
7 8 1.01162e-06
7.2 8 3.21691e-06
7.4 8 9.44584e-06
7.6 8 2.56103e-05
7.8 8 6.41144e-05
8 8 0.000148203
8.2 8 0.000316313
8.4 8 0.000623346
8.6 8 0.0011342
8.8 8 0.00190544
9 8 0.00295558
9.2 8 0.00423283
9.4 8 0.00559701
9.6 8 0.00683312
9.8 8 0.00770224
10 8 0.00801585
10.2 8 0.00770224
10.4 8 0.00683312
10.6 8 0.00559701
10.8 8 0.00423283
11 8 0.00295558
11.2 8 0.00190544
11.4 8 0.0011342
11.6 8 0.000623346
11.8 8 0.000316313
12 8 0.000148203
12.2 8 6.41144e-05
12.4 8 2.56103e-05
12.6 8 9.44584e-06
12.8 8 3.21691e-06
13 8 1.01162e-06
13.2 8 2.9375e-07
13.4 8 7.8765e-08
13.6 8 1.95025e-08
13.8 8 4.45917e-09
14 8 9.41534e-10
14.2 8 1.83588e-10
14.4 8 3.3059e-11
14.6 8 5.49772e-12
14.8 8 8.42768e-13
5.2 8.2 1.79903e-12
5.4 8.2 1.17356e-11
5.6 8.2 7.05678e-11
5.8 8.2 3.91881e-10
6 8.2 2.00973e-09
6.2 8.2 9.5181e-09
6.4 8.2 4.16275e-08
6.6 8.2 1.6812e-07
6.8 8.2 6.26988e-07
7 8.2 2.1592e-06
7.2 8.2 6.86611e-06
7.4 8.2 2.01609e-05
7.6 8.2 5.46613e-05
7.8 8.2 0.000136841
8 8.2 0.000316313
8.2 8.2 0.000675109
8.4 8.2 0.0013304
8.6 8.2 0.0024207
8.8 8.2 0.00406673
9 8.2 0.00630801
9.2 8.2 0.00903398
9.4 8.2 0.0119455
9.6 8.2 0.0145836
9.8 8.2 0.0164386
10 8.2 0.0171079
10.2 8.2 0.0164386
10.4 8.2 0.0145836
10.6 8.2 0.0119455
10.8 8.2 0.00903398
11 8.2 0.00630801
11.2 8.2 0.00406673
11.4 8.2 0.0024207
11.6 8.2 0.0013304
11.8 8.2 0.000675109
12 8.2 0.000316313
12.2 8.2 0.000136841
12.4 8.2 5.46613e-05
12.6 8.2 2.01609e-05
12.8 8.2 6.86611e-06
13 8.2 2.1592e-06
13.2 8.2 6.26988e-07
13.4 8.2 1.6812e-07
13.6 8.2 4.16275e-08
13.8 8.2 9.5181e-09
14 8.2 2.00973e-09
14.2 8.2 3.91881e-10
14.4 8.2 7.05678e-11
14.6 8.2 1.17356e-11
14.8 8.2 1.79903e-12
5.2 8.4 3.54578e-12
5.4 8.4 2.313e-11
5.6 8.4 1.39081e-10
5.8 8.4 7.72342e-10
6 8.4 3.96085e-09
6.2 8.4 1.87583e-08
6.4 8.4 8.20388e-08
6.6 8.4 3.31325e-07
6.8 8.4 1.23563e-06
7 8.4 4.25519e-06
7.2 8.4 1.35311e-05
7.4 8.4 3.97309e-05
7.6 8.4 0.00010772
7.8 8.4 0.000269669
8 8.4 0.000623346
8.2 8.4 0.0013304
8.4 8.4 0.00262175
8.6 8.4 0.00477032
8.8 8.4 0.00801401
9 8.4 0.0124307
9.2 8.4 0.0178025
9.4 8.4 0.02354
9.6 8.4 0.0287387
9.8 8.4 0.032394
10 8.4 0.033713
10.2 8.4 0.032394
10.4 8.4 0.0287387
10.6 8.4 0.02354
10.8 8.4 0.0178025
11 8.4 0.0124307
11.2 8.4 0.00801401
11.4 8.4 0.00477032
11.6 8.4 0.00262175
11.8 8.4 0.0013304
12 8.4 0.000623346
12.2 8.4 0.000269669
12.4 8.4 0.00010772
12.6 8.4 3.97309e-05
12.8 8.4 1.35311e-05
13 8.4 4.25519e-06
13.2 8.4 1.23563e-06
13.4 8.4 3.31325e-07
13.6 8.4 8.20388e-08
13.8 8.4 1.87583e-08
14 8.4 3.96085e-09
14.2 8.4 7.72342e-10
14.4 8.4 1.39081e-10
14.6 8.4 2.313e-11
14.8 8.4 3.54578e-12
5.2 8.6 6.45247e-12
5.4 8.6 4.20906e-11
5.6 8.6 2.53089e-10
5.8 8.6 1.40543e-09
6 8.6 7.20745e-09
6.2 8.6 3.41337e-08
6.4 8.6 1.49281e-07
6.6 8.6 6.02884e-07
6.8 8.6 2.24836e-06
7 8.6 7.74269e-06
7.2 8.6 2.46209e-05
7.4 8.6 7.22929e-05
7.6 8.6 0.000196002
7.8 8.6 0.000490675
8 8.6 0.0011342
8.2 8.6 0.0024207
8.4 8.6 0.00477032
8.6 8.6 0.00867966
8.8 8.6 0.0145816
9 8.6 0.0226177
9.2 8.6 0.0323917
9.4 8.6 0.0428309
9.6 8.6 0.0522899
9.8 8.6 0.0589407
10 8.6 0.0613405
10.2 8.6 0.0589407
10.4 8.6 0.0522899
10.6 8.6 0.0428309
10.8 8.6 0.0323917
11 8.6 0.0226177
11.2 8.6 0.0145816
11.4 8.6 0.00867966
11.6 8.6 0.00477032
11.8 8.6 0.0024207
12 8.6 0.0011342
12.2 8.6 0.000490675
12.4 8.6 0.000196002
12.6 8.6 7.22929e-05
12.8 8.6 2.46209e-05
13 8.6 7.74269e-06
13.2 8.6 2.24836e-06
13.4 8.6 6.02884e-07
13.6 8.6 1.49281e-07
13.8 8.6 3.41337e-08
14 8.6 7.20745e-09
14.2 8.6 1.40543e-09
14.4 8.6 2.53089e-10
14.6 8.6 4.20906e-11
14.8 8.6 6.45247e-12
5.2 8.8 1.08412e-11
5.4 8.8 7.07186e-11
5.6 8.8 4.25222e-10
5.8 8.8 2.36128e-09
6 8.8 1.21092e-08
6.2 8.8 5.73473e-08
6.4 8.8 2.50801e-07
6.6 8.8 1.01288e-06
6.8 8.8 3.77734e-06
7 8.8 1.30079e-05
7.2 8.8 4.13636e-05
7.4 8.8 0.000121453
7.6 8.8 0.000329284
7.8 8.8 0.00082433
8 8.8 0.00190544
8.2 8.8 0.00406673
8.4 8.8 0.00801401
8.6 8.8 0.0145816
8.8 8.8 0.0244965
9 8.8 0.0379969
9.2 8.8 0.0544167
9.4 8.8 0.071954
9.6 8.8 0.0878447
9.8 8.8 0.0990176
10 8.8 0.103049
10.2 8.8 0.0990176
10.4 8.8 0.0878447
10.6 8.8 0.071954
10.8 8.8 0.0544167
11 8.8 0.0379969
11.2 8.8 0.0244965
11.4 8.8 0.0145816
11.6 8.8 0.00801401
11.8 8.8 0.00406673
12 8.8 0.00190544
12.2 8.8 0.00082433
12.4 8.8 0.000329284
12.6 8.8 0.000121453
12.8 8.8 4.13636e-05
13 8.8 1.30079e-05
13.2 8.8 3.77734e-06
13.4 8.8 1.01288e-06
13.6 8.8 2.50801e-07
13.8 8.8 5.73473e-08
14 8.8 1.21092e-08
14.2 8.8 2.36128e-09
14.4 8.8 4.25222e-10
14.6 8.8 7.07186e-11
14.8 8.8 1.08412e-11
5.2 9 1.68176e-11
5.4 9 1.09703e-10
5.6 9 6.59622e-10
5.8 9 3.66287e-09
6 9 1.8784e-08
6.2 9 8.89573e-08
6.4 9 3.89041e-07
6.6 9 1.57116e-06
6.8 9 5.8593e-06
7 9 2.01774e-05
7.2 9 6.41613e-05
7.4 9 0.000188391
7.6 9 0.000510765
7.8 9 0.00127865
8 9 0.00295558
8.2 9 0.00630801
8.4 9 0.0124307
8.6 9 0.0226177
8.8 9 0.0379969
9 9 0.0589373
9.2 9 0.0844061
9.4 9 0.111608
9.6 9 0.136256
9.8 9 0.153587
10 9 0.15984
10.2 9 0.153587
10.4 9 0.136256
10.6 9 0.111608
10.8 9 0.0844061
11 9 0.0589373
11.2 9 0.0379969
11.4 9 0.0226177
11.6 9 0.0124307
11.8 9 0.00630801
12 9 0.00295558
12.2 9 0.00127865
12.4 9 0.000510765
12.6 9 0.000188391
12.8 9 6.41613e-05
13 9 2.01774e-05
13.2 9 5.8593e-06
13.4 9 1.57116e-06
13.6 9 3.89041e-07
13.8 9 8.89573e-08
14 9 1.8784e-08
14.2 9 3.66287e-09
14.4 9 6.59622e-10
14.6 9 1.09703e-10
14.8 9 1.68176e-11
5.2 9.2 2.40871e-11
5.4 9.2 1.57121e-10
5.6 9.2 9.44732e-10
5.8 9.2 5.24605e-09
6 9.2 2.69026e-08
6.2 9.2 1.27405e-07
6.4 9.2 5.57182e-07
6.6 9.2 2.25019e-06
6.8 9.2 8.39156e-06
7 9.2 2.88976e-05
7.2 9.2 9.18897e-05
7.4 9.2 0.000269807
7.6 9.2 0.000731496
7.8 9.2 0.00183122
8 9.2 0.00423283
8.2 9.2 0.00903398
8.4 9.2 0.0178025
8.6 9.2 0.0323917
8.8 9.2 0.0544167
9 9.2 0.0844061
9.2 9.2 0.120881
9.4 9.2 0.159838
9.6 9.2 0.195137
9.8 9.2 0.219956
10 9.2 0.228912
10.2 9.2 0.219956
10.4 9.2 0.195137
10.6 9.2 0.159838
10.8 9.2 0.120881
11 9.2 0.0844061
11.2 9.2 0.0544167
11.4 9.2 0.0323917
11.6 9.2 0.0178025
11.8 9.2 0.00903398
12 9.2 0.00423283
12.2 9.2 0.00183122
12.4 9.2 0.000731496
12.6 9.2 0.000269807
12.8 9.2 9.18897e-05
13 9.2 2.88976e-05
13.2 9.2 8.39156e-06
13.4 9.2 2.25019e-06
13.6 9.2 5.57182e-07
13.8 9.2 1.27405e-07
14 9.2 2.69026e-08
14.2 9.2 5.24605e-09
14.4 9.2 9.44732e-10
14.6 9.2 1.57121e-10
14.8 9.2 2.40871e-11
5.2 9.4 3.18518e-11
5.4 9.4 2.0777e-10
5.6 9.4 1.24926e-09
5.8 9.4 6.93706e-09
6 9.4 3.55743e-08
6.2 9.4 1.68471e-07
6.4 9.4 7.36774e-07
6.6 9.4 2.97546e-06
6.8 9.4 1.10963e-05
7 9.4 3.82114e-05
7.2 9.4 0.000121506
7.4 9.4 0.000356764
7.6 9.4 0.000967253
7.8 9.4 0.0024214
8 9.4 0.00559701
8.2 9.4 0.0119455
8.4 9.4 0.02354
8.6 9.4 0.0428309
8.8 9.4 0.071954
9 9.4 0.111608
9.2 9.4 0.159838
9.4 9.4 0.21135
9.6 9.4 0.258025
9.8 9.4 0.290842
10 9.4 0.302684
10.2 9.4 0.290842
10.4 9.4 0.258025
10.6 9.4 0.21135
10.8 9.4 0.159838
11 9.4 0.111608
11.2 9.4 0.071954
11.4 9.4 0.0428309
11.6 9.4 0.02354
11.8 9.4 0.0119455
12 9.4 0.00559701
12.2 9.4 0.0024214
12.4 9.4 0.000967253
12.6 9.4 0.000356764
12.8 9.4 0.000121506
13 9.4 3.82114e-05
13.2 9.4 1.10963e-05
13.4 9.4 2.97546e-06
13.6 9.4 7.36774e-07
13.8 9.4 1.68471e-07
14 9.4 3.55743e-08
14.2 9.4 6.93706e-09
14.4 9.4 1.24926e-09
14.6 9.4 2.0777e-10
14.8 9.4 3.18518e-11
5.2 9.6 3.88879e-11
5.4 9.6 2.53665e-10
5.6 9.6 1.52521e-09
5.8 9.6 8.46936e-09
6 9.6 4.34319e-08
6.2 9.6 2.05682e-07
6.4 9.6 8.99507e-07
6.6 9.6 3.63265e-06
6.8 9.6 1.3547e-05
7 9.6 4.66509e-05
7.2 9.6 0.000148342
7.4 9.6 0.000435558
7.6 9.6 0.00118088
7.8 9.6 0.00295617
8 9.6 0.00683312
8.2 9.6 0.0145836
8.4 9.6 0.0287387
8.6 9.6 0.0522899
8.8 9.6 0.0878447
9 9.6 0.136256
9.2 9.6 0.195137
9.4 9.6 0.258025
9.6 9.6 0.315008
9.8 9.6 0.355073
10 9.6 0.36953
10.2 9.6 0.355073
10.4 9.6 0.315008
10.6 9.6 0.258025
10.8 9.6 0.195137
11 9.6 0.136256
11.2 9.6 0.0878447
11.4 9.6 0.0522899
11.6 9.6 0.0287387
11.8 9.6 0.0145836
12 9.6 0.00683312
12.2 9.6 0.00295617
12.4 9.6 0.00118088
12.6 9.6 0.000435558
12.8 9.6 0.000148342
13 9.6 4.66509e-05
13.2 9.6 1.3547e-05
13.4 9.6 3.63265e-06
13.6 9.6 8.99507e-07
13.8 9.6 2.05682e-07
14 9.6 4.34319e-08
14.2 9.6 8.46936e-09
14.4 9.6 1.52521e-09
14.6 9.6 2.53665e-10
14.8 9.6 3.88879e-11
5.2 9.8 4.38352e-11
5.4 9.8 2.85936e-10
5.6 9.8 1.71924e-09
5.8 9.8 9.54675e-09
6 9.8 4.89568e-08
6.2 9.8 2.31846e-07
6.4 9.8 1.01393e-06
6.6 9.8 4.09473e-06
6.8 9.8 1.52702e-05
7 9.8 5.25848e-05
7.2 9.8 0.00016721
7.4 9.8 0.000490959
7.6 9.8 0.00133108
7.8 9.8 0.00333218
8 9.8 0.00770224
8.2 9.8 0.0164386
8.4 9.8 0.032394
8.6 9.8 0.0589407
8.8 9.8 0.0990176
9 9.8 0.153587
9.2 9.8 0.219956
9.4 9.8 0.290842
9.6 9.8 0.355073
9.8 9.8 0.400233
10 9.8 0.416529
10.2 9.8 0.400233
10.4 9.8 0.355073
10.6 9.8 0.290842
10.8 9.8 0.219956
11 9.8 0.153587
11.2 9.8 0.0990176
11.4 9.8 0.0589407
11.6 9.8 0.032394
11.8 9.8 0.0164386
12 9.8 0.00770224
12.2 9.8 0.00333218
12.4 9.8 0.00133108
12.6 9.8 0.000490959
12.8 9.8 0.00016721
13 9.8 5.25848e-05
13.2 9.8 1.52702e-05
13.4 9.8 4.09473e-06
13.6 9.8 1.01393e-06
13.8 9.8 2.31846e-07
14 9.8 4.89568e-08
14.2 9.8 9.54675e-09
14.4 9.8 1.71924e-09
14.6 9.8 2.85936e-10
14.8 9.8 4.38352e-11
5.2 10 4.56204e-11
5.4 10 2.9758e-10
5.6 10 1.78926e-09
5.8 10 9.93553e-09
6 10 5.09505e-08
6.2 10 2.41288e-07
6.4 10 1.05522e-06
6.6 10 4.26146e-06
6.8 10 1.5892e-05
7 10 5.4726e-05
7.2 10 0.000174019
7.4 10 0.00051095
7.6 10 0.00138527
7.8 10 0.00346786
8 10 0.00801585
8.2 10 0.0171079
8.4 10 0.033713
8.6 10 0.0613405
8.8 10 0.103049
9 10 0.15984
9.2 10 0.228912
9.4 10 0.302684
9.6 10 0.36953
9.8 10 0.416529
10 10 0.433488
10.2 10 0.416529
10.4 10 0.36953
10.6 10 0.302684
10.8 10 0.228912
11 10 0.15984
11.2 10 0.103049
11.4 10 0.0613405
11.6 10 0.033713
11.8 10 0.0171079
12 10 0.00801585
12.2 10 0.00346786
12.4 10 0.00138527
12.6 10 0.00051095
12.8 10 0.000174019
13 10 5.4726e-05
13.2 10 1.5892e-05
13.4 10 4.26146e-06
13.6 10 1.05522e-06
13.8 10 2.41288e-07
14 10 5.09505e-08
14.2 10 9.93553e-09
14.4 10 1.78926e-09
14.6 10 2.9758e-10
14.8 10 4.56204e-11
5.2 10.2 4.38352e-11
5.4 10.2 2.85936e-10
5.6 10.2 1.71924e-09
5.8 10.2 9.54675e-09
6 10.2 4.89568e-08
6.2 10.2 2.31846e-07
6.4 10.2 1.01393e-06
6.6 10.2 4.09473e-06
6.8 10.2 1.52702e-05
7 10.2 5.25848e-05
7.2 10.2 0.00016721
7.4 10.2 0.000490959
7.6 10.2 0.00133108
7.8 10.2 0.00333218
8 10.2 0.00770224
8.2 10.2 0.0164386
8.4 10.2 0.032394
8.6 10.2 0.0589407
8.8 10.2 0.0990176
9 10.2 0.153587
9.2 10.2 0.219956
9.4 10.2 0.290842
9.6 10.2 0.355073
9.8 10.2 0.400233
10 10.2 0.416529
10.2 10.2 0.400233
10.4 10.2 0.355073
10.6 10.2 0.290842
10.8 10.2 0.219956
11 10.2 0.153587
11.2 10.2 0.0990176
11.4 10.2 0.0589407
11.6 10.2 0.032394
11.8 10.2 0.0164386
12 10.2 0.00770224
12.2 10.2 0.00333218
12.4 10.2 0.00133108
12.6 10.2 0.000490959
12.8 10.2 0.00016721
13 10.2 5.25848e-05
13.2 10.2 1.52702e-05
13.4 10.2 4.09473e-06
13.6 10.2 1.01393e-06
13.8 10.2 2.31846e-07
14 10.2 4.89568e-08
14.2 10.2 9.54675e-09
14.4 10.2 1.71924e-09
14.6 10.2 2.85936e-10
14.8 10.2 4.38352e-11
5.2 10.4 3.88879e-11
5.4 10.4 2.53665e-10
5.6 10.4 1.52521e-09
5.8 10.4 8.46936e-09
6 10.4 4.34319e-08
6.2 10.4 2.05682e-07
6.4 10.4 8.99507e-07
6.6 10.4 3.63265e-06
6.8 10.4 1.3547e-05
7 10.4 4.66509e-05
7.2 10.4 0.000148342
7.4 10.4 0.000435558
7.6 10.4 0.00118088
7.8 10.4 0.00295617
8 10.4 0.00683312
8.2 10.4 0.0145836
8.4 10.4 0.0287387
8.6 10.4 0.0522899
8.8 10.4 0.0878447
9 10.4 0.136256
9.2 10.4 0.195137
9.4 10.4 0.258025
9.6 10.4 0.315008
9.8 10.4 0.355073
10 10.4 0.36953
10.2 10.4 0.355073
10.4 10.4 0.315008
10.6 10.4 0.258025
10.8 10.4 0.195137
11 10.4 0.136256
11.2 10.4 0.0878447
11.4 10.4 0.0522899
11.6 10.4 0.0287387
11.8 10.4 0.0145836
12 10.4 0.00683312
12.2 10.4 0.00295617
12.4 10.4 0.00118088
12.6 10.4 0.000435558
12.8 10.4 0.000148342
13 10.4 4.66509e-05
13.2 10.4 1.3547e-05
13.4 10.4 3.63265e-06
13.6 10.4 8.99507e-07
13.8 10.4 2.05682e-07
14 10.4 4.34319e-08
14.2 10.4 8.46936e-09
14.4 10.4 1.52521e-09
14.6 10.4 2.53665e-10
14.8 10.4 3.88879e-11
5.2 10.6 3.18518e-11
5.4 10.6 2.0777e-10
5.6 10.6 1.24926e-09
5.8 10.6 6.93706e-09
6 10.6 3.55743e-08
6.2 10.6 1.68471e-07
6.4 10.6 7.36774e-07
6.6 10.6 2.97546e-06
6.8 10.6 1.10963e-05
7 10.6 3.82114e-05
7.2 10.6 0.000121506
7.4 10.6 0.000356764
7.6 10.6 0.000967253
7.8 10.6 0.0024214
8 10.6 0.00559701
8.2 10.6 0.0119455
8.4 10.6 0.02354
8.6 10.6 0.0428309
8.8 10.6 0.071954
9 10.6 0.111608
9.2 10.6 0.159838
9.4 10.6 0.21135
9.6 10.6 0.258025
9.8 10.6 0.290842
10 10.6 0.302684
10.2 10.6 0.290842
10.4 10.6 0.258025
10.6 10.6 0.21135
10.8 10.6 0.159838
11 10.6 0.111608
11.2 10.6 0.071954
11.4 10.6 0.0428309
11.6 10.6 0.02354
11.8 10.6 0.0119455
12 10.6 0.00559701
12.2 10.6 0.0024214
12.4 10.6 0.000967253
12.6 10.6 0.000356764
12.8 10.6 0.000121506
13 10.6 3.82114e-05
13.2 10.6 1.10963e-05
13.4 10.6 2.97546e-06
13.6 10.6 7.36774e-07
13.8 10.6 1.68471e-07
14 10.6 3.55743e-08
14.2 10.6 6.93706e-09
14.4 10.6 1.24926e-09
14.6 10.6 2.0777e-10
14.8 10.6 3.18518e-11
5.2 10.8 2.40871e-11
5.4 10.8 1.57121e-10
5.6 10.8 9.44732e-10
5.8 10.8 5.24605e-09
6 10.8 2.69026e-08
6.2 10.8 1.27405e-07
6.4 10.8 5.57182e-07
6.6 10.8 2.25019e-06
6.8 10.8 8.39156e-06
7 10.8 2.88976e-05
7.2 10.8 9.18897e-05
7.4 10.8 0.000269807
7.6 10.8 0.000731496
7.8 10.8 0.00183122
8 10.8 0.00423283
8.2 10.8 0.00903398
8.4 10.8 0.0178025
8.6 10.8 0.0323917
8.8 10.8 0.0544167
9 10.8 0.0844061
9.2 10.8 0.120881
9.4 10.8 0.159838
9.6 10.8 0.195137
9.8 10.8 0.219956
10 10.8 0.228912
10.2 10.8 0.219956
10.4 10.8 0.195137
10.6 10.8 0.159838
10.8 10.8 0.120881
11 10.8 0.0844061
11.2 10.8 0.0544167
11.4 10.8 0.0323917
11.6 10.8 0.0178025
11.8 10.8 0.00903398
12 10.8 0.00423283
12.2 10.8 0.00183122
12.4 10.8 0.000731496
12.6 10.8 0.000269807
12.8 10.8 9.18897e-05
13 10.8 2.88976e-05
13.2 10.8 8.39156e-06
13.4 10.8 2.25019e-06
13.6 10.8 5.57182e-07
13.8 10.8 1.27405e-07
14 10.8 2.69026e-08
14.2 10.8 5.24605e-09
14.4 10.8 9.44732e-10
14.6 10.8 1.57121e-10
14.8 10.8 2.40871e-11
5.2 11 1.68176e-11
5.4 11 1.09703e-10
5.6 11 6.59622e-10
5.8 11 3.66287e-09
6 11 1.8784e-08
6.2 11 8.89573e-08
6.4 11 3.89041e-07
6.6 11 1.57116e-06
6.8 11 5.8593e-06
7 11 2.01774e-05
7.2 11 6.41613e-05
7.4 11 0.000188391
7.6 11 0.000510765
7.8 11 0.00127865
8 11 0.00295558
8.2 11 0.00630801
8.4 11 0.0124307
8.6 11 0.0226177
8.8 11 0.0379969
9 11 0.0589373
9.2 11 0.0844061
9.4 11 0.111608
9.6 11 0.136256
9.8 11 0.153587
10 11 0.15984
10.2 11 0.153587
10.4 11 0.136256
10.6 11 0.111608
10.8 11 0.0844061
11 11 0.0589373
11.2 11 0.0379969
11.4 11 0.0226177
11.6 11 0.0124307
11.8 11 0.00630801
12 11 0.00295558
12.2 11 0.00127865
12.4 11 0.000510765
12.6 11 0.000188391
12.8 11 6.41613e-05
13 11 2.01774e-05
13.2 11 5.8593e-06
13.4 11 1.57116e-06
13.6 11 3.89041e-07
13.8 11 8.89573e-08
14 11 1.8784e-08
14.2 11 3.66287e-09
14.4 11 6.59622e-10
14.6 11 1.09703e-10
14.8 11 1.68176e-11
5.2 11.2 1.08412e-11
5.4 11.2 7.07186e-11
5.6 11.2 4.25222e-10
5.8 11.2 2.36128e-09
6 11.2 1.21092e-08
6.2 11.2 5.73473e-08
6.4 11.2 2.50801e-07
6.6 11.2 1.01288e-06
6.8 11.2 3.77734e-06
7 11.2 1.30079e-05
7.2 11.2 4.13636e-05
7.4 11.2 0.000121453
7.6 11.2 0.000329284
7.8 11.2 0.00082433
8 11.2 0.00190544
8.2 11.2 0.00406673
8.4 11.2 0.00801401
8.6 11.2 0.0145816
8.8 11.2 0.0244965
9 11.2 0.0379969
9.2 11.2 0.0544167
9.4 11.2 0.071954
9.6 11.2 0.0878447
9.8 11.2 0.0990176
10 11.2 0.103049
10.2 11.2 0.0990176
10.4 11.2 0.0878447
10.6 11.2 0.071954
10.8 11.2 0.0544167
11 11.2 0.0379969
11.2 11.2 0.0244965
11.4 11.2 0.0145816
11.6 11.2 0.00801401
11.8 11.2 0.00406673
12 11.2 0.00190544
12.2 11.2 0.00082433
12.4 11.2 0.000329284
12.6 11.2 0.000121453
12.8 11.2 4.13636e-05
13 11.2 1.30079e-05
13.2 11.2 3.77734e-06
13.4 11.2 1.01288e-06
13.6 11.2 2.50801e-07
13.8 11.2 5.73473e-08
14 11.2 1.21092e-08
14.2 11.2 2.36128e-09
14.4 11.2 4.25222e-10
14.6 11.2 7.07186e-11
14.8 11.2 1.08412e-11
5.2 11.4 6.45247e-12
5.4 11.4 4.20906e-11
5.6 11.4 2.53089e-10
5.8 11.4 1.40543e-09
6 11.4 7.20745e-09
6.2 11.4 3.41337e-08
6.4 11.4 1.49281e-07
6.6 11.4 6.02884e-07
6.8 11.4 2.24836e-06
7 11.4 7.74269e-06
7.2 11.4 2.46209e-05
7.4 11.4 7.22929e-05
7.6 11.4 0.000196002
7.8 11.4 0.000490675
8 11.4 0.0011342
8.2 11.4 0.0024207
8.4 11.4 0.00477032
8.6 11.4 0.00867966
8.8 11.4 0.0145816
9 11.4 0.0226177
9.2 11.4 0.0323917
9.4 11.4 0.0428309
9.6 11.4 0.0522899
9.8 11.4 0.0589407
10 11.4 0.0613405
10.2 11.4 0.0589407
10.4 11.4 0.0522899
10.6 11.4 0.0428309
10.8 11.4 0.0323917
11 11.4 0.0226177
11.2 11.4 0.0145816
11.4 11.4 0.00867966
11.6 11.4 0.00477032
11.8 11.4 0.0024207
12 11.4 0.0011342
12.2 11.4 0.000490675
12.4 11.4 0.000196002
12.6 11.4 7.22929e-05
12.8 11.4 2.46209e-05
13 11.4 7.74269e-06
13.2 11.4 2.24836e-06
13.4 11.4 6.02884e-07
13.6 11.4 1.49281e-07
13.8 11.4 3.41337e-08
14 11.4 7.20745e-09
14.2 11.4 1.40543e-09
14.4 11.4 2.53089e-10
14.6 11.4 4.20906e-11
14.8 11.4 6.45247e-12
5.2 11.6 3.54578e-12
5.4 11.6 2.313e-11
5.6 11.6 1.39081e-10
5.8 11.6 7.72342e-10
6 11.6 3.96085e-09
6.2 11.6 1.87583e-08
6.4 11.6 8.20388e-08
6.6 11.6 3.31325e-07
6.8 11.6 1.23563e-06
7 11.6 4.25519e-06
7.2 11.6 1.35311e-05
7.4 11.6 3.97309e-05
7.6 11.6 0.00010772
7.8 11.6 0.000269669
8 11.6 0.000623346
8.2 11.6 0.0013304
8.4 11.6 0.00262175
8.6 11.6 0.00477032
8.8 11.6 0.00801401
9 11.6 0.0124307
9.2 11.6 0.0178025
9.4 11.6 0.02354
9.6 11.6 0.0287387
9.8 11.6 0.032394
10 11.6 0.033713
10.2 11.6 0.032394
10.4 11.6 0.0287387
10.6 11.6 0.02354
10.8 11.6 0.0178025
11 11.6 0.0124307
11.2 11.6 0.00801401
11.4 11.6 0.00477032
11.6 11.6 0.00262175
11.8 11.6 0.0013304
12 11.6 0.000623346
12.2 11.6 0.000269669
12.4 11.6 0.00010772
12.6 11.6 3.97309e-05
12.8 11.6 1.35311e-05
13 11.6 4.25519e-06
13.2 11.6 1.23563e-06
13.4 11.6 3.31325e-07
13.6 11.6 8.20388e-08
13.8 11.6 1.87583e-08
14 11.6 3.96085e-09
14.2 11.6 7.72342e-10
14.4 11.6 1.39081e-10
14.6 11.6 2.313e-11
14.8 11.6 3.54578e-12
5.2 11.8 1.79903e-12
5.4 11.8 1.17356e-11
5.6 11.8 7.05678e-11
5.8 11.8 3.91881e-10
6 11.8 2.00973e-09
6.2 11.8 9.5181e-09
6.4 11.8 4.16275e-08
6.6 11.8 1.6812e-07
6.8 11.8 6.26988e-07
7 11.8 2.1592e-06
7.2 11.8 6.86611e-06
7.4 11.8 2.01609e-05
7.6 11.8 5.46613e-05
7.8 11.8 0.000136841
8 11.8 0.000316313
8.2 11.8 0.000675109
8.4 11.8 0.0013304
8.6 11.8 0.0024207
8.8 11.8 0.00406673
9 11.8 0.00630801
9.2 11.8 0.00903398
9.4 11.8 0.0119455
9.6 11.8 0.0145836
9.8 11.8 0.0164386
10 11.8 0.0171079
10.2 11.8 0.0164386
10.4 11.8 0.0145836
10.6 11.8 0.0119455
10.8 11.8 0.00903398
11 11.8 0.00630801
11.2 11.8 0.00406673
11.4 11.8 0.0024207
11.6 11.8 0.0013304
11.8 11.8 0.000675109
12 11.8 0.000316313
12.2 11.8 0.000136841
12.4 11.8 5.46613e-05
12.6 11.8 2.01609e-05
12.8 11.8 6.86611e-06
13 11.8 2.1592e-06
13.2 11.8 6.26988e-07
13.4 11.8 1.6812e-07
13.6 11.8 4.16275e-08
13.8 11.8 9.5181e-09
14 11.8 2.00973e-09
14.2 11.8 3.91881e-10
14.4 11.8 7.05678e-11
14.6 11.8 1.17356e-11
14.8 11.8 1.79903e-12
5.2 12 8.42768e-13
5.4 12 5.49772e-12
5.6 12 3.3059e-11
5.8 12 1.83588e-10
6 12 9.41534e-10
6.2 12 4.45917e-09
6.4 12 1.95025e-08
6.6 12 7.8765e-08
6.8 12 2.9375e-07
7 12 1.01162e-06
7.2 12 3.21691e-06
7.4 12 9.44584e-06
7.6 12 2.56103e-05
7.8 12 6.41144e-05
8 12 0.000148203
8.2 12 0.000316313
8.4 12 0.000623346
8.6 12 0.0011342
8.8 12 0.00190544
9 12 0.00295558
9.2 12 0.00423283
9.4 12 0.00559701
9.6 12 0.00683312
9.8 12 0.00770224
10 12 0.00801585
10.2 12 0.00770224
10.4 12 0.00683312
10.6 12 0.00559701
10.8 12 0.00423283
11 12 0.00295558
11.2 12 0.00190544
11.4 12 0.0011342
11.6 12 0.000623346
11.8 12 0.000316313
12 12 0.000148203
12.2 12 6.41144e-05
12.4 12 2.56103e-05
12.6 12 9.44584e-06
12.8 12 3.21691e-06
13 12 1.01162e-06
13.2 12 2.9375e-07
13.4 12 7.8765e-08
13.6 12 1.95025e-08
13.8 12 4.45917e-09
14 12 9.41534e-10
14.2 12 1.83588e-10
14.4 12 3.3059e-11
14.6 12 5.49772e-12
14.8 12 8.42768e-13
5.2 12.2 3.64524e-13
5.4 12.2 2.37798e-12
5.6 12.2 1.42996e-11
5.8 12.2 7.9412e-11
6 12.2 4.07272e-10
6.2 12.2 1.9289e-09
6.4 12.2 8.43629e-09
6.6 12.2 3.40723e-08
6.8 12.2 1.27073e-07
7 12.2 4.37617e-07
7.2 12.2 1.39162e-06
7.4 12.2 4.08628e-06
7.6 12.2 1.10791e-05
7.8 12.2 2.77364e-05
8 12.2 6.41144e-05
8.2 12.2 0.000136841
8.4 12.2 0.000269669
8.6 12.2 0.000490675
8.8 12.2 0.00082433
9 12.2 0.00127865
9.2 12.2 0.00183122
9.4 12.2 0.0024214
9.6 12.2 0.00295617
9.8 12.2 0.00333218
10 12.2 0.00346786
10.2 12.2 0.00333218
10.4 12.2 0.00295617
10.6 12.2 0.0024214
10.8 12.2 0.00183122
11 12.2 0.00127865
11.2 12.2 0.00082433
11.4 12.2 0.000490675
11.6 12.2 0.000269669
11.8 12.2 0.000136841
12 12.2 6.41144e-05
12.2 12.2 2.77364e-05
12.4 12.2 1.10791e-05
12.6 12.2 4.08628e-06
12.8 12.2 1.39162e-06
13 12.2 4.37617e-07
13.2 12.2 1.27073e-07
13.4 12.2 3.40723e-08
13.6 12.2 8.43629e-09
13.8 12.2 1.9289e-09
14 12.2 4.07272e-10
14.2 12.2 7.9412e-11
14.4 12.2 1.42996e-11
14.6 12.2 2.37798e-12
14.8 12.2 3.64524e-13
5.2 12.4 1.45578e-13
5.4 12.4 9.49699e-13
5.6 12.4 5.71099e-12
5.8 12.4 3.17163e-11
6 12.4 1.62663e-10
6.2 12.4 7.7041e-10
6.4 12.4 3.36954e-09
6.6 12.4 1.3609e-08
6.8 12.4 5.07556e-08
7 12.4 1.74796e-07
7.2 12.4 5.55859e-07
7.4 12.4 1.63221e-06
7.6 12.4 4.42545e-06
7.8 12.4 1.10791e-05
8 12.4 2.56103e-05
8.2 12.4 5.46613e-05
8.4 12.4 0.00010772
8.6 12.4 0.000196002
8.8 12.4 0.000329284
9 12.4 0.000510765
9.2 12.4 0.000731496
9.4 12.4 0.000967253
9.6 12.4 0.00118088
9.8 12.4 0.00133108
10 12.4 0.00138527
10.2 12.4 0.00133108
10.4 12.4 0.00118088
10.6 12.4 0.000967253
10.8 12.4 0.000731496
11 12.4 0.000510765
11.2 12.4 0.000329284
11.4 12.4 0.000196002
11.6 12.4 0.00010772
11.8 12.4 5.46613e-05
12 12.4 2.56103e-05
12.2 12.4 1.10791e-05
12.4 12.4 4.42545e-06
12.6 12.4 1.63221e-06
12.8 12.4 5.55859e-07
13 12.4 1.74796e-07
13.2 12.4 5.07556e-08
13.4 12.4 1.3609e-08
13.6 12.4 3.36954e-09
13.8 12.4 7.7041e-10
14 12.4 1.62663e-10
14.2 12.4 3.17163e-11
14.4 12.4 5.71099e-12
14.6 12.4 9.49699e-13
14.8 12.4 1.45578e-13
5.2 12.6 5.36815e-14
5.4 12.6 3.50205e-13
5.6 12.6 2.106e-12
5.8 12.6 1.1696e-11
6 12.6 5.99867e-11
6.2 12.6 2.84116e-10
6.4 12.6 1.24266e-09
6.6 12.6 5.019e-09
6.8 12.6 1.87189e-08
7 12.6 6.44666e-08
7.2 12.6 2.05009e-07
7.4 12.6 6.01989e-07
7.6 12.6 1.63221e-06
7.8 12.6 4.08628e-06
8 12.6 9.44584e-06
8.2 12.6 2.01609e-05
8.4 12.6 3.97309e-05
8.6 12.6 7.22929e-05
8.8 12.6 0.000121453
9 12.6 0.000188391
9.2 12.6 0.000269807
9.4 12.6 0.000356764
9.6 12.6 0.000435558
9.8 12.6 0.000490959
10 12.6 0.00051095
10.2 12.6 0.000490959
10.4 12.6 0.000435558
10.6 12.6 0.000356764
10.8 12.6 0.000269807
11 12.6 0.000188391
11.2 12.6 0.000121453
11.4 12.6 7.22929e-05
11.6 12.6 3.97309e-05
11.8 12.6 2.01609e-05
12 12.6 9.44584e-06
12.2 12.6 4.08628e-06
12.4 12.6 1.63221e-06
12.6 12.6 6.01989e-07
12.8 12.6 2.05009e-07
13 12.6 6.44666e-08
13.2 12.6 1.87189e-08
13.4 12.6 5.019e-09
13.6 12.6 1.24266e-09
13.8 12.6 2.84116e-10
14 12.6 5.99867e-11
14.2 12.6 1.1696e-11
14.4 12.6 2.106e-12
14.6 12.6 3.50205e-13
14.8 12.6 5.36815e-14
5.2 12.8 1.82774e-14
5.4 12.8 1.1924e-13
5.6 12.8 7.17082e-13
5.8 12.8 3.98255e-12
6 12.8 2.04262e-11
6.2 12.8 9.6747e-11
6.4 12.8 4.23159e-10
6.6 12.8 1.70913e-09
6.8 12.8 6.37449e-09
7 12.8 2.19537e-08
7.2 12.8 6.98154e-08
7.4 12.8 2.05009e-07
7.6 12.8 5.55859e-07
7.8 12.8 1.39162e-06
8 12.8 3.21691e-06
8.2 12.8 6.86611e-06
8.4 12.8 1.35311e-05
8.6 12.8 2.46209e-05
8.8 12.8 4.13636e-05
9 12.8 6.41613e-05
9.2 12.8 9.18897e-05
9.4 12.8 0.000121506
9.6 12.8 0.000148342
9.8 12.8 0.00016721
10 12.8 0.000174019
10.2 12.8 0.00016721
10.4 12.8 0.000148342
10.6 12.8 0.000121506
10.8 12.8 9.18897e-05
11 12.8 6.41613e-05
11.2 12.8 4.13636e-05
11.4 12.8 2.46209e-05
11.6 12.8 1.35311e-05
11.8 12.8 6.86611e-06
12 12.8 3.21691e-06
12.2 12.8 1.39162e-06
12.4 12.8 5.55859e-07
12.6 12.8 2.05009e-07
12.8 12.8 6.98154e-08
13 12.8 2.19537e-08
13.2 12.8 6.37449e-09
13.4 12.8 1.70913e-09
13.6 12.8 4.23159e-10
13.8 12.8 9.6747e-11
14 12.8 2.04262e-11
14.2 12.8 3.98255e-12
14.4 12.8 7.17082e-13
14.6 12.8 1.1924e-13
14.8 12.8 1.82774e-14
5.2 13 5.74611e-15
5.4 13 3.74878e-14
5.6 13 2.2545e-13
5.8 13 1.25214e-12
6 13 6.42231e-12
6.2 13 3.04195e-11
6.4 13 1.33054e-10
6.6 13 5.37413e-10
6.8 13 2.00441e-09
7 13 6.90328e-09
7.2 13 2.19537e-08
7.4 13 6.44666e-08
7.6 13 1.74796e-07
7.8 13 4.37617e-07
8 13 1.01162e-06
8.2 13 2.1592e-06
8.4 13 4.25519e-06
8.6 13 7.74269e-06
8.8 13 1.30079e-05
9 13 2.01774e-05
9.2 13 2.88976e-05
9.4 13 3.82114e-05
9.6 13 4.66509e-05
9.8 13 5.25848e-05
10 13 5.4726e-05
10.2 13 5.25848e-05
10.4 13 4.66509e-05
10.6 13 3.82114e-05
10.8 13 2.88976e-05
11 13 2.01774e-05
11.2 13 1.30079e-05
11.4 13 7.74269e-06
11.6 13 4.25519e-06
11.8 13 2.1592e-06
12 13 1.01162e-06
12.2 13 4.37617e-07
12.4 13 1.74796e-07
12.6 13 6.44666e-08
12.8 13 2.19537e-08
13 13 6.90328e-09
13.2 13 2.00441e-09
13.4 13 5.37413e-10
13.6 13 1.33054e-10
13.8 13 3.04195e-11
14 13 6.42231e-12
14.2 13 1.25214e-12
14.4 13 2.2545e-13
14.6 13 3.74878e-14
14.8 13 5.74611e-15
5.2 13.2 1.66804e-15
5.4 13.2 1.08826e-14
5.6 13.2 6.54498e-14
5.8 13.2 3.63518e-13
6 13.2 1.86455e-12
6.2 13.2 8.83175e-12
6.4 13.2 3.86307e-11
6.6 13.2 1.56035e-10
6.8 13.2 5.81983e-10
7 13.2 2.00441e-09
7.2 13.2 6.37449e-09
7.4 13.2 1.87189e-08
7.6 13.2 5.07556e-08
7.8 13.2 1.27073e-07
8 13.2 2.9375e-07
8.2 13.2 6.26988e-07
8.4 13.2 1.23563e-06
8.6 13.2 2.24836e-06
8.8 13.2 3.77734e-06
9 13.2 5.8593e-06
9.2 13.2 8.39156e-06
9.4 13.2 1.10963e-05
9.6 13.2 1.3547e-05
9.8 13.2 1.52702e-05
10 13.2 1.5892e-05
10.2 13.2 1.52702e-05
10.4 13.2 1.3547e-05
10.6 13.2 1.10963e-05
10.8 13.2 8.39156e-06
11 13.2 5.8593e-06
11.2 13.2 3.77734e-06
11.4 13.2 2.24836e-06
11.6 13.2 1.23563e-06
11.8 13.2 6.26988e-07
12 13.2 2.9375e-07
12.2 13.2 1.27073e-07
12.4 13.2 5.07556e-08
12.6 13.2 1.87189e-08
12.8 13.2 6.37449e-09
13 13.2 2.00441e-09
13.2 13.2 5.81983e-10
13.4 13.2 1.56035e-10
13.6 13.2 3.86307e-11
13.8 13.2 8.83175e-12
14 13.2 1.86455e-12
14.2 13.2 3.63518e-13
14.4 13.2 6.54498e-14
14.6 13.2 1.08826e-14
14.8 13.2 1.66804e-15
5.2 13.4 4.47118e-16
5.4 13.4 2.91716e-15
5.6 13.4 1.75449e-14
5.8 13.4 9.74498e-14
6 13.4 4.99855e-13
6.2 13.4 2.36771e-12
6.4 13.4 1.03568e-11
6.6 13.4 4.18336e-11
6.8 13.4 1.56035e-10
7 13.4 5.37413e-10
7.2 13.4 1.70913e-09
7.4 13.4 5.019e-09
7.6 13.4 1.3609e-08
7.8 13.4 3.40723e-08
8 13.4 7.8765e-08
8.2 13.4 1.6812e-07
8.4 13.4 3.31325e-07
8.6 13.4 6.02884e-07
8.8 13.4 1.01288e-06
9 13.4 1.57116e-06
9.2 13.4 2.25019e-06
9.4 13.4 2.97546e-06
9.6 13.4 3.63265e-06
9.8 13.4 4.09473e-06
10 13.4 4.26146e-06
10.2 13.4 4.09473e-06
10.4 13.4 3.63265e-06
10.6 13.4 2.97546e-06
10.8 13.4 2.25019e-06
11 13.4 1.57116e-06
11.2 13.4 1.01288e-06
11.4 13.4 6.02884e-07
11.6 13.4 3.31325e-07
11.8 13.4 1.6812e-07
12 13.4 7.8765e-08
12.2 13.4 3.40723e-08
12.4 13.4 1.3609e-08
12.6 13.4 5.019e-09
12.8 13.4 1.70913e-09
13 13.4 5.37413e-10
13.2 13.4 1.56035e-10
13.4 13.4 4.18336e-11
13.6 13.4 1.03568e-11
13.8 13.4 2.36771e-12
14 13.4 4.99855e-13
14.2 13.4 9.74498e-14
14.4 13.4 1.75449e-14
14.6 13.4 2.91716e-15
14.8 13.4 4.47118e-16
5.2 13.6 1.10669e-16
5.4 13.6 7.22065e-16
5.6 13.6 4.34292e-15
5.8 13.6 2.41229e-14
6 13.6 1.23739e-13
6.2 13.6 5.86143e-13
6.4 13.6 2.56397e-12
6.6 13.6 1.03568e-11
6.8 13.6 3.86307e-11
7 13.6 1.33054e-10
7.2 13.6 4.23159e-10
7.4 13.6 1.24266e-09
7.6 13.6 3.36954e-09
7.8 13.6 8.43629e-09
8 13.6 1.95025e-08
8.2 13.6 4.16275e-08
8.4 13.6 8.20388e-08
8.6 13.6 1.49281e-07
8.8 13.6 2.50801e-07
9 13.6 3.89041e-07
9.2 13.6 5.57182e-07
9.4 13.6 7.36774e-07
9.6 13.6 8.99507e-07
9.8 13.6 1.01393e-06
10 13.6 1.05522e-06
10.2 13.6 1.01393e-06
10.4 13.6 8.99507e-07
10.6 13.6 7.36774e-07
10.8 13.6 5.57182e-07
11 13.6 3.89041e-07
11.2 13.6 2.50801e-07
11.4 13.6 1.49281e-07
11.6 13.6 8.20388e-08
11.8 13.6 4.16275e-08
12 13.6 1.95025e-08
12.2 13.6 8.43629e-09
12.4 13.6 3.36954e-09
12.6 13.6 1.24266e-09
12.8 13.6 4.23159e-10
13 13.6 1.33054e-10
13.2 13.6 3.86307e-11
13.4 13.6 1.03568e-11
13.6 13.6 2.56397e-12
13.8 13.6 5.86143e-13
14 13.6 1.23739e-13
14.2 13.6 2.41229e-14
14.4 13.6 4.34292e-15
14.6 13.6 7.22065e-16
14.8 13.6 1.10669e-16
5.2 13.8 2.52945e-17
5.4 13.8 1.6504e-16
5.6 13.8 9.92689e-16
5.8 13.8 5.51412e-15
6 13.8 2.82858e-14
6.2 13.8 1.33993e-13
6.4 13.8 5.86143e-13
6.6 13.8 2.36771e-12
6.8 13.8 8.83175e-12
7 13.8 3.04195e-11
7.2 13.8 9.6747e-11
7.4 13.8 2.84116e-10
7.6 13.8 7.7041e-10
7.8 13.8 1.9289e-09
8 13.8 4.45917e-09
8.2 13.8 9.5181e-09
8.4 13.8 1.87583e-08
8.6 13.8 3.41337e-08
8.8 13.8 5.73473e-08
9 13.8 8.89573e-08
9.2 13.8 1.27405e-07
9.4 13.8 1.68471e-07
9.6 13.8 2.05682e-07
9.8 13.8 2.31846e-07
10 13.8 2.41288e-07
10.2 13.8 2.31846e-07
10.4 13.8 2.05682e-07
10.6 13.8 1.68471e-07
10.8 13.8 1.27405e-07
11 13.8 8.89573e-08
11.2 13.8 5.73473e-08
11.4 13.8 3.41337e-08
11.6 13.8 1.87583e-08
11.8 13.8 9.5181e-09
12 13.8 4.45917e-09
12.2 13.8 1.9289e-09
12.4 13.8 7.7041e-10
12.6 13.8 2.84116e-10
12.8 13.8 9.6747e-11
13 13.8 3.04195e-11
13.2 13.8 8.83175e-12
13.4 13.8 2.36771e-12
13.6 13.8 5.86143e-13
13.8 13.8 1.33993e-13
14 13.8 2.82858e-14
14.2 13.8 5.51412e-15
14.4 13.8 9.92689e-16
14.6 13.8 1.6504e-16
14.8 13.8 2.52945e-17
5.2 14 5.33862e-18
5.4 14 3.48344e-17
5.6 14 2.09532e-16
5.8 14 1.16395e-15
6 14 5.97092e-15
6.2 14 2.82858e-14
6.4 14 1.23739e-13
6.6 14 4.99855e-13
6.8 14 1.86455e-12
7 14 6.42231e-12
7.2 14 2.04262e-11
7.4 14 5.99867e-11
7.6 14 1.62663e-10
7.8 14 4.07272e-10
8 14 9.41534e-10
8.2 14 2.00973e-09
8.4 14 3.96085e-09
8.6 14 7.20745e-09
8.8 14 1.21092e-08
9 14 1.8784e-08
9.2 14 2.69026e-08
9.4 14 3.55743e-08
9.6 14 4.34319e-08
9.8 14 4.89568e-08
10 14 5.09505e-08
10.2 14 4.89568e-08
10.4 14 4.34319e-08
10.6 14 3.55743e-08
10.8 14 2.69026e-08
11 14 1.8784e-08
11.2 14 1.21092e-08
11.4 14 7.20745e-09
11.6 14 3.96085e-09
11.8 14 2.00973e-09
12 14 9.41534e-10
12.2 14 4.07272e-10
12.4 14 1.62663e-10
12.6 14 5.99867e-11
12.8 14 2.04262e-11
13 14 6.42231e-12
13.2 14 1.86455e-12
13.4 14 4.99855e-13
13.6 14 1.23739e-13
13.8 14 2.82858e-14
14 14 5.97092e-15
14.2 14 1.16395e-15
14.4 14 2.09532e-16
14.6 14 3.48344e-17
14.8 14 5.33862e-18
5.2 14.2 1.04051e-18
5.4 14.2 6.78954e-18
5.6 14.2 4.08418e-17
5.8 14.2 2.26885e-16
6 14.2 1.16395e-15
6.2 14.2 5.51412e-15
6.4 14.2 2.41229e-14
6.6 14.2 9.74498e-14
6.8 14.2 3.63518e-13
7 14.2 1.25214e-12
7.2 14.2 3.98255e-12
7.4 14.2 1.1696e-11
7.6 14.2 3.17163e-11
7.8 14.2 7.9412e-11
8 14.2 1.83588e-10
8.2 14.2 3.91881e-10
8.4 14.2 7.72342e-10
8.6 14.2 1.40543e-09
8.8 14.2 2.36128e-09
9 14.2 3.66287e-09
9.2 14.2 5.24605e-09
9.4 14.2 6.93706e-09
9.6 14.2 8.46936e-09
9.8 14.2 9.54675e-09
10 14.2 9.93553e-09
10.2 14.2 9.54675e-09
10.4 14.2 8.46936e-09
10.6 14.2 6.93706e-09
10.8 14.2 5.24605e-09
11 14.2 3.66287e-09
11.2 14.2 2.36128e-09
11.4 14.2 1.40543e-09
11.6 14.2 7.72342e-10
11.8 14.2 3.91881e-10
12 14.2 1.83588e-10
12.2 14.2 7.9412e-11
12.4 14.2 3.17163e-11
12.6 14.2 1.1696e-11
12.8 14.2 3.98255e-12
13 14.2 1.25214e-12
13.2 14.2 3.63518e-13
13.4 14.2 9.74498e-14
13.6 14.2 2.41229e-14
13.8 14.2 5.51412e-15
14 14.2 1.16395e-15
14.2 14.2 2.26885e-16
14.4 14.2 4.08418e-17
14.6 14.2 6.78954e-18
14.8 14.2 1.04051e-18
5.2 14.4 1.87277e-19
5.4 14.4 1.22207e-18
5.6 14.4 7.35162e-18
5.8 14.4 4.08418e-17
6 14.4 2.09532e-16
6.2 14.4 9.92689e-16
6.4 14.4 4.34292e-15
6.6 14.4 1.75449e-14
6.8 14.4 6.54498e-14
7 14.4 2.2545e-13
7.2 14.4 7.17082e-13
7.4 14.4 2.106e-12
7.6 14.4 5.71099e-12
7.8 14.4 1.42996e-11
8 14.4 3.3059e-11
8.2 14.4 7.05678e-11
8.4 14.4 1.39081e-10
8.6 14.4 2.53089e-10
8.8 14.4 4.25222e-10
9 14.4 6.59622e-10
9.2 14.4 9.44732e-10
9.4 14.4 1.24926e-09
9.6 14.4 1.52521e-09
9.8 14.4 1.71924e-09
10 14.4 1.78926e-09
10.2 14.4 1.71924e-09
10.4 14.4 1.52521e-09
10.6 14.4 1.24926e-09
10.8 14.4 9.44732e-10
11 14.4 6.59622e-10
11.2 14.4 4.25222e-10
11.4 14.4 2.53089e-10
11.6 14.4 1.39081e-10
11.8 14.4 7.05678e-11
12 14.4 3.3059e-11
12.2 14.4 1.42996e-11
12.4 14.4 5.71099e-12
12.6 14.4 2.106e-12
12.8 14.4 7.17082e-13
13 14.4 2.2545e-13
13.2 14.4 6.54498e-14
13.4 14.4 1.75449e-14
13.6 14.4 4.34292e-15
13.8 14.4 9.92689e-16
14 14.4 2.09532e-16
14.2 14.4 4.08418e-17
14.4 14.4 7.35162e-18
14.6 14.4 1.22207e-18
14.8 14.4 1.87277e-19
5.2 14.6 3.11283e-20
5.4 14.6 2.03135e-19
5.6 14.6 1.22207e-18
5.8 14.6 6.78954e-18
6 14.6 3.48344e-17
6.2 14.6 1.6504e-16
6.4 14.6 7.22065e-16
6.6 14.6 2.91716e-15
6.8 14.6 1.08826e-14
7 14.6 3.74878e-14
7.2 14.6 1.1924e-13
7.4 14.6 3.50205e-13
7.6 14.6 9.49699e-13
7.8 14.6 2.37798e-12
8 14.6 5.49772e-12
8.2 14.6 1.17356e-11
8.4 14.6 2.313e-11
8.6 14.6 4.20906e-11
8.8 14.6 7.07186e-11
9 14.6 1.09703e-10
9.2 14.6 1.57121e-10
9.4 14.6 2.0777e-10
9.6 14.6 2.53665e-10
9.8 14.6 2.85936e-10
10 14.6 2.9758e-10
10.2 14.6 2.85936e-10
10.4 14.6 2.53665e-10
10.6 14.6 2.0777e-10
10.8 14.6 1.57121e-10
11 14.6 1.09703e-10
11.2 14.6 7.07186e-11
11.4 14.6 4.20906e-11
11.6 14.6 2.313e-11
11.8 14.6 1.17356e-11
12 14.6 5.49772e-12
12.2 14.6 2.37798e-12
12.4 14.6 9.49699e-13
12.6 14.6 3.50205e-13
12.8 14.6 1.1924e-13
13 14.6 3.74878e-14
13.2 14.6 1.08826e-14
13.4 14.6 2.91716e-15
13.6 14.6 7.22065e-16
13.8 14.6 1.6504e-16
14 14.6 3.48344e-17
14.2 14.6 6.78954e-18
14.4 14.6 1.22207e-18
14.6 14.6 2.03135e-19
14.8 14.6 3.11283e-20
5.2 14.8 4.76993e-21
5.4 14.8 3.11283e-20
5.6 14.8 1.87277e-19
5.8 14.8 1.04051e-18
6 14.8 5.33862e-18
6.2 14.8 2.52945e-17
6.4 14.8 1.10669e-16
6.6 14.8 4.47118e-16
6.8 14.8 1.66804e-15
7 14.8 5.74611e-15
7.2 14.8 1.82774e-14
7.4 14.8 5.36815e-14
7.6 14.8 1.45578e-13
7.8 14.8 3.64524e-13
8 14.8 8.42768e-13
8.2 14.8 1.79903e-12
8.4 14.8 3.54578e-12
8.6 14.8 6.45247e-12
8.8 14.8 1.08412e-11
9 14.8 1.68176e-11
9.2 14.8 2.40871e-11
9.4 14.8 3.18518e-11
9.6 14.8 3.88879e-11
9.8 14.8 4.38352e-11
10 14.8 4.56204e-11
10.2 14.8 4.38352e-11
10.4 14.8 3.88879e-11
10.6 14.8 3.18518e-11
10.8 14.8 2.40871e-11
11 14.8 1.68176e-11
11.2 14.8 1.08412e-11
11.4 14.8 6.45247e-12
11.6 14.8 3.54578e-12
11.8 14.8 1.79903e-12
12 14.8 8.42768e-13
12.2 14.8 3.64524e-13
12.4 14.8 1.45578e-13
12.6 14.8 5.36815e-14
12.8 14.8 1.82774e-14
13 14.8 5.74611e-15
13.2 14.8 1.66804e-15
13.4 14.8 4.47118e-16
13.6 14.8 1.10669e-16
13.8 14.8 2.52945e-17
14 14.8 5.33862e-18
14.2 14.8 1.04051e-18
14.4 14.8 1.87277e-19
14.6 14.8 3.11283e-20
14.8 14.8 4.76993e-21

