5.2 5.2 1.45815e-20
5.4 5.2 9.55598e-20
5.6 5.2 5.78103e-19
5.8 5.2 3.22843e-18
6 5.2 1.66431e-17
6.2 5.2 7.92016e-17
6.4 5.2 3.47928e-16
6.6 5.2 1.41092e-15
6.8 5.2 5.28167e-15
7 5.2 1.82514e-14
7.2 5.2 5.82207e-14
7.4 5.2 1.71441e-13
7.6 5.2 4.66026e-13
7.8 5.2 1.16939e-12
8 5.2 2.70875e-12
8.2 5.2 5.79205e-12
8.4 5.2 1.14328e-11
8.6 5.2 2.08319e-11
8.8 5.2 3.50399e-11
9 5.2 5.44066e-11
9.2 5.2 7.79826e-11
9.4 5.2 1.03181e-10
9.6 5.2 1.26026e-10
9.8 5.2 1.42094e-10
10 5.2 1.47893e-10
10.2 5.2 1.42094e-10
10.4 5.2 1.26026e-10
10.6 5.2 1.03181e-10
10.8 5.2 7.79826e-11
11 5.2 5.44066e-11
11.2 5.2 3.50399e-11
11.4 5.2 2.08319e-11
11.6 5.2 1.14328e-11
11.8 5.2 5.79205e-12
12 5.2 2.70875e-12
12.2 5.2 1.16939e-12
12.4 5.2 4.66026e-13
12.6 5.2 1.71441e-13
12.8 5.2 5.82207e-14
13 5.2 1.82514e-14
13.2 5.2 5.28167e-15
13.4 5.2 1.41092e-15
13.6 5.2 3.47928e-16
13.8 5.2 7.92016e-17
14 5.2 1.66431e-17
14.2 5.2 3.22843e-18
14.4 5.2 5.78103e-19
14.6 5.2 9.55598e-20
14.8 5.2 1.45815e-20
5.2 5.4 9.55598e-20
5.4 5.4 6.26252e-19
5.6 5.4 3.7886e-18
5.8 5.4 2.11575e-17
6 5.4 1.09071e-16
6.2 5.4 5.19048e-16
6.4 5.4 2.28015e-15
6.6 5.4 9.24647e-15
6.8 5.4 3.46134e-14
7 5.4 1.19611e-13
7.2 5.4 3.8155e-13
7.4 5.4 1.12354e-12
7.6 5.4 3.0541e-12
7.8 5.4 7.66363e-12
8 5.4 1.77518e-11
8.2 5.4 3.79582e-11
8.4 5.4 7.49249e-11
8.6 5.4 1.36522e-10
8.8 5.4 2.29634e-10
9 5.4 3.56554e-10
9.2 5.4 5.1106e-10
9.4 5.4 6.76198e-10
9.6 5.4 8.2591e-10
9.8 5.4 9.31211e-10
10 5.4 9.69215e-10
10.2 5.4 9.31211e-10
10.4 5.4 8.2591e-10
10.6 5.4 6.76198e-10
10.8 5.4 5.1106e-10
11 5.4 3.56554e-10
11.2 5.4 2.29634e-10
11.4 5.4 1.36522e-10
11.6 5.4 7.49249e-11
11.8 5.4 3.79582e-11
12 5.4 1.77518e-11
12.2 5.4 7.66363e-12
12.4 5.4 3.0541e-12
12.6 5.4 1.12354e-12
12.8 5.4 3.8155e-13
13 5.4 1.19611e-13
13.2 5.4 3.46134e-14
13.4 5.4 9.24647e-15
13.6 5.4 2.28015e-15
13.8 5.4 5.19048e-16
14 5.4 1.09071e-16
14.2 5.4 2.11575e-17
14.4 5.4 3.7886e-18
14.6 5.4 6.26252e-19
14.8 5.4 9.55598e-20
5.2 5.6 5.78103e-19
5.4 5.6 3.7886e-18
5.6 5.6 2.29197e-17
5.8 5.6 1.27996e-16
6 5.6 6.5984e-16
6.2 5.6 3.14006e-15
6.4 5.6 1.37941e-14
6.6 5.6 5.59379e-14
6.8 5.6 2.09399e-13
7 5.6 7.23602e-13
7.2 5.6 2.30824e-12
7.4 5.6 6.79703e-12
7.6 5.6 1.84763e-11
7.8 5.6 4.63623e-11
8 5.6 1.07392e-10
8.2 5.6 2.29634e-10
8.4 5.6 4.53269e-10
8.6 5.6 8.2591e-10
8.8 5.6 1.3892e-09
9 5.6 2.15703e-09
9.2 5.6 3.09173e-09
9.4 5.6 4.09076e-09
9.6 5.6 4.99647e-09
9.8 5.6 5.6335e-09
10 5.6 5.86341e-09
10.2 5.6 5.6335e-09
10.4 5.6 4.99647e-09
10.6 5.6 4.09076e-09
10.8 5.6 3.09173e-09
11 5.6 2.15703e-09
11.2 5.6 1.3892e-09
11.4 5.6 8.2591e-10
11.6 5.6 4.53269e-10
11.8 5.6 2.29634e-10
12 5.6 1.07392e-10
12.2 5.6 4.63623e-11
12.4 5.6 1.84763e-11
12.6 5.6 6.79703e-12
12.8 5.6 2.30824e-12
13 5.6 7.23602e-13
13.2 5.6 2.09399e-13
13.4 5.6 5.59379e-14
13.6 5.6 1.37941e-14
13.8 5.6 3.14006e-15
14 5.6 6.5984e-16
14.2 5.6 1.27996e-16
14.4 5.6 2.29197e-17
14.6 5.6 3.7886e-18
14.8 5.6 5.78103e-19
5.2 5.8 3.22843e-18
5.4 5.8 2.11575e-17
5.6 5.8 1.27996e-16
5.8 5.8 7.14796e-16
6 5.8 3.68489e-15
6.2 5.8 1.75357e-14
6.4 5.8 7.70336e-14
6.6 5.8 3.12387e-13
6.8 5.8 1.16939e-12
7 5.8 4.04098e-12
7.2 5.8 1.28904e-11
7.4 5.8 3.79582e-11
7.6 5.8 1.03181e-10
7.8 5.8 2.58911e-10
8 5.8 5.99734e-10
8.2 5.8 1.2824e-09
8.4 5.8 2.53129e-09
8.6 5.8 4.61232e-09
8.8 5.8 7.75805e-09
9 5.8 1.2046e-08
9.2 5.8 1.72659e-08
9.4 5.8 2.2845e-08
9.6 5.8 2.79029e-08
9.8 5.8 3.14604e-08
10 5.8 3.27444e-08
10.2 5.8 3.14604e-08
10.4 5.8 2.79029e-08
10.6 5.8 2.2845e-08
10.8 5.8 1.72659e-08
11 5.8 1.2046e-08
11.2 5.8 7.75805e-09
11.4 5.8 4.61232e-09
11.6 5.8 2.53129e-09
11.8 5.8 1.2824e-09
12 5.8 5.99734e-10
12.2 5.8 2.58911e-10
12.4 5.8 1.03181e-10
12.6 5.8 3.79582e-11
12.8 5.8 1.28904e-11
13 5.8 4.04098e-12
13.2 5.8 1.16939e-12
13.4 5.8 3.12387e-13
13.6 5.8 7.70336e-14
13.8 5.8 1.75357e-14
14 5.8 3.68489e-15
14.2 5.8 7.14796e-16
14.4 5.8 1.27996e-16
14.6 5.8 2.11575e-17
14.8 5.8 3.22843e-18
5.2 6 1.66431e-17
5.4 6 1.09071e-16
5.6 6 6.5984e-16
5.8 6 3.68489e-15
6 6 1.89962e-14
6.2 6 9.03998e-14
6.4 6 3.97121e-13
6.6 6 1.61041e-12
6.8 6 6.02843e-12
7 6 2.08319e-11
7.2 6 6.64524e-11
7.4 6 1.95681e-10
7.6 6 5.31916e-10
7.8 6 1.33473e-09
8 6 3.09173e-09
8.2 6 6.61097e-09
8.4 6 1.30493e-08
8.6 6 2.37773e-08
8.8 6 3.99941e-08
9 6 6.20991e-08
9.2 6 8.90084e-08
9.4 6 1.1777e-07
9.6 6 1.43844e-07
9.8 6 1.62184e-07
10 6 1.68803e-07
10.2 6 1.62184e-07
10.4 6 1.43844e-07
10.6 6 1.1777e-07
10.8 6 8.90084e-08
11 6 6.20991e-08
11.2 6 3.99941e-08
11.4 6 2.37773e-08
11.6 6 1.30493e-08
11.8 6 6.61097e-09
12 6 3.09173e-09
12.2 6 1.33473e-09
12.4 6 5.31916e-10
12.6 6 1.95681e-10
12.8 6 6.64524e-11
13 6 2.08319e-11
13.2 6 6.02843e-12
13.4 6 1.61041e-12
13.6 6 3.97121e-13
13.8 6 9.03998e-14
14 6 1.89962e-14
14.2 6 3.68489e-15
14.4 6 6.5984e-16
14.6 6 1.09071e-16
14.8 6 1.66431e-17
5.2 6.2 7.92016e-17
5.4 6.2 5.19048e-16
5.6 6.2 3.14006e-15
5.8 6.2 1.75357e-14
6 6.2 9.03998e-14
6.2 6.2 4.30196e-13
6.4 6.2 1.88983e-12
6.6 6.2 7.66363e-12
6.8 6.2 2.86882e-11
7 6.2 9.91354e-11
7.2 6.2 3.16235e-10
7.4 6.2 9.31211e-10
7.6 6.2 2.53129e-09
7.8 6.2 6.35175e-09
8 6.2 1.4713e-08
8.2 6.2 3.14604e-08
8.4 6.2 6.20991e-08
8.6 6.2 1.13152e-07
8.8 6.2 1.90325e-07
9 6.2 2.95518e-07
9.2 6.2 4.23575e-07
9.4 6.2 5.60445e-07
9.6 6.2 6.84529e-07
9.8 6.2 7.71804e-07
10 6.2 8.03302e-07
10.2 6.2 7.71804e-07
10.4 6.2 6.84529e-07
10.6 6.2 5.60445e-07
10.8 6.2 4.23575e-07
11 6.2 2.95518e-07
11.2 6.2 1.90325e-07
11.4 6.2 1.13152e-07
11.6 6.2 6.20991e-08
11.8 6.2 3.14604e-08
12 6.2 1.4713e-08
12.2 6.2 6.35175e-09
12.4 6.2 2.53129e-09
12.6 6.2 9.31211e-10
12.8 6.2 3.16235e-10
13 6.2 9.91354e-11
13.2 6.2 2.86882e-11
13.4 6.2 7.66363e-12
13.6 6.2 1.88983e-12
13.8 6.2 4.30196e-13
14 6.2 9.03998e-14
14.2 6.2 1.75357e-14
14.4 6.2 3.14006e-15
14.6 6.2 5.19048e-16
14.8 6.2 7.92016e-17
5.2 6.4 3.47928e-16
5.4 6.4 2.28015e-15
5.6 6.4 1.37941e-14
5.8 6.4 7.70336e-14
6 6.4 3.97121e-13
6.2 6.4 1.88983e-12
6.4 6.4 8.30192e-12
6.6 6.4 3.36659e-11
6.8 6.4 1.26026e-10
7 6.4 4.35496e-10
7.2 6.4 1.3892e-09
7.4 6.4 4.09076e-09
7.6 6.4 1.11198e-08
7.8 6.4 2.79029e-08
8 6.4 6.46334e-08
8.2 6.4 1.38204e-07
8.4 6.4 2.72798e-07
8.6 6.4 4.9707e-07
8.8 6.4 8.36086e-07
9 6.4 1.2982e-06
9.2 6.4 1.86074e-06
9.4 6.4 2.462e-06
9.6 6.4 3.0071e-06
9.8 6.4 3.39049e-06
10 6.4 3.52886e-06
10.2 6.4 3.39049e-06
10.4 6.4 3.0071e-06
10.6 6.4 2.462e-06
10.8 6.4 1.86074e-06
11 6.4 1.2982e-06
11.2 6.4 8.36086e-07
11.4 6.4 4.9707e-07
11.6 6.4 2.72798e-07
11.8 6.4 1.38204e-07
12 6.4 6.46334e-08
12.2 6.4 2.79029e-08
12.4 6.4 1.11198e-08
12.6 6.4 4.09076e-09
12.8 6.4 1.3892e-09
13 6.4 4.35496e-10
13.2 6.4 1.26026e-10
13.4 6.4 3.36659e-11
13.6 6.4 8.30192e-12
13.8 6.4 1.88983e-12
14 6.4 3.97121e-13
14.2 6.4 7.70336e-14
14.4 6.4 1.37941e-14
14.6 6.4 2.28015e-15
14.8 6.4 3.47928e-16
5.2 6.6 1.41092e-15
5.4 6.6 9.24647e-15
5.6 6.6 5.59379e-14
5.8 6.6 3.12387e-13
6 6.6 1.61041e-12
6.2 6.6 7.66363e-12
6.4 6.6 3.36659e-11
6.6 6.6 1.36522e-10
6.8 6.6 5.1106e-10
7 6.6 1.76602e-09
7.2 6.6 5.6335e-09
7.4 6.6 1.65889e-08
7.6 6.6 4.50932e-08
7.8 6.6 1.13152e-07
8 6.6 2.62101e-07
8.2 6.6 5.60445e-07
8.4 6.6 1.10625e-06
8.6 6.6 2.01572e-06
8.8 6.6 3.39049e-06
9 6.6 5.26444e-06
9.2 6.6 7.54568e-06
9.4 6.6 9.98392e-06
9.6 6.6 1.21944e-05
9.8 6.6 1.37491e-05
10 6.6 1.43102e-05
10.2 6.6 1.37491e-05
10.4 6.6 1.21944e-05
10.6 6.6 9.98392e-06
10.8 6.6 7.54568e-06
11 6.6 5.26444e-06
11.2 6.6 3.39049e-06
11.4 6.6 2.01572e-06
11.6 6.6 1.10625e-06
11.8 6.6 5.60445e-07
12 6.6 2.62101e-07
12.2 6.6 1.13152e-07
12.4 6.6 4.50932e-08
12.6 6.6 1.65889e-08
12.8 6.6 5.6335e-09
13 6.6 1.76602e-09
13.2 6.6 5.1106e-10
13.4 6.6 1.36522e-10
13.6 6.6 3.36659e-11
13.8 6.6 7.66363e-12
14 6.6 1.61041e-12
14.2 6.6 3.12387e-13
14.4 6.6 5.59379e-14
14.6 6.6 9.24647e-15
14.8 6.6 1.41092e-15
5.2 6.8 5.28167e-15
5.4 6.8 3.46134e-14
5.6 6.8 2.09399e-13
5.8 6.8 1.16939e-12
6 6.8 6.02843e-12
6.2 6.8 2.86882e-11
6.4 6.8 1.26026e-10
6.6 6.8 5.1106e-10
6.8 6.8 1.91311e-09
7 6.8 6.61097e-09
7.2 6.8 2.10886e-08
7.4 6.8 6.20991e-08
7.6 6.8 1.68803e-07
7.8 6.8 4.23575e-07
8 6.8 9.81155e-07
8.2 6.8 2.09798e-06
8.4 6.8 4.14116e-06
8.6 6.8 7.54568e-06
8.8 6.8 1.2692e-05
9 6.8 1.9707e-05
9.2 6.8 2.82467e-05
9.4 6.8 3.7374e-05
9.6 6.8 4.56487e-05
9.8 6.8 5.14688e-05
10 6.8 5.35693e-05
10.2 6.8 5.14688e-05
10.4 6.8 4.56487e-05
10.6 6.8 3.7374e-05
10.8 6.8 2.82467e-05
11 6.8 1.9707e-05
11.2 6.8 1.2692e-05
11.4 6.8 7.54568e-06
11.6 6.8 4.14116e-06
11.8 6.8 2.09798e-06
12 6.8 9.81155e-07
12.2 6.8 4.23575e-07
12.4 6.8 1.68803e-07
12.6 6.8 6.20991e-08
12.8 6.8 2.10886e-08
13 6.8 6.61097e-09
13.2 6.8 1.91311e-09
13.4 6.8 5.1106e-10
13.6 6.8 1.26026e-10
13.8 6.8 2.86882e-11
14 6.8 6.02843e-12
14.2 6.8 1.16939e-12
14.4 6.8 2.09399e-13
14.6 6.8 3.46134e-14
14.8 6.8 5.28167e-15
5.2 7 1.82514e-14
5.4 7 1.19611e-13
5.6 7 7.23602e-13
5.8 7 4.04098e-12
6 7 2.08319e-11
6.2 7 9.91354e-11
6.4 7 4.35496e-10
6.6 7 1.76602e-09
6.8 7 6.61097e-09
7 7 2.2845e-08
7.2 7 7.28739e-08
7.4 7 2.1459e-07
7.6 7 5.83317e-07
7.8 7 1.46371e-06
8 7 3.39049e-06
8.2 7 7.24981e-06
8.4 7 1.43102e-05
8.6 7 2.6075e-05
8.8 7 4.38588e-05
9 7 6.80999e-05
9.2 7 9.76096e-05
9.4 7 0.00012915
9.6 7 0.000157744
9.8 7 0.000177856
10 7 0.000185115
10.2 7 0.000177856
10.4 7 0.000157744
10.6 7 0.00012915
10.8 7 9.76096e-05
11 7 6.80999e-05
11.2 7 4.38588e-05
11.4 7 2.6075e-05
11.6 7 1.43102e-05
11.8 7 7.24981e-06
12 7 3.39049e-06
12.2 7 1.46371e-06
12.4 7 5.83317e-07
12.6 7 2.1459e-07
12.8 7 7.28739e-08
13 7 2.2845e-08
13.2 7 6.61097e-09
13.4 7 1.76602e-09
13.6 7 4.35496e-10
13.8 7 9.91354e-11
14 7 2.08319e-11
14.2 7 4.04098e-12
14.4 7 7.23602e-13
14.6 7 1.19611e-13
14.8 7 1.82514e-14
5.2 7.2 5.82207e-14
5.4 7.2 3.8155e-13
5.6 7.2 2.30824e-12
5.8 7.2 1.28904e-11
6 7.2 6.64524e-11
6.2 7.2 3.16235e-10
6.4 7.2 1.3892e-09
6.6 7.2 5.6335e-09
6.8 7.2 2.10886e-08
7 7.2 7.28739e-08
7.2 7.2 2.32463e-07
7.4 7.2 6.84529e-07
7.6 7.2 1.86074e-06
7.8 7.2 4.66914e-06
8 7.2 1.08154e-05
8.2 7.2 2.31264e-05
8.4 7.2 4.56487e-05
8.6 7.2 8.31774e-05
8.8 7.2 0.000139907
9 7.2 0.000217234
9.2 7.2 0.000311368
9.4 7.2 0.00041198
9.6 7.2 0.000503194
9.8 7.2 0.00056735
10 7.2 0.000590504
10.2 7.2 0.00056735
10.4 7.2 0.000503194
10.6 7.2 0.00041198
10.8 7.2 0.000311368
11 7.2 0.000217234
11.2 7.2 0.000139907
11.4 7.2 8.31774e-05
11.6 7.2 4.56487e-05
11.8 7.2 2.31264e-05
12 7.2 1.08154e-05
12.2 7.2 4.66914e-06
12.4 7.2 1.86074e-06
12.6 7.2 6.84529e-07
12.8 7.2 2.32463e-07
13 7.2 7.28739e-08
13.2 7.2 2.10886e-08
13.4 7.2 5.6335e-09
13.6 7.2 1.3892e-09
13.8 7.2 3.16235e-10
14 7.2 6.64524e-11
14.2 7.2 1.28904e-11
14.4 7.2 2.30824e-12
14.6 7.2 3.8155e-13
14.8 7.2 5.82207e-14
5.2 7.4 1.71441e-13
5.4 7.4 1.12354e-12
5.6 7.4 6.79703e-12
5.8 7.4 3.79582e-11
6 7.4 1.95681e-10
6.2 7.4 9.31211e-10
6.4 7.4 4.09076e-09
6.6 7.4 1.65889e-08
6.8 7.4 6.20991e-08
7 7.4 2.1459e-07
7.2 7.4 6.84529e-07
7.4 7.4 2.01572e-06
7.6 7.4 5.47929e-06
7.8 7.4 1.37491e-05
8 7.4 3.1848e-05
8.2 7.4 6.80999e-05
8.4 7.4 0.000134421
8.6 7.4 0.000244931
8.8 7.4 0.00041198
9 7.4 0.000639685
9.2 7.4 0.000916879
9.4 7.4 0.00121315
9.6 7.4 0.00148174
9.8 7.4 0.00167066
10 7.4 0.00173884
10.2 7.4 0.00167066
10.4 7.4 0.00148174
10.6 7.4 0.00121315
10.8 7.4 0.000916879
11 7.4 0.000639685
11.2 7.4 0.00041198
11.4 7.4 0.000244931
11.6 7.4 0.000134421
11.8 7.4 6.80999e-05
12 7.4 3.1848e-05
12.2 7.4 1.37491e-05
12.4 7.4 5.47929e-06
12.6 7.4 2.01572e-06
12.8 7.4 6.84529e-07
13 7.4 2.1459e-07
13.2 7.4 6.20991e-08
13.4 7.4 1.65889e-08
13.6 7.4 4.09076e-09
13.8 7.4 9.31211e-10
14 7.4 1.95681e-10
14.2 7.4 3.79582e-11
14.4 7.4 6.79703e-12
14.6 7.4 1.12354e-12
14.8 7.4 1.71441e-13
5.2 7.6 4.66026e-13
5.4 7.6 3.0541e-12
5.6 7.6 1.84763e-11
5.8 7.6 1.03181e-10
6 7.6 5.31916e-10
6.2 7.6 2.53129e-09
6.4 7.6 1.11198e-08
6.6 7.6 4.50932e-08
6.8 7.6 1.68803e-07
7 7.6 5.83317e-07
7.2 7.6 1.86074e-06
7.4 7.6 5.47929e-06
7.6 7.6 1.48943e-05
7.8 7.6 3.7374e-05
8 7.6 8.65719e-05
8.2 7.6 0.000185115
8.4 7.6 0.000365394
8.6 7.6 0.000665791
8.8 7.6 0.00111988
9 7.6 0.00173884
9.2 7.6 0.00249234
9.4 7.6 0.00329768
9.6 7.6 0.0040278
9.8 7.6 0.00454133
10 7.6 0.00472667
10.2 7.6 0.00454133
10.4 7.6 0.0040278
10.6 7.6 0.00329768
10.8 7.6 0.00249234
11 7.6 0.00173884
11.2 7.6 0.00111988
11.4 7.6 0.000665791
11.6 7.6 0.000365394
11.8 7.6 0.000185115
12 7.6 8.65719e-05
12.2 7.6 3.7374e-05
12.4 7.6 1.48943e-05
12.6 7.6 5.47929e-06
12.8 7.6 1.86074e-06
13 7.6 5.83317e-07
13.2 7.6 1.68803e-07
13.4 7.6 4.50932e-08
13.6 7.6 1.11198e-08
13.8 7.6 2.53129e-09
14 7.6 5.31916e-10
14.2 7.6 1.03181e-10
14.4 7.6 1.84763e-11
14.6 7.6 3.0541e-12
14.8 7.6 4.66026e-13
5.2 7.8 1.16939e-12
5.4 7.8 7.66363e-12
5.6 7.8 4.63623e-11
5.8 7.8 2.58911e-10
6 7.8 1.33473e-09
6.2 7.8 6.35175e-09
6.4 7.8 2.79029e-08
6.6 7.8 1.13152e-07
6.8 7.8 4.23575e-07
7 7.8 1.46371e-06
7.2 7.8 4.66914e-06
7.4 7.8 1.37491e-05
7.6 7.8 3.7374e-05
7.8 7.8 9.37823e-05
8 7.8 0.000217234
8.2 7.8 0.000464507
8.4 7.8 0.000916879
8.6 7.8 0.00167066
8.8 7.8 0.0028101
9 7.8 0.00436326
9.2 7.8 0.00625399
9.4 7.8 0.00827485
9.6 7.8 0.0101069
9.8 7.8 0.0113955
10 7.8 0.0118606
10.2 7.8 0.0113955
10.4 7.8 0.0101069
10.6 7.8 0.00827485
10.8 7.8 0.00625399
11 7.8 0.00436326
11.2 7.8 0.0028101
11.4 7.8 0.00167066
11.6 7.8 0.000916879
11.8 7.8 0.000464507
12 7.8 0.000217234
12.2 7.8 9.37823e-05
12.4 7.8 3.7374e-05
12.6 7.8 1.37491e-05
12.8 7.8 4.66914e-06
13 7.8 1.46371e-06
13.2 7.8 4.23575e-07
13.4 7.8 1.13152e-07
13.6 7.8 2.79029e-08
13.8 7.8 6.35175e-09
14 7.8 1.33473e-09
14.2 7.8 2.58911e-10
14.4 7.8 4.63623e-11
14.6 7.8 7.66363e-12
14.8 7.8 1.16939e-12
5.2 8 2.70875e-12
5.4 8 1.77518e-11
5.6 8 1.07392e-10
5.8 8 5.99734e-10
6 8 3.09173e-09
6.2 8 1.4713e-08
6.4 8 6.46334e-08
6.6 8 2.62101e-07
6.8 8 9.81155e-07
7 8 3.39049e-06
7.2 8 1.08154e-05
7.4 8 3.1848e-05
7.6 8 8.65719e-05
7.8 8 0.000217234
8 8 0.000503194
8.2 8 0.00107597
8.4 8 0.00212383
8.6 8 0.00386987
8.8 8 0.00650922
9 8 0.0101069
9.2 8 0.0144865
9.4 8 0.0191676
9.6 8 0.0234113
9.8 8 0.0263962
10 8 0.0274735
10.2 8 0.0263962
10.4 8 0.0234113
10.6 8 0.0191676
10.8 8 0.0144865
11 8 0.0101069
11.2 8 0.00650922
11.4 8 0.00386987
11.6 8 0.00212383
11.8 8 0.00107597
12 8 0.000503194
12.2 8 0.000217234
12.4 8 8.65719e-05
12.6 8 3.1848e-05
12.8 8 1.08154e-05
13 8 3.39049e-06
13.2 8 9.81155e-07
13.4 8 2.62101e-07
13.6 8 6.46334e-08
13.8 8 1.4713e-08
14 8 3.09173e-09
14.2 8 5.99734e-10
14.4 8 1.07392e-10
14.6 8 1.77518e-11
14.8 8 2.70875e-12
5.2 8.2 5.79205e-12
5.4 8.2 3.79582e-11
5.6 8.2 2.29634e-10
5.8 8.2 1.2824e-09
6 8.2 6.61097e-09
6.2 8.2 3.14604e-08
6.4 8.2 1.38204e-07
6.6 8.2 5.60445e-07
6.8 8.2 2.09798e-06
7 8.2 7.24981e-06
7.2 8.2 2.31264e-05
7.4 8.2 6.80999e-05
7.6 8.2 0.000185115
7.8 8.2 0.000464507
8 8.2 0.00107597
8.2 8.2 0.00230072
8.4 8.2 0.00454133
8.6 8.2 0.00827485
8.8 8.2 0.0139185
9 8.2 0.0216114
9.2 8.2 0.0309762
9.4 8.2 0.0409856
9.6 8.2 0.0500599
9.8 8.2 0.0564424
10 8.2 0.0587458
10.2 8.2 0.0564424
10.4 8.2 0.0500599
10.6 8.2 0.0409856
10.8 8.2 0.0309762
11 8.2 0.0216114
11.2 8.2 0.0139185
11.4 8.2 0.00827485
11.6 8.2 0.00454133
11.8 8.2 0.00230072
12 8.2 0.00107597
12.2 8.2 0.000464507
12.4 8.2 0.000185115
12.6 8.2 6.80999e-05
12.8 8.2 2.31264e-05
13 8.2 7.24981e-06
13.2 8.2 2.09798e-06
13.4 8.2 5.60445e-07
13.6 8.2 1.38204e-07
13.8 8.2 3.14604e-08
14 8.2 6.61097e-09
14.2 8.2 1.2824e-09
14.4 8.2 2.29634e-10
14.6 8.2 3.79582e-11
14.8 8.2 5.79205e-12
5.2 8.4 1.14328e-11
5.4 8.4 7.49249e-11
5.6 8.4 4.53269e-10
5.8 8.4 2.53129e-09
6 8.4 1.30493e-08
6.2 8.4 6.20991e-08
6.4 8.4 2.72798e-07
6.6 8.4 1.10625e-06
6.8 8.4 4.14116e-06
7 8.4 1.43102e-05
7.2 8.4 4.56487e-05
7.4 8.4 0.000134421
7.6 8.4 0.000365394
7.8 8.4 0.000916879
8 8.4 0.00212383
8.2 8.4 0.00454133
8.4 8.4 0.00896403
8.6 8.4 0.0163335
8.8 8.4 0.0274735
9 8.4 0.0426582
9.2 8.4 0.0611433
9.4 8.4 0.0809005
9.6 8.4 0.0988121
9.8 8.4 0.11141
10 8.4 0.115957
10.2 8.4 0.11141
10.4 8.4 0.0988121
10.6 8.4 0.0809005
10.8 8.4 0.0611433
11 8.4 0.0426582
11.2 8.4 0.0274735
11.4 8.4 0.0163335
11.6 8.4 0.00896403
11.8 8.4 0.00454133
12 8.4 0.00212383
12.2 8.4 0.000916879
12.4 8.4 0.000365394
12.6 8.4 0.000134421
12.8 8.4 4.56487e-05
13 8.4 1.43102e-05
13.2 8.4 4.14116e-06
13.4 8.4 1.10625e-06
13.6 8.4 2.72798e-07
13.8 8.4 6.20991e-08
14 8.4 1.30493e-08
14.2 8.4 2.53129e-09
14.4 8.4 4.53269e-10
14.6 8.4 7.49249e-11
14.8 8.4 1.14328e-11
5.2 8.6 2.08319e-11
5.4 8.6 1.36522e-10
5.6 8.6 8.2591e-10
5.8 8.6 4.61232e-09
6 8.6 2.37773e-08
6.2 8.6 1.13152e-07
6.4 8.6 4.9707e-07
6.6 8.6 2.01572e-06
6.8 8.6 7.54568e-06
7 8.6 2.6075e-05
7.2 8.6 8.31774e-05
7.4 8.6 0.000244931
7.6 8.6 0.000665791
7.8 8.6 0.00167066
8 8.6 0.00386987
8.2 8.6 0.00827485
8.4 8.6 0.0163335
8.6 8.6 0.0297616
8.8 8.6 0.0500599
9 8.6 0.0777284
9.2 8.6 0.11141
9.4 8.6 0.14741
9.6 8.6 0.180047
9.8 8.6 0.203003
10 8.6 0.211288
10.2 8.6 0.203003
10.4 8.6 0.180047
10.6 8.6 0.14741
10.8 8.6 0.11141
11 8.6 0.0777284
11.2 8.6 0.0500599
11.4 8.6 0.0297616
11.6 8.6 0.0163335
11.8 8.6 0.00827485
12 8.6 0.00386987
12.2 8.6 0.00167066
12.4 8.6 0.000665791
12.6 8.6 0.000244931
12.8 8.6 8.31774e-05
13 8.6 2.6075e-05
13.2 8.6 7.54568e-06
13.4 8.6 2.01572e-06
13.6 8.6 4.9707e-07
13.8 8.6 1.13152e-07
14 8.6 2.37773e-08
14.2 8.6 4.61232e-09
14.4 8.6 8.2591e-10
14.6 8.6 1.36522e-10
14.8 8.6 2.08319e-11
5.2 8.8 3.50399e-11
5.4 8.8 2.29634e-10
5.6 8.8 1.3892e-09
5.8 8.8 7.75805e-09
6 8.8 3.99941e-08
6.2 8.8 1.90325e-07
6.4 8.8 8.36086e-07
6.6 8.8 3.39049e-06
6.8 8.8 1.2692e-05
7 8.8 4.38588e-05
7.2 8.8 0.000139907
7.4 8.8 0.00041198
7.6 8.8 0.00111988
7.8 8.8 0.0028101
8 8.8 0.00650922
8.2 8.8 0.0139185
8.4 8.8 0.0274735
8.6 8.8 0.0500599
8.8 8.8 0.0842021
9 8.8 0.130741
9.2 8.8 0.187395
9.4 8.8 0.247948
9.6 8.8 0.302845
9.8 8.8 0.341457
10 8.8 0.355392
10.2 8.8 0.341457
10.4 8.8 0.302845
10.6 8.8 0.247948
10.8 8.8 0.187395
11 8.8 0.130741
11.2 8.8 0.0842021
11.4 8.8 0.0500599
11.6 8.8 0.0274735
11.8 8.8 0.0139185
12 8.8 0.00650922
12.2 8.8 0.0028101
12.4 8.8 0.00111988
12.6 8.8 0.00041198
12.8 8.8 0.000139907
13 8.8 4.38588e-05
13.2 8.8 1.2692e-05
13.4 8.8 3.39049e-06
13.6 8.8 8.36086e-07
13.8 8.8 1.90325e-07
14 8.8 3.99941e-08
14.2 8.8 7.75805e-09
14.4 8.8 1.3892e-09
14.6 8.8 2.29634e-10
14.8 8.8 3.50399e-11
5.2 9 5.44066e-11
5.4 9 3.56554e-10
5.6 9 2.15703e-09
5.8 9 1.2046e-08
6 9 6.20991e-08
6.2 9 2.95518e-07
6.4 9 1.2982e-06
6.6 9 5.26444e-06
6.8 9 1.9707e-05
7 9 6.80999e-05
7.2 9 0.000217234
7.4 9 0.000639685
7.6 9 0.00173884
7.8 9 0.00436326
8 9 0.0101069
8.2 9 0.0216114
8.4 9 0.0426582
8.6 9 0.0777284
8.8 9 0.130741
9 9 0.203003
9.2 9 0.29097
9.4 9 0.384991
9.6 9 0.470229
9.8 9 0.530182
10 9 0.551819
10.2 9 0.530182
10.4 9 0.470229
10.6 9 0.384991
10.8 9 0.29097
11 9 0.203003
11.2 9 0.130741
11.4 9 0.0777284
11.6 9 0.0426582
11.8 9 0.0216114
12 9 0.0101069
12.2 9 0.00436326
12.4 9 0.00173884
12.6 9 0.000639685
12.8 9 0.000217234
13 9 6.80999e-05
13.2 9 1.9707e-05
13.4 9 5.26444e-06
13.6 9 1.2982e-06
13.8 9 2.95518e-07
14 9 6.20991e-08
14.2 9 1.2046e-08
14.4 9 2.15703e-09
14.6 9 3.56554e-10
14.8 9 5.44066e-11
5.2 9.2 7.79826e-11
5.4 9.2 5.1106e-10
5.6 9.2 3.09173e-09
5.8 9.2 1.72659e-08
6 9.2 8.90084e-08
6.2 9.2 4.23575e-07
6.4 9.2 1.86074e-06
6.6 9.2 7.54568e-06
6.8 9.2 2.82467e-05
7 9.2 9.76096e-05
7.2 9.2 0.000311368
7.4 9.2 0.000916879
7.6 9.2 0.00249234
7.8 9.2 0.00625399
8 9.2 0.0144865
8.2 9.2 0.0309762
8.4 9.2 0.0611433
8.6 9.2 0.11141
8.8 9.2 0.187395
9 9.2 0.29097
9.2 9.2 0.417056
9.4 9.2 0.551819
9.6 9.2 0.673993
9.8 9.2 0.759925
10 9.2 0.790939
10.2 9.2 0.759925
10.4 9.2 0.673993
10.6 9.2 0.551819
10.8 9.2 0.417056
11 9.2 0.29097
11.2 9.2 0.187395
11.4 9.2 0.11141
11.6 9.2 0.0611433
11.8 9.2 0.0309762
12 9.2 0.0144865
12.2 9.2 0.00625399
12.4 9.2 0.00249234
12.6 9.2 0.000916879
12.8 9.2 0.000311368
13 9.2 9.76096e-05
13.2 9.2 2.82467e-05
13.4 9.2 7.54568e-06
13.6 9.2 1.86074e-06
13.8 9.2 4.23575e-07
14 9.2 8.90084e-08
14.2 9.2 1.72659e-08
14.4 9.2 3.09173e-09
14.6 9.2 5.1106e-10
14.8 9.2 7.79826e-11
5.2 9.4 1.03181e-10
5.4 9.4 6.76198e-10
5.6 9.4 4.09076e-09
5.8 9.4 2.2845e-08
6 9.4 1.1777e-07
6.2 9.4 5.60445e-07
6.4 9.4 2.462e-06
6.6 9.4 9.98392e-06
6.8 9.4 3.7374e-05
7 9.4 0.00012915
7.2 9.4 0.00041198
7.4 9.4 0.00121315
7.6 9.4 0.00329768
7.8 9.4 0.00827485
8 9.4 0.0191676
8.2 9.4 0.0409856
8.4 9.4 0.0809005
8.6 9.4 0.14741
8.8 9.4 0.247948
9 9.4 0.384991
9.2 9.4 0.551819
9.4 9.4 0.730128
9.6 9.4 0.891781
9.8 9.4 1.00548
10 9.4 1.04651
10.2 9.4 1.00548
10.4 9.4 0.891781
10.6 9.4 0.730128
10.8 9.4 0.551819
11 9.4 0.384991
11.2 9.4 0.247948
11.4 9.4 0.14741
11.6 9.4 0.0809005
11.8 9.4 0.0409856
12 9.4 0.0191676
12.2 9.4 0.00827485
12.4 9.4 0.00329768
12.6 9.4 0.00121315
12.8 9.4 0.00041198
13 9.4 0.00012915
13.2 9.4 3.7374e-05
13.4 9.4 9.98392e-06
13.6 9.4 2.462e-06
13.8 9.4 5.60445e-07
14 9.4 1.1777e-07
14.2 9.4 2.2845e-08
14.4 9.4 4.09076e-09
14.6 9.4 6.76198e-10
14.8 9.4 1.03181e-10
5.2 9.6 1.26026e-10
5.4 9.6 8.2591e-10
5.6 9.6 4.99647e-09
5.8 9.6 2.79029e-08
6 9.6 1.43844e-07
6.2 9.6 6.84529e-07
6.4 9.6 3.0071e-06
6.6 9.6 1.21944e-05
6.8 9.6 4.56487e-05
7 9.6 0.000157744
7.2 9.6 0.000503194
7.4 9.6 0.00148174
7.6 9.6 0.0040278
7.8 9.6 0.0101069
8 9.6 0.0234113
8.2 9.6 0.0500599
8.4 9.6 0.0988121
8.6 9.6 0.180047
8.8 9.6 0.302845
9 9.6 0.470229
9.2 9.6 0.673993
9.4 9.6 0.891781
9.6 9.6 1.08922
9.8 9.6 1.2281
10 9.6 1.27822
10.2 9.6 1.2281
10.4 9.6 1.08922
10.6 9.6 0.891781
10.8 9.6 0.673993
11 9.6 0.470229
11.2 9.6 0.302845
11.4 9.6 0.180047
11.6 9.6 0.0988121
11.8 9.6 0.0500599
12 9.6 0.0234113
12.2 9.6 0.0101069
12.4 9.6 0.0040278
12.6 9.6 0.00148174
12.8 9.6 0.000503194
13 9.6 0.000157744
13.2 9.6 4.56487e-05
13.4 9.6 1.21944e-05
13.6 9.6 3.0071e-06
13.8 9.6 6.84529e-07
14 9.6 1.43844e-07
14.2 9.6 2.79029e-08
14.4 9.6 4.99647e-09
14.6 9.6 8.2591e-10
14.8 9.6 1.26026e-10
5.2 9.8 1.42094e-10
5.4 9.8 9.31211e-10
5.6 9.8 5.6335e-09
5.8 9.8 3.14604e-08
6 9.8 1.62184e-07
6.2 9.8 7.71804e-07
6.4 9.8 3.39049e-06
6.6 9.8 1.37491e-05
6.8 9.8 5.14688e-05
7 9.8 0.000177856
7.2 9.8 0.00056735
7.4 9.8 0.00167066
7.6 9.8 0.00454133
7.8 9.8 0.0113955
8 9.8 0.0263962
8.2 9.8 0.0564424
8.4 9.8 0.11141
8.6 9.8 0.203003
8.8 9.8 0.341457
9 9.8 0.530182
9.2 9.8 0.759925
9.4 9.8 1.00548
9.6 9.8 1.2281
9.8 9.8 1.38467
10 9.8 1.44118
10.2 9.8 1.38467
10.4 9.8 1.2281
10.6 9.8 1.00548
10.8 9.8 0.759925
11 9.8 0.530182
11.2 9.8 0.341457
11.4 9.8 0.203003
11.6 9.8 0.11141
11.8 9.8 0.0564424
12 9.8 0.0263962
12.2 9.8 0.0113955
12.4 9.8 0.00454133
12.6 9.8 0.00167066
12.8 9.8 0.00056735
13 9.8 0.000177856
13.2 9.8 5.14688e-05
13.4 9.8 1.37491e-05
13.6 9.8 3.39049e-06
13.8 9.8 7.71804e-07
14 9.8 1.62184e-07
14.2 9.8 3.14604e-08
14.4 9.8 5.6335e-09
14.6 9.8 9.31211e-10
14.8 9.8 1.42094e-10
5.2 10 1.47893e-10
5.4 10 9.69215e-10
5.6 10 5.86341e-09
5.8 10 3.27444e-08
6 10 1.68803e-07
6.2 10 8.03302e-07
6.4 10 3.52886e-06
6.6 10 1.43102e-05
6.8 10 5.35693e-05
7 10 0.000185115
7.2 10 0.000590504
7.4 10 0.00173884
7.6 10 0.00472667
7.8 10 0.0118606
8 10 0.0274735
8.2 10 0.0587458
8.4 10 0.115957
8.6 10 0.211288
8.8 10 0.355392
9 10 0.551819
9.2 10 0.790939
9.4 10 1.04651
9.6 10 1.27822
9.8 10 1.44118
10 10 1.5
10.2 10 1.44118
10.4 10 1.27822
10.6 10 1.04651
10.8 10 0.790939
11 10 0.551819
11.2 10 0.355392
11.4 10 0.211288
11.6 10 0.115957
11.8 10 0.0587458
12 10 0.0274735
12.2 10 0.0118606
12.4 10 0.00472667
12.6 10 0.00173884
12.8 10 0.000590504
13 10 0.000185115
13.2 10 5.35693e-05
13.4 10 1.43102e-05
13.6 10 3.52886e-06
13.8 10 8.03302e-07
14 10 1.68803e-07
14.2 10 3.27444e-08
14.4 10 5.86341e-09
14.6 10 9.69215e-10
14.8 10 1.47893e-10
5.2 10.2 1.42094e-10
5.4 10.2 9.31211e-10
5.6 10.2 5.6335e-09
5.8 10.2 3.14604e-08
6 10.2 1.62184e-07
6.2 10.2 7.71804e-07
6.4 10.2 3.39049e-06
6.6 10.2 1.37491e-05
6.8 10.2 5.14688e-05
7 10.2 0.000177856
7.2 10.2 0.00056735
7.4 10.2 0.00167066
7.6 10.2 0.00454133
7.8 10.2 0.0113955
8 10.2 0.0263962
8.2 10.2 0.0564424
8.4 10.2 0.11141
8.6 10.2 0.203003
8.8 10.2 0.341457
9 10.2 0.530182
9.2 10.2 0.759925
9.4 10.2 1.00548
9.6 10.2 1.2281
9.8 10.2 1.38467
10 10.2 1.44118
10.2 10.2 1.38467
10.4 10.2 1.2281
10.6 10.2 1.00548
10.8 10.2 0.759925
11 10.2 0.530182
11.2 10.2 0.341457
11.4 10.2 0.203003
11.6 10.2 0.11141
11.8 10.2 0.0564424
12 10.2 0.0263962
12.2 10.2 0.0113955
12.4 10.2 0.00454133
12.6 10.2 0.00167066
12.8 10.2 0.00056735
13 10.2 0.000177856
13.2 10.2 5.14688e-05
13.4 10.2 1.37491e-05
13.6 10.2 3.39049e-06
13.8 10.2 7.71804e-07
14 10.2 1.62184e-07
14.2 10.2 3.14604e-08
14.4 10.2 5.6335e-09
14.6 10.2 9.31211e-10
14.8 10.2 1.42094e-10
5.2 10.4 1.26026e-10
5.4 10.4 8.2591e-10
5.6 10.4 4.99647e-09
5.8 10.4 2.79029e-08
6 10.4 1.43844e-07
6.2 10.4 6.84529e-07
6.4 10.4 3.0071e-06
6.6 10.4 1.21944e-05
6.8 10.4 4.56487e-05
7 10.4 0.000157744
7.2 10.4 0.000503194
7.4 10.4 0.00148174
7.6 10.4 0.0040278
7.8 10.4 0.0101069
8 10.4 0.0234113
8.2 10.4 0.0500599
8.4 10.4 0.0988121
8.6 10.4 0.180047
8.8 10.4 0.302845
9 10.4 0.470229
9.2 10.4 0.673993
9.4 10.4 0.891781
9.6 10.4 1.08922
9.8 10.4 1.2281
10 10.4 1.27822
10.2 10.4 1.2281
10.4 10.4 1.08922
10.6 10.4 0.891781
10.8 10.4 0.673993
11 10.4 0.470229
11.2 10.4 0.302845
11.4 10.4 0.180047
11.6 10.4 0.0988121
11.8 10.4 0.0500599
12 10.4 0.0234113
12.2 10.4 0.0101069
12.4 10.4 0.0040278
12.6 10.4 0.00148174
12.8 10.4 0.000503194
13 10.4 0.000157744
13.2 10.4 4.56487e-05
13.4 10.4 1.21944e-05
13.6 10.4 3.0071e-06
13.8 10.4 6.84529e-07
14 10.4 1.43844e-07
14.2 10.4 2.79029e-08
14.4 10.4 4.99647e-09
14.6 10.4 8.2591e-10
14.8 10.4 1.26026e-10
5.2 10.6 1.03181e-10
5.4 10.6 6.76198e-10
5.6 10.6 4.09076e-09
5.8 10.6 2.2845e-08
6 10.6 1.1777e-07
6.2 10.6 5.60445e-07
6.4 10.6 2.462e-06
6.6 10.6 9.98392e-06
6.8 10.6 3.7374e-05
7 10.6 0.00012915
7.2 10.6 0.00041198
7.4 10.6 0.00121315
7.6 10.6 0.00329768
7.8 10.6 0.00827485
8 10.6 0.0191676
8.2 10.6 0.0409856
8.4 10.6 0.0809005
8.6 10.6 0.14741
8.8 10.6 0.247948
9 10.6 0.384991
9.2 10.6 0.551819
9.4 10.6 0.730128
9.6 10.6 0.891781
9.8 10.6 1.00548
10 10.6 1.04651
10.2 10.6 1.00548
10.4 10.6 0.891781
10.6 10.6 0.730128
10.8 10.6 0.551819
11 10.6 0.384991
11.2 10.6 0.247948
11.4 10.6 0.14741
11.6 10.6 0.0809005
11.8 10.6 0.0409856
12 10.6 0.0191676
12.2 10.6 0.00827485
12.4 10.6 0.00329768
12.6 10.6 0.00121315
12.8 10.6 0.00041198
13 10.6 0.00012915
13.2 10.6 3.7374e-05
13.4 10.6 9.98392e-06
13.6 10.6 2.462e-06
13.8 10.6 5.60445e-07
14 10.6 1.1777e-07
14.2 10.6 2.2845e-08
14.4 10.6 4.09076e-09
14.6 10.6 6.76198e-10
14.8 10.6 1.03181e-10
5.2 10.8 7.79826e-11
5.4 10.8 5.1106e-10
5.6 10.8 3.09173e-09
5.8 10.8 1.72659e-08
6 10.8 8.90084e-08
6.2 10.8 4.23575e-07
6.4 10.8 1.86074e-06
6.6 10.8 7.54568e-06
6.8 10.8 2.82467e-05
7 10.8 9.76096e-05
7.2 10.8 0.000311368
7.4 10.8 0.000916879
7.6 10.8 0.00249234
7.8 10.8 0.00625399
8 10.8 0.0144865
8.2 10.8 0.0309762
8.4 10.8 0.0611433
8.6 10.8 0.11141
8.8 10.8 0.187395
9 10.8 0.29097
9.2 10.8 0.417056
9.4 10.8 0.551819
9.6 10.8 0.673993
9.8 10.8 0.759925
10 10.8 0.790939
10.2 10.8 0.759925
10.4 10.8 0.673993
10.6 10.8 0.551819
10.8 10.8 0.417056
11 10.8 0.29097
11.2 10.8 0.187395
11.4 10.8 0.11141
11.6 10.8 0.0611433
11.8 10.8 0.0309762
12 10.8 0.0144865
12.2 10.8 0.00625399
12.4 10.8 0.00249234
12.6 10.8 0.000916879
12.8 10.8 0.000311368
13 10.8 9.76096e-05
13.2 10.8 2.82467e-05
13.4 10.8 7.54568e-06
13.6 10.8 1.86074e-06
13.8 10.8 4.23575e-07
14 10.8 8.90084e-08
14.2 10.8 1.72659e-08
14.4 10.8 3.09173e-09
14.6 10.8 5.1106e-10
14.8 10.8 7.79826e-11
5.2 11 5.44066e-11
5.4 11 3.56554e-10
5.6 11 2.15703e-09
5.8 11 1.2046e-08
6 11 6.20991e-08
6.2 11 2.95518e-07
6.4 11 1.2982e-06
6.6 11 5.26444e-06
6.8 11 1.9707e-05
7 11 6.80999e-05
7.2 11 0.000217234
7.4 11 0.000639685
7.6 11 0.00173884
7.8 11 0.00436326
8 11 0.0101069
8.2 11 0.0216114
8.4 11 0.0426582
8.6 11 0.0777284
8.8 11 0.130741
9 11 0.203003
9.2 11 0.29097
9.4 11 0.384991
9.6 11 0.470229
9.8 11 0.530182
10 11 0.551819
10.2 11 0.530182
10.4 11 0.470229
10.6 11 0.384991
10.8 11 0.29097
11 11 0.203003
11.2 11 0.130741
11.4 11 0.0777284
11.6 11 0.0426582
11.8 11 0.0216114
12 11 0.0101069
12.2 11 0.00436326
12.4 11 0.00173884
12.6 11 0.000639685
12.8 11 0.000217234
13 11 6.80999e-05
13.2 11 1.9707e-05
13.4 11 5.26444e-06
13.6 11 1.2982e-06
13.8 11 2.95518e-07
14 11 6.20991e-08
14.2 11 1.2046e-08
14.4 11 2.15703e-09
14.6 11 3.56554e-10
14.8 11 5.44066e-11
5.2 11.2 3.50399e-11
5.4 11.2 2.29634e-10
5.6 11.2 1.3892e-09
5.8 11.2 7.75805e-09
6 11.2 3.99941e-08
6.2 11.2 1.90325e-07
6.4 11.2 8.36086e-07
6.6 11.2 3.39049e-06
6.8 11.2 1.2692e-05
7 11.2 4.38588e-05
7.2 11.2 0.000139907
7.4 11.2 0.00041198
7.6 11.2 0.00111988
7.8 11.2 0.0028101
8 11.2 0.00650922
8.2 11.2 0.0139185
8.4 11.2 0.0274735
8.6 11.2 0.0500599
8.8 11.2 0.0842021
9 11.2 0.130741
9.2 11.2 0.187395
9.4 11.2 0.247948
9.6 11.2 0.302845
9.8 11.2 0.341457
10 11.2 0.355392
10.2 11.2 0.341457
10.4 11.2 0.302845
10.6 11.2 0.247948
10.8 11.2 0.187395
11 11.2 0.130741
11.2 11.2 0.0842021
11.4 11.2 0.0500599
11.6 11.2 0.0274735
11.8 11.2 0.0139185
12 11.2 0.00650922
12.2 11.2 0.0028101
12.4 11.2 0.00111988
12.6 11.2 0.00041198
12.8 11.2 0.000139907
13 11.2 4.38588e-05
13.2 11.2 1.2692e-05
13.4 11.2 3.39049e-06
13.6 11.2 8.36086e-07
13.8 11.2 1.90325e-07
14 11.2 3.99941e-08
14.2 11.2 7.75805e-09
14.4 11.2 1.3892e-09
14.6 11.2 2.29634e-10
14.8 11.2 3.50399e-11
5.2 11.4 2.08319e-11
5.4 11.4 1.36522e-10
5.6 11.4 8.2591e-10
5.8 11.4 4.61232e-09
6 11.4 2.37773e-08
6.2 11.4 1.13152e-07
6.4 11.4 4.9707e-07
6.6 11.4 2.01572e-06
6.8 11.4 7.54568e-06
7 11.4 2.6075e-05
7.2 11.4 8.31774e-05
7.4 11.4 0.000244931
7.6 11.4 0.000665791
7.8 11.4 0.00167066
8 11.4 0.00386987
8.2 11.4 0.00827485
8.4 11.4 0.0163335
8.6 11.4 0.0297616
8.8 11.4 0.0500599
9 11.4 0.0777284
9.2 11.4 0.11141
9.4 11.4 0.14741
9.6 11.4 0.180047
9.8 11.4 0.203003
10 11.4 0.211288
10.2 11.4 0.203003
10.4 11.4 0.180047
10.6 11.4 0.14741
10.8 11.4 0.11141
11 11.4 0.0777284
11.2 11.4 0.0500599
11.4 11.4 0.0297616
11.6 11.4 0.0163335
11.8 11.4 0.00827485
12 11.4 0.00386987
12.2 11.4 0.00167066
12.4 11.4 0.000665791
12.6 11.4 0.000244931
12.8 11.4 8.31774e-05
13 11.4 2.6075e-05
13.2 11.4 7.54568e-06
13.4 11.4 2.01572e-06
13.6 11.4 4.9707e-07
13.8 11.4 1.13152e-07
14 11.4 2.37773e-08
14.2 11.4 4.61232e-09
14.4 11.4 8.2591e-10
14.6 11.4 1.36522e-10
14.8 11.4 2.08319e-11
5.2 11.6 1.14328e-11
5.4 11.6 7.49249e-11
5.6 11.6 4.53269e-10
5.8 11.6 2.53129e-09
6 11.6 1.30493e-08
6.2 11.6 6.20991e-08
6.4 11.6 2.72798e-07
6.6 11.6 1.10625e-06
6.8 11.6 4.14116e-06
7 11.6 1.43102e-05
7.2 11.6 4.56487e-05
7.4 11.6 0.000134421
7.6 11.6 0.000365394
7.8 11.6 0.000916879
8 11.6 0.00212383
8.2 11.6 0.00454133
8.4 11.6 0.00896403
8.6 11.6 0.0163335
8.8 11.6 0.0274735
9 11.6 0.0426582
9.2 11.6 0.0611433
9.4 11.6 0.0809005
9.6 11.6 0.0988121
9.8 11.6 0.11141
10 11.6 0.115957
10.2 11.6 0.11141
10.4 11.6 0.0988121
10.6 11.6 0.0809005
10.8 11.6 0.0611433
11 11.6 0.0426582
11.2 11.6 0.0274735
11.4 11.6 0.0163335
11.6 11.6 0.00896403
11.8 11.6 0.00454133
12 11.6 0.00212383
12.2 11.6 0.000916879
12.4 11.6 0.000365394
12.6 11.6 0.000134421
12.8 11.6 4.56487e-05
13 11.6 1.43102e-05
13.2 11.6 4.14116e-06
13.4 11.6 1.10625e-06
13.6 11.6 2.72798e-07
13.8 11.6 6.20991e-08
14 11.6 1.30493e-08
14.2 11.6 2.53129e-09
14.4 11.6 4.53269e-10
14.6 11.6 7.49249e-11
14.8 11.6 1.14328e-11
5.2 11.8 5.79205e-12
5.4 11.8 3.79582e-11
5.6 11.8 2.29634e-10
5.8 11.8 1.2824e-09
6 11.8 6.61097e-09
6.2 11.8 3.14604e-08
6.4 11.8 1.38204e-07
6.6 11.8 5.60445e-07
6.8 11.8 2.09798e-06
7 11.8 7.24981e-06
7.2 11.8 2.31264e-05
7.4 11.8 6.80999e-05
7.6 11.8 0.000185115
7.8 11.8 0.000464507
8 11.8 0.00107597
8.2 11.8 0.00230072
8.4 11.8 0.00454133
8.6 11.8 0.00827485
8.8 11.8 0.0139185
9 11.8 0.0216114
9.2 11.8 0.0309762
9.4 11.8 0.0409856
9.6 11.8 0.0500599
9.8 11.8 0.0564424
10 11.8 0.0587458
10.2 11.8 0.0564424
10.4 11.8 0.0500599
10.6 11.8 0.0409856
10.8 11.8 0.0309762
11 11.8 0.0216114
11.2 11.8 0.0139185
11.4 11.8 0.00827485
11.6 11.8 0.00454133
11.8 11.8 0.00230072
12 11.8 0.00107597
12.2 11.8 0.000464507
12.4 11.8 0.000185115
12.6 11.8 6.80999e-05
12.8 11.8 2.31264e-05
13 11.8 7.24981e-06
13.2 11.8 2.09798e-06
13.4 11.8 5.60445e-07
13.6 11.8 1.38204e-07
13.8 11.8 3.14604e-08
14 11.8 6.61097e-09
14.2 11.8 1.2824e-09
14.4 11.8 2.29634e-10
14.6 11.8 3.79582e-11
14.8 11.8 5.79205e-12
5.2 12 2.70875e-12
5.4 12 1.77518e-11
5.6 12 1.07392e-10
5.8 12 5.99734e-10
6 12 3.09173e-09
6.2 12 1.4713e-08
6.4 12 6.46334e-08
6.6 12 2.62101e-07
6.8 12 9.81155e-07
7 12 3.39049e-06
7.2 12 1.08154e-05
7.4 12 3.1848e-05
7.6 12 8.65719e-05
7.8 12 0.000217234
8 12 0.000503194
8.2 12 0.00107597
8.4 12 0.00212383
8.6 12 0.00386987
8.8 12 0.00650922
9 12 0.0101069
9.2 12 0.0144865
9.4 12 0.0191676
9.6 12 0.0234113
9.8 12 0.0263962
10 12 0.0274735
10.2 12 0.0263962
10.4 12 0.0234113
10.6 12 0.0191676
10.8 12 0.0144865
11 12 0.0101069
11.2 12 0.00650922
11.4 12 0.00386987
11.6 12 0.00212383
11.8 12 0.00107597
12 12 0.000503194
12.2 12 0.000217234
12.4 12 8.65719e-05
12.6 12 3.1848e-05
12.8 12 1.08154e-05
13 12 3.39049e-06
13.2 12 9.81155e-07
13.4 12 2.62101e-07
13.6 12 6.46334e-08
13.8 12 1.4713e-08
14 12 3.09173e-09
14.2 12 5.99734e-10
14.4 12 1.07392e-10
14.6 12 1.77518e-11
14.8 12 2.70875e-12
5.2 12.2 1.16939e-12
5.4 12.2 7.66363e-12
5.6 12.2 4.63623e-11
5.8 12.2 2.58911e-10
6 12.2 1.33473e-09
6.2 12.2 6.35175e-09
6.4 12.2 2.79029e-08
6.6 12.2 1.13152e-07
6.8 12.2 4.23575e-07
7 12.2 1.46371e-06
7.2 12.2 4.66914e-06
7.4 12.2 1.37491e-05
7.6 12.2 3.7374e-05
7.8 12.2 9.37823e-05
8 12.2 0.000217234
8.2 12.2 0.000464507
8.4 12.2 0.000916879
8.6 12.2 0.00167066
8.8 12.2 0.0028101
9 12.2 0.00436326
9.2 12.2 0.00625399
9.4 12.2 0.00827485
9.6 12.2 0.0101069
9.8 12.2 0.0113955
10 12.2 0.0118606
10.2 12.2 0.0113955
10.4 12.2 0.0101069
10.6 12.2 0.00827485
10.8 12.2 0.00625399
11 12.2 0.00436326
11.2 12.2 0.0028101
11.4 12.2 0.00167066
11.6 12.2 0.000916879
11.8 12.2 0.000464507
12 12.2 0.000217234
12.2 12.2 9.37823e-05
12.4 12.2 3.7374e-05
12.6 12.2 1.37491e-05
12.8 12.2 4.66914e-06
13 12.2 1.46371e-06
13.2 12.2 4.23575e-07
13.4 12.2 1.13152e-07
13.6 12.2 2.79029e-08
13.8 12.2 6.35175e-09
14 12.2 1.33473e-09
14.2 12.2 2.58911e-10
14.4 12.2 4.63623e-11
14.6 12.2 7.66363e-12
14.8 12.2 1.16939e-12
5.2 12.4 4.66026e-13
5.4 12.4 3.0541e-12
5.6 12.4 1.84763e-11
5.8 12.4 1.03181e-10
6 12.4 5.31916e-10
6.2 12.4 2.53129e-09
6.4 12.4 1.11198e-08
6.6 12.4 4.50932e-08
6.8 12.4 1.68803e-07
7 12.4 5.83317e-07
7.2 12.4 1.86074e-06
7.4 12.4 5.47929e-06
7.6 12.4 1.48943e-05
7.8 12.4 3.7374e-05
8 12.4 8.65719e-05
8.2 12.4 0.000185115
8.4 12.4 0.000365394
8.6 12.4 0.000665791
8.8 12.4 0.00111988
9 12.4 0.00173884
9.2 12.4 0.00249234
9.4 12.4 0.00329768
9.6 12.4 0.0040278
9.8 12.4 0.00454133
10 12.4 0.00472667
10.2 12.4 0.00454133
10.4 12.4 0.0040278
10.6 12.4 0.00329768
10.8 12.4 0.00249234
11 12.4 0.00173884
11.2 12.4 0.00111988
11.4 12.4 0.000665791
11.6 12.4 0.000365394
11.8 12.4 0.000185115
12 12.4 8.65719e-05
12.2 12.4 3.7374e-05
12.4 12.4 1.48943e-05
12.6 12.4 5.47929e-06
12.8 12.4 1.86074e-06
13 12.4 5.83317e-07
13.2 12.4 1.68803e-07
13.4 12.4 4.50932e-08
13.6 12.4 1.11198e-08
13.8 12.4 2.53129e-09
14 12.4 5.31916e-10
14.2 12.4 1.03181e-10
14.4 12.4 1.84763e-11
14.6 12.4 3.0541e-12
14.8 12.4 4.66026e-13
5.2 12.6 1.71441e-13
5.4 12.6 1.12354e-12
5.6 12.6 6.79703e-12
5.8 12.6 3.79582e-11
6 12.6 1.95681e-10
6.2 12.6 9.31211e-10
6.4 12.6 4.09076e-09
6.6 12.6 1.65889e-08
6.8 12.6 6.20991e-08
7 12.6 2.1459e-07
7.2 12.6 6.84529e-07
7.4 12.6 2.01572e-06
7.6 12.6 5.47929e-06
7.8 12.6 1.37491e-05
8 12.6 3.1848e-05
8.2 12.6 6.80999e-05
8.4 12.6 0.000134421
8.6 12.6 0.000244931
8.8 12.6 0.00041198
9 12.6 0.000639685
9.2 12.6 0.000916879
9.4 12.6 0.00121315
9.6 12.6 0.00148174
9.8 12.6 0.00167066
10 12.6 0.00173884
10.2 12.6 0.00167066
10.4 12.6 0.00148174
10.6 12.6 0.00121315
10.8 12.6 0.000916879
11 12.6 0.000639685
11.2 12.6 0.00041198
11.4 12.6 0.000244931
11.6 12.6 0.000134421
11.8 12.6 6.80999e-05
12 12.6 3.1848e-05
12.2 12.6 1.37491e-05
12.4 12.6 5.47929e-06
12.6 12.6 2.01572e-06
12.8 12.6 6.84529e-07
13 12.6 2.1459e-07
13.2 12.6 6.20991e-08
13.4 12.6 1.65889e-08
13.6 12.6 4.09076e-09
13.8 12.6 9.31211e-10
14 12.6 1.95681e-10
14.2 12.6 3.79582e-11
14.4 12.6 6.79703e-12
14.6 12.6 1.12354e-12
14.8 12.6 1.71441e-13
5.2 12.8 5.82207e-14
5.4 12.8 3.8155e-13
5.6 12.8 2.30824e-12
5.8 12.8 1.28904e-11
6 12.8 6.64524e-11
6.2 12.8 3.16235e-10
6.4 12.8 1.3892e-09
6.6 12.8 5.6335e-09
6.8 12.8 2.10886e-08
7 12.8 7.28739e-08
7.2 12.8 2.32463e-07
7.4 12.8 6.84529e-07
7.6 12.8 1.86074e-06
7.8 12.8 4.66914e-06
8 12.8 1.08154e-05
8.2 12.8 2.31264e-05
8.4 12.8 4.56487e-05
8.6 12.8 8.31774e-05
8.8 12.8 0.000139907
9 12.8 0.000217234
9.2 12.8 0.000311368
9.4 12.8 0.00041198
9.6 12.8 0.000503194
9.8 12.8 0.00056735
10 12.8 0.000590504
10.2 12.8 0.00056735
10.4 12.8 0.000503194
10.6 12.8 0.00041198
10.8 12.8 0.000311368
11 12.8 0.000217234
11.2 12.8 0.000139907
11.4 12.8 8.31774e-05
11.6 12.8 4.56487e-05
11.8 12.8 2.31264e-05
12 12.8 1.08154e-05
12.2 12.8 4.66914e-06
12.4 12.8 1.86074e-06
12.6 12.8 6.84529e-07
12.8 12.8 2.32463e-07
13 12.8 7.28739e-08
13.2 12.8 2.10886e-08
13.4 12.8 5.6335e-09
13.6 12.8 1.3892e-09
13.8 12.8 3.16235e-10
14 12.8 6.64524e-11
14.2 12.8 1.28904e-11
14.4 12.8 2.30824e-12
14.6 12.8 3.8155e-13
14.8 12.8 5.82207e-14
5.2 13 1.82514e-14
5.4 13 1.19611e-13
5.6 13 7.23602e-13
5.8 13 4.04098e-12
6 13 2.08319e-11
6.2 13 9.91354e-11
6.4 13 4.35496e-10
6.6 13 1.76602e-09
6.8 13 6.61097e-09
7 13 2.2845e-08
7.2 13 7.28739e-08
7.4 13 2.1459e-07
7.6 13 5.83317e-07
7.8 13 1.46371e-06
8 13 3.39049e-06
8.2 13 7.24981e-06
8.4 13 1.43102e-05
8.6 13 2.6075e-05
8.8 13 4.38588e-05
9 13 6.80999e-05
9.2 13 9.76096e-05
9.4 13 0.00012915
9.6 13 0.000157744
9.8 13 0.000177856
10 13 0.000185115
10.2 13 0.000177856
10.4 13 0.000157744
10.6 13 0.00012915
10.8 13 9.76096e-05
11 13 6.80999e-05
11.2 13 4.38588e-05
11.4 13 2.6075e-05
11.6 13 1.43102e-05
11.8 13 7.24981e-06
12 13 3.39049e-06
12.2 13 1.46371e-06
12.4 13 5.83317e-07
12.6 13 2.1459e-07
12.8 13 7.28739e-08
13 13 2.2845e-08
13.2 13 6.61097e-09
13.4 13 1.76602e-09
13.6 13 4.35496e-10
13.8 13 9.91354e-11
14 13 2.08319e-11
14.2 13 4.04098e-12
14.4 13 7.23602e-13
14.6 13 1.19611e-13
14.8 13 1.82514e-14
5.2 13.2 5.28167e-15
5.4 13.2 3.46134e-14
5.6 13.2 2.09399e-13
5.8 13.2 1.16939e-12
6 13.2 6.02843e-12
6.2 13.2 2.86882e-11
6.4 13.2 1.26026e-10
6.6 13.2 5.1106e-10
6.8 13.2 1.91311e-09
7 13.2 6.61097e-09
7.2 13.2 2.10886e-08
7.4 13.2 6.20991e-08
7.6 13.2 1.68803e-07
7.8 13.2 4.23575e-07
8 13.2 9.81155e-07
8.2 13.2 2.09798e-06
8.4 13.2 4.14116e-06
8.6 13.2 7.54568e-06
8.8 13.2 1.2692e-05
9 13.2 1.9707e-05
9.2 13.2 2.82467e-05
9.4 13.2 3.7374e-05
9.6 13.2 4.56487e-05
9.8 13.2 5.14688e-05
10 13.2 5.35693e-05
10.2 13.2 5.14688e-05
10.4 13.2 4.56487e-05
10.6 13.2 3.7374e-05
10.8 13.2 2.82467e-05
11 13.2 1.9707e-05
11.2 13.2 1.2692e-05
11.4 13.2 7.54568e-06
11.6 13.2 4.14116e-06
11.8 13.2 2.09798e-06
12 13.2 9.81155e-07
12.2 13.2 4.23575e-07
12.4 13.2 1.68803e-07
12.6 13.2 6.20991e-08
12.8 13.2 2.10886e-08
13 13.2 6.61097e-09
13.2 13.2 1.91311e-09
13.4 13.2 5.1106e-10
13.6 13.2 1.26026e-10
13.8 13.2 2.86882e-11
14 13.2 6.02843e-12
14.2 13.2 1.16939e-12
14.4 13.2 2.09399e-13
14.6 13.2 3.46134e-14
14.8 13.2 5.28167e-15
5.2 13.4 1.41092e-15
5.4 13.4 9.24647e-15
5.6 13.4 5.59379e-14
5.8 13.4 3.12387e-13
6 13.4 1.61041e-12
6.2 13.4 7.66363e-12
6.4 13.4 3.36659e-11
6.6 13.4 1.36522e-10
6.8 13.4 5.1106e-10
7 13.4 1.76602e-09
7.2 13.4 5.6335e-09
7.4 13.4 1.65889e-08
7.6 13.4 4.50932e-08
7.8 13.4 1.13152e-07
8 13.4 2.62101e-07
8.2 13.4 5.60445e-07
8.4 13.4 1.10625e-06
8.6 13.4 2.01572e-06
8.8 13.4 3.39049e-06
9 13.4 5.26444e-06
9.2 13.4 7.54568e-06
9.4 13.4 9.98392e-06
9.6 13.4 1.21944e-05
9.8 13.4 1.37491e-05
10 13.4 1.43102e-05
10.2 13.4 1.37491e-05
10.4 13.4 1.21944e-05
10.6 13.4 9.98392e-06
10.8 13.4 7.54568e-06
11 13.4 5.26444e-06
11.2 13.4 3.39049e-06
11.4 13.4 2.01572e-06
11.6 13.4 1.10625e-06
11.8 13.4 5.60445e-07
12 13.4 2.62101e-07
12.2 13.4 1.13152e-07
12.4 13.4 4.50932e-08
12.6 13.4 1.65889e-08
12.8 13.4 5.6335e-09
13 13.4 1.76602e-09
13.2 13.4 5.1106e-10
13.4 13.4 1.36522e-10
13.6 13.4 3.36659e-11
13.8 13.4 7.66363e-12
14 13.4 1.61041e-12
14.2 13.4 3.12387e-13
14.4 13.4 5.59379e-14
14.6 13.4 9.24647e-15
14.8 13.4 1.41092e-15
5.2 13.6 3.47928e-16
5.4 13.6 2.28015e-15
5.6 13.6 1.37941e-14
5.8 13.6 7.70336e-14
6 13.6 3.97121e-13
6.2 13.6 1.88983e-12
6.4 13.6 8.30192e-12
6.6 13.6 3.36659e-11
6.8 13.6 1.26026e-10
7 13.6 4.35496e-10
7.2 13.6 1.3892e-09
7.4 13.6 4.09076e-09
7.6 13.6 1.11198e-08
7.8 13.6 2.79029e-08
8 13.6 6.46334e-08
8.2 13.6 1.38204e-07
8.4 13.6 2.72798e-07
8.6 13.6 4.9707e-07
8.8 13.6 8.36086e-07
9 13.6 1.2982e-06
9.2 13.6 1.86074e-06
9.4 13.6 2.462e-06
9.6 13.6 3.0071e-06
9.8 13.6 3.39049e-06
10 13.6 3.52886e-06
10.2 13.6 3.39049e-06
10.4 13.6 3.0071e-06
10.6 13.6 2.462e-06
10.8 13.6 1.86074e-06
11 13.6 1.2982e-06
11.2 13.6 8.36086e-07
11.4 13.6 4.9707e-07
11.6 13.6 2.72798e-07
11.8 13.6 1.38204e-07
12 13.6 6.46334e-08
12.2 13.6 2.79029e-08
12.4 13.6 1.11198e-08
12.6 13.6 4.09076e-09
12.8 13.6 1.3892e-09
13 13.6 4.35496e-10
13.2 13.6 1.26026e-10
13.4 13.6 3.36659e-11
13.6 13.6 8.30192e-12
13.8 13.6 1.88983e-12
14 13.6 3.97121e-13
14.2 13.6 7.70336e-14
14.4 13.6 1.37941e-14
14.6 13.6 2.28015e-15
14.8 13.6 3.47928e-16
5.2 13.8 7.92016e-17
5.4 13.8 5.19048e-16
5.6 13.8 3.14006e-15
5.8 13.8 1.75357e-14
6 13.8 9.03998e-14
6.2 13.8 4.30196e-13
6.4 13.8 1.88983e-12
6.6 13.8 7.66363e-12
6.8 13.8 2.86882e-11
7 13.8 9.91354e-11
7.2 13.8 3.16235e-10
7.4 13.8 9.31211e-10
7.6 13.8 2.53129e-09
7.8 13.8 6.35175e-09
8 13.8 1.4713e-08
8.2 13.8 3.14604e-08
8.4 13.8 6.20991e-08
8.6 13.8 1.13152e-07
8.8 13.8 1.90325e-07
9 13.8 2.95518e-07
9.2 13.8 4.23575e-07
9.4 13.8 5.60445e-07
9.6 13.8 6.84529e-07
9.8 13.8 7.71804e-07
10 13.8 8.03302e-07
10.2 13.8 7.71804e-07
10.4 13.8 6.84529e-07
10.6 13.8 5.60445e-07
10.8 13.8 4.23575e-07
11 13.8 2.95518e-07
11.2 13.8 1.90325e-07
11.4 13.8 1.13152e-07
11.6 13.8 6.20991e-08
11.8 13.8 3.14604e-08
12 13.8 1.4713e-08
12.2 13.8 6.35175e-09
12.4 13.8 2.53129e-09
12.6 13.8 9.31211e-10
12.8 13.8 3.16235e-10
13 13.8 9.91354e-11
13.2 13.8 2.86882e-11
13.4 13.8 7.66363e-12
13.6 13.8 1.88983e-12
13.8 13.8 4.30196e-13
14 13.8 9.03998e-14
14.2 13.8 1.75357e-14
14.4 13.8 3.14006e-15
14.6 13.8 5.19048e-16
14.8 13.8 7.92016e-17
5.2 14 1.66431e-17
5.4 14 1.09071e-16
5.6 14 6.5984e-16
5.8 14 3.68489e-15
6 14 1.89962e-14
6.2 14 9.03998e-14
6.4 14 3.97121e-13
6.6 14 1.61041e-12
6.8 14 6.02843e-12
7 14 2.08319e-11
7.2 14 6.64524e-11
7.4 14 1.95681e-10
7.6 14 5.31916e-10
7.8 14 1.33473e-09
8 14 3.09173e-09
8.2 14 6.61097e-09
8.4 14 1.30493e-08
8.6 14 2.37773e-08
8.8 14 3.99941e-08
9 14 6.20991e-08
9.2 14 8.90084e-08
9.4 14 1.1777e-07
9.6 14 1.43844e-07
9.8 14 1.62184e-07
10 14 1.68803e-07
10.2 14 1.62184e-07
10.4 14 1.43844e-07
10.6 14 1.1777e-07
10.8 14 8.90084e-08
11 14 6.20991e-08
11.2 14 3.99941e-08
11.4 14 2.37773e-08
11.6 14 1.30493e-08
11.8 14 6.61097e-09
12 14 3.09173e-09
12.2 14 1.33473e-09
12.4 14 5.31916e-10
12.6 14 1.95681e-10
12.8 14 6.64524e-11
13 14 2.08319e-11
13.2 14 6.02843e-12
13.4 14 1.61041e-12
13.6 14 3.97121e-13
13.8 14 9.03998e-14
14 14 1.89962e-14
14.2 14 3.68489e-15
14.4 14 6.5984e-16
14.6 14 1.09071e-16
14.8 14 1.66431e-17
5.2 14.2 3.22843e-18
5.4 14.2 2.11575e-17
5.6 14.2 1.27996e-16
5.8 14.2 7.14796e-16
6 14.2 3.68489e-15
6.2 14.2 1.75357e-14
6.4 14.2 7.70336e-14
6.6 14.2 3.12387e-13
6.8 14.2 1.16939e-12
7 14.2 4.04098e-12
7.2 14.2 1.28904e-11
7.4 14.2 3.79582e-11
7.6 14.2 1.03181e-10
7.8 14.2 2.58911e-10
8 14.2 5.99734e-10
8.2 14.2 1.2824e-09
8.4 14.2 2.53129e-09
8.6 14.2 4.61232e-09
8.8 14.2 7.75805e-09
9 14.2 1.2046e-08
9.2 14.2 1.72659e-08
9.4 14.2 2.2845e-08
9.6 14.2 2.79029e-08
9.8 14.2 3.14604e-08
10 14.2 3.27444e-08
10.2 14.2 3.14604e-08
10.4 14.2 2.79029e-08
10.6 14.2 2.2845e-08
10.8 14.2 1.72659e-08
11 14.2 1.2046e-08
11.2 14.2 7.75805e-09
11.4 14.2 4.61232e-09
11.6 14.2 2.53129e-09
11.8 14.2 1.2824e-09
12 14.2 5.99734e-10
12.2 14.2 2.58911e-10
12.4 14.2 1.03181e-10
12.6 14.2 3.79582e-11
12.8 14.2 1.28904e-11
13 14.2 4.04098e-12
13.2 14.2 1.16939e-12
13.4 14.2 3.12387e-13
13.6 14.2 7.70336e-14
13.8 14.2 1.75357e-14
14 14.2 3.68489e-15
14.2 14.2 7.14796e-16
14.4 14.2 1.27996e-16
14.6 14.2 2.11575e-17
14.8 14.2 3.22843e-18
5.2 14.4 5.78103e-19
5.4 14.4 3.7886e-18
5.6 14.4 2.29197e-17
5.8 14.4 1.27996e-16
6 14.4 6.5984e-16
6.2 14.4 3.14006e-15
6.4 14.4 1.37941e-14
6.6 14.4 5.59379e-14
6.8 14.4 2.09399e-13
7 14.4 7.23602e-13
7.2 14.4 2.30824e-12
7.4 14.4 6.79703e-12
7.6 14.4 1.84763e-11
7.8 14.4 4.63623e-11
8 14.4 1.07392e-10
8.2 14.4 2.29634e-10
8.4 14.4 4.53269e-10
8.6 14.4 8.2591e-10
8.8 14.4 1.3892e-09
9 14.4 2.15703e-09
9.2 14.4 3.09173e-09
9.4 14.4 4.09076e-09
9.6 14.4 4.99647e-09
9.8 14.4 5.6335e-09
10 14.4 5.86341e-09
10.2 14.4 5.6335e-09
10.4 14.4 4.99647e-09
10.6 14.4 4.09076e-09
10.8 14.4 3.09173e-09
11 14.4 2.15703e-09
11.2 14.4 1.3892e-09
11.4 14.4 8.2591e-10
11.6 14.4 4.53269e-10
11.8 14.4 2.29634e-10
12 14.4 1.07392e-10
12.2 14.4 4.63623e-11
12.4 14.4 1.84763e-11
12.6 14.4 6.79703e-12
12.8 14.4 2.30824e-12
13 14.4 7.23602e-13
13.2 14.4 2.09399e-13
13.4 14.4 5.59379e-14
13.6 14.4 1.37941e-14
13.8 14.4 3.14006e-15
14 14.4 6.5984e-16
14.2 14.4 1.27996e-16
14.4 14.4 2.29197e-17
14.6 14.4 3.7886e-18
14.8 14.4 5.78103e-19
5.2 14.6 9.55598e-20
5.4 14.6 6.26252e-19
5.6 14.6 3.7886e-18
5.8 14.6 2.11575e-17
6 14.6 1.09071e-16
6.2 14.6 5.19048e-16
6.4 14.6 2.28015e-15
6.6 14.6 9.24647e-15
6.8 14.6 3.46134e-14
7 14.6 1.19611e-13
7.2 14.6 3.8155e-13
7.4 14.6 1.12354e-12
7.6 14.6 3.0541e-12
7.8 14.6 7.66363e-12
8 14.6 1.77518e-11
8.2 14.6 3.79582e-11
8.4 14.6 7.49249e-11
8.6 14.6 1.36522e-10
8.8 14.6 2.29634e-10
9 14.6 3.56554e-10
9.2 14.6 5.1106e-10
9.4 14.6 6.76198e-10
9.6 14.6 8.2591e-10
9.8 14.6 9.31211e-10
10 14.6 9.69215e-10
10.2 14.6 9.31211e-10
10.4 14.6 8.2591e-10
10.6 14.6 6.76198e-10
10.8 14.6 5.1106e-10
11 14.6 3.56554e-10
11.2 14.6 2.29634e-10
11.4 14.6 1.36522e-10
11.6 14.6 7.49249e-11
11.8 14.6 3.79582e-11
12 14.6 1.77518e-11
12.2 14.6 7.66363e-12
12.4 14.6 3.0541e-12
12.6 14.6 1.12354e-12
12.8 14.6 3.8155e-13
13 14.6 1.19611e-13
13.2 14.6 3.46134e-14
13.4 14.6 9.24647e-15
13.6 14.6 2.28015e-15
13.8 14.6 5.19048e-16
14 14.6 1.09071e-16
14.2 14.6 2.11575e-17
14.4 14.6 3.7886e-18
14.6 14.6 6.26252e-19
14.8 14.6 9.55598e-20
5.2 14.8 1.45815e-20
5.4 14.8 9.55598e-20
5.6 14.8 5.78103e-19
5.8 14.8 3.22843e-18
6 14.8 1.66431e-17
6.2 14.8 7.92016e-17
6.4 14.8 3.47928e-16
6.6 14.8 1.41092e-15
6.8 14.8 5.28167e-15
7 14.8 1.82514e-14
7.2 14.8 5.82207e-14
7.4 14.8 1.71441e-13
7.6 14.8 4.66026e-13
7.8 14.8 1.16939e-12
8 14.8 2.70875e-12
8.2 14.8 5.79205e-12
8.4 14.8 1.14328e-11
8.6 14.8 2.08319e-11
8.8 14.8 3.50399e-11
9 14.8 5.44066e-11
9.2 14.8 7.79826e-11
9.4 14.8 1.03181e-10
9.6 14.8 1.26026e-10
9.8 14.8 1.42094e-10
10 14.8 1.47893e-10
10.2 14.8 1.42094e-10
10.4 14.8 1.26026e-10
10.6 14.8 1.03181e-10
10.8 14.8 7.79826e-11
11 14.8 5.44066e-11
11.2 14.8 3.50399e-11
11.4 14.8 2.08319e-11
11.6 14.8 1.14328e-11
11.8 14.8 5.79205e-12
12 14.8 2.70875e-12
12.2 14.8 1.16939e-12
12.4 14.8 4.66026e-13
12.6 14.8 1.71441e-13
12.8 14.8 5.82207e-14
13 14.8 1.82514e-14
13.2 14.8 5.28167e-15
13.4 14.8 1.41092e-15
13.6 14.8 3.47928e-16
13.8 14.8 7.92016e-17
14 14.8 1.66431e-17
14.2 14.8 3.22843e-18
14.4 14.8 5.78103e-19
14.6 14.8 9.55598e-20
14.8 14.8 1.45815e-20

