5.2 5.2 4.37694e-21
5.4 5.2 2.85543e-20
5.6 5.2 1.71719e-19
5.8 5.2 9.53692e-19
6 5.2 4.8914e-18
6.2 5.2 2.31677e-17
6.4 5.2 1.01333e-16
6.6 5.2 4.09282e-16
6.8 5.2 1.52649e-15
7 5.2 5.25722e-15
7.2 5.2 1.67187e-14
7.4 5.2 4.90936e-14
7.6 5.2 1.33112e-13
7.8 5.2 3.33255e-13
8 5.2 7.70363e-13
8.2 5.2 1.64425e-12
8.4 5.2 3.24036e-12
8.6 5.2 5.89609e-12
8.8 5.2 9.90557e-12
9 5.2 1.53651e-11
9.2 5.2 2.20054e-11
9.4 5.2 2.90978e-11
9.6 5.2 3.55244e-11
9.8 5.2 4.0043e-11
10 5.2 4.16735e-11
10.2 5.2 4.0043e-11
10.4 5.2 3.55244e-11
10.6 5.2 2.90978e-11
10.8 5.2 2.20054e-11
11 5.2 1.53651e-11
11.2 5.2 9.90557e-12
11.4 5.2 5.89609e-12
11.6 5.2 3.24036e-12
11.8 5.2 1.64425e-12
12 5.2 7.70363e-13
12.2 5.2 3.33255e-13
12.4 5.2 1.33112e-13
12.6 5.2 4.90936e-14
12.8 5.2 1.67187e-14
13 5.2 5.25722e-15
13.2 5.2 1.52649e-15
13.4 5.2 4.09282e-16
13.6 5.2 1.01333e-16
13.8 5.2 2.31677e-17
14 5.2 4.8914e-18
14.2 5.2 9.53692e-19
14.4 5.2 1.71719e-19
14.6 5.2 2.85543e-20
14.8 5.2 4.37694e-21
5.2 5.4 2.85543e-20
5.4 5.4 1.86277e-19
5.6 5.4 1.12017e-18
5.8 5.4 6.22094e-18
6 5.4 3.19054e-17
6.2 5.4 1.51112e-16
6.4 5.4 6.60922e-16
6.6 5.4 2.66938e-15
6.8 5.4 9.95563e-15
7 5.4 3.42862e-14
7.2 5.4 1.09032e-13
7.4 5.4 3.20161e-13
7.6 5.4 8.68067e-13
7.8 5.4 2.17322e-12
8 5.4 5.0236e-12
8.2 5.4 1.07222e-11
8.4 5.4 2.11301e-11
8.6 5.4 3.84474e-11
8.8 5.4 6.45919e-11
9 5.4 1.00191e-10
9.2 5.4 1.4349e-10
9.4 5.4 1.89737e-10
9.6 5.4 2.31641e-10
9.8 5.4 2.61105e-10
10 5.4 2.71737e-10
10.2 5.4 2.61105e-10
10.4 5.4 2.31641e-10
10.6 5.4 1.89737e-10
10.8 5.4 1.4349e-10
11 5.4 1.00191e-10
11.2 5.4 6.45919e-11
11.4 5.4 3.84474e-11
11.6 5.4 2.11301e-11
11.8 5.4 1.07222e-11
12 5.4 5.0236e-12
12.2 5.4 2.17322e-12
12.4 5.4 8.68067e-13
12.6 5.4 3.20161e-13
12.8 5.4 1.09032e-13
13 5.4 3.42862e-14
13.2 5.4 9.95563e-15
13.4 5.4 2.66938e-15
13.6 5.4 6.60922e-16
13.8 5.4 1.51112e-16
14 5.4 3.19054e-17
14.2 5.4 6.22094e-18
14.4 5.4 1.12017e-18
14.6 5.4 1.86277e-19
14.8 5.4 2.85543e-20
5.2 5.6 1.71719e-19
5.4 5.6 1.12017e-18
5.6 5.6 6.73571e-18
5.8 5.6 3.74052e-17
6 5.6 1.91831e-16
6.2 5.6 9.08514e-16
6.4 5.6 3.97341e-15
6.6 5.6 1.60474e-14
6.8 5.6 5.98477e-14
7 5.6 2.06103e-13
7.2 5.6 6.55398e-13
7.4 5.6 1.92445e-12
7.6 5.6 5.21771e-12
7.8 5.6 1.30623e-11
8 5.6 3.01941e-11
8.2 5.6 6.44438e-11
8.4 5.6 1.26997e-10
8.6 5.6 2.31075e-10
8.8 5.6 3.88202e-10
9 5.6 6.02152e-10
9.2 5.6 8.6237e-10
9.4 5.6 1.1403e-09
9.6 5.6 1.39214e-09
9.8 5.6 1.56921e-09
10 5.6 1.6331e-09
10.2 5.6 1.56921e-09
10.4 5.6 1.39214e-09
10.6 5.6 1.1403e-09
10.8 5.6 8.6237e-10
11 5.6 6.02152e-10
11.2 5.6 3.88202e-10
11.4 5.6 2.31075e-10
11.6 5.6 1.26997e-10
11.8 5.6 6.44438e-11
12 5.6 3.01941e-11
12.2 5.6 1.30623e-11
12.4 5.6 5.21771e-12
12.6 5.6 1.92445e-12
12.8 5.6 6.55398e-13
13 5.6 2.06103e-13
13.2 5.6 5.98477e-14
13.4 5.6 1.60474e-14
13.6 5.6 3.97341e-15
13.8 5.6 9.08514e-16
14 5.6 1.91831e-16
14.2 5.6 3.74052e-17
14.4 5.6 6.73571e-18
14.6 5.6 1.12017e-18
14.8 5.6 1.71719e-19
5.2 5.8 9.53692e-19
5.4 5.8 6.22094e-18
5.6 5.8 3.74052e-17
5.8 5.8 2.0771e-16
6 5.8 1.06518e-15
6.2 5.8 5.04449e-15
6.4 5.8 2.20613e-14
6.6 5.8 8.90956e-14
6.8 5.8 3.32264e-13
7 5.8 1.14421e-12
7.2 5.8 3.63843e-12
7.4 5.8 1.06832e-11
7.6 5.8 2.89645e-11
7.8 5.8 7.25099e-11
8 5.8 1.67606e-10
8.2 5.8 3.57719e-10
8.4 5.8 7.04931e-10
8.6 5.8 1.28263e-09
8.8 5.8 2.15477e-09
9 5.8 3.34229e-09
9.2 5.8 4.78662e-09
9.4 5.8 6.32926e-09
9.6 5.8 7.72704e-09
9.8 5.8 8.70984e-09
10 5.8 9.06447e-09
10.2 5.8 8.70984e-09
10.4 5.8 7.72704e-09
10.6 5.8 6.32926e-09
10.8 5.8 4.78662e-09
11 5.8 3.34229e-09
11.2 5.8 2.15477e-09
11.4 5.8 1.28263e-09
11.6 5.8 7.04931e-10
11.8 5.8 3.57719e-10
12 5.8 1.67606e-10
12.2 5.8 7.25099e-11
12.4 5.8 2.89645e-11
12.6 5.8 1.06832e-11
12.8 5.8 3.63843e-12
13 5.8 1.14421e-12
13.2 5.8 3.32264e-13
13.4 5.8 8.90956e-14
13.6 5.8 2.20613e-14
13.8 5.8 5.04449e-15
14 5.8 1.06518e-15
14.2 5.8 2.0771e-16
14.4 5.8 3.74052e-17
14.6 5.8 6.22094e-18
14.8 5.8 9.53692e-19
5.2 6 4.8914e-18
5.4 6 3.19054e-17
5.6 6 1.91831e-16
5.8 6 1.06518e-15
6 6 5.46221e-15
6.2 6 2.58669e-14
6.4 6 1.13121e-13
6.6 6 4.56827e-13
6.8 6 1.70359e-12
7 6 5.86643e-12
7.2 6 1.86539e-11
7.4 6 5.47708e-11
7.6 6 1.48492e-10
7.8 6 3.71727e-10
8 6 8.5923e-10
8.2 6 1.83381e-09
8.4 6 3.6137e-09
8.6 6 6.57507e-09
8.8 6 1.10458e-08
9 6 1.71331e-08
9.2 6 2.45368e-08
9.4 6 3.24443e-08
9.6 6 3.96093e-08
9.8 6 4.46471e-08
10 6 4.64649e-08
10.2 6 4.46471e-08
10.4 6 3.96093e-08
10.6 6 3.24443e-08
10.8 6 2.45368e-08
11 6 1.71331e-08
11.2 6 1.10458e-08
11.4 6 6.57507e-09
11.6 6 3.6137e-09
11.8 6 1.83381e-09
12 6 8.5923e-10
12.2 6 3.71727e-10
12.4 6 1.48492e-10
12.6 6 5.47708e-11
12.8 6 1.86539e-11
13 6 5.86643e-12
13.2 6 1.70359e-12
13.4 6 4.56827e-13
13.6 6 1.13121e-13
13.8 6 2.58669e-14
14 6 5.46221e-15
14.2 6 1.06518e-15
14.4 6 1.91831e-16
14.6 6 3.19054e-17
14.8 6 4.8914e-18
5.2 6.2 2.31677e-17
5.4 6.2 1.51112e-16
5.6 6.2 9.08514e-16
5.8 6.2 5.04449e-15
6 6.2 2.58669e-14
6.2 6.2 1.22491e-13
6.4 6.2 5.35656e-13
6.6 6.2 2.16312e-12
6.8 6.2 8.06644e-12
7 6.2 2.77766e-11
7.2 6.2 8.83211e-11
7.4 6.2 2.59318e-10
7.6 6.2 7.03034e-10
7.8 6.2 1.75991e-09
8 6.2 4.06788e-09
8.2 6.2 8.68171e-09
8.4 6.2 1.71079e-08
8.6 6.2 3.11273e-08
8.8 6.2 5.22917e-08
9 6.2 8.1109e-08
9.2 6.2 1.16158e-07
9.4 6.2 1.53591e-07
9.6 6.2 1.8751e-07
9.8 6.2 2.11358e-07
10 6.2 2.19963e-07
10.2 6.2 2.11358e-07
10.4 6.2 1.8751e-07
10.6 6.2 1.53591e-07
10.8 6.2 1.16158e-07
11 6.2 8.1109e-08
11.2 6.2 5.22917e-08
11.4 6.2 3.11273e-08
11.6 6.2 1.71079e-08
11.8 6.2 8.68171e-09
12 6.2 4.06788e-09
12.2 6.2 1.75991e-09
12.4 6.2 7.03034e-10
12.6 6.2 2.59318e-10
12.8 6.2 8.83211e-11
13 6.2 2.77766e-11
13.2 6.2 8.06644e-12
13.4 6.2 2.16312e-12
13.6 6.2 5.35656e-13
13.8 6.2 1.22491e-13
14 6.2 2.58669e-14
14.2 6.2 5.04449e-15
14.4 6.2 9.08514e-16
14.6 6.2 1.51112e-16
14.8 6.2 2.31677e-17
5.2 6.4 1.01333e-16
5.4 6.4 6.60922e-16
5.6 6.4 3.97341e-15
5.8 6.4 2.20613e-14
6 6.4 1.13121e-13
6.2 6.4 5.35656e-13
6.4 6.4 2.34236e-12
6.6 6.4 9.4588e-12
6.8 6.4 3.52715e-11
7 6.4 1.21453e-10
7.2 6.4 3.86176e-10
7.4 6.4 1.13382e-09
7.6 6.4 3.07383e-09
7.8 6.4 7.69459e-09
8 6.4 1.77851e-08
8.2 6.4 3.79566e-08
8.4 6.4 7.47954e-08
8.6 6.4 1.36086e-07
8.8 6.4 2.28613e-07
9 6.4 3.54596e-07
9.2 6.4 5.0782e-07
9.4 6.4 6.71469e-07
9.6 6.4 8.19751e-07
9.8 6.4 9.24008e-07
10 6.4 9.61628e-07
10.2 6.4 9.24008e-07
10.4 6.4 8.19751e-07
10.6 6.4 6.71469e-07
10.8 6.4 5.0782e-07
11 6.4 3.54596e-07
11.2 6.4 2.28613e-07
11.4 6.4 1.36086e-07
11.6 6.4 7.47954e-08
11.8 6.4 3.79566e-08
12 6.4 1.77851e-08
12.2 6.4 7.69459e-09
12.4 6.4 3.07383e-09
12.6 6.4 1.13382e-09
12.8 6.4 3.86176e-10
13 6.4 1.21453e-10
13.2 6.4 3.52715e-11
13.4 6.4 9.4588e-12
13.6 6.4 2.34236e-12
13.8 6.4 5.35656e-13
14 6.4 1.13121e-13
14.2 6.4 2.20613e-14
14.4 6.4 3.97341e-15
14.6 6.4 6.60922e-16
14.8 6.4 1.01333e-16
5.2 6.6 4.09282e-16
5.4 6.6 2.66938e-15
5.6 6.6 1.60474e-14
5.8 6.6 8.90956e-14
6 6.6 4.56827e-13
6.2 6.6 2.16312e-12
6.4 6.6 9.4588e-12
6.6 6.6 3.8195e-11
6.8 6.6 1.42424e-10
7 6.6 4.90408e-10
7.2 6.6 1.55928e-09
7.4 6.6 4.57798e-09
7.6 6.6 1.24109e-08
7.8 6.6 3.10671e-08
8 6.6 7.18067e-08
8.2 6.6 1.53247e-07
8.4 6.6 3.01976e-07
8.6 6.6 5.49424e-07
8.8 6.6 9.22978e-07
9 6.6 1.4316e-06
9.2 6.6 2.05019e-06
9.4 6.6 2.71087e-06
9.6 6.6 3.3095e-06
9.8 6.6 3.73041e-06
10 6.6 3.88228e-06
10.2 6.6 3.73041e-06
10.4 6.6 3.3095e-06
10.6 6.6 2.71087e-06
10.8 6.6 2.05019e-06
11 6.6 1.4316e-06
11.2 6.6 9.22978e-07
11.4 6.6 5.49424e-07
11.6 6.6 3.01976e-07
11.8 6.6 1.53247e-07
12 6.6 7.18067e-08
12.2 6.6 3.10671e-08
12.4 6.6 1.24109e-08
12.6 6.6 4.57798e-09
12.8 6.6 1.55928e-09
13 6.6 4.90408e-10
13.2 6.6 1.42424e-10
13.4 6.6 3.8195e-11
13.6 6.6 9.4588e-12
13.8 6.6 2.16312e-12
14 6.6 4.56827e-13
14.2 6.6 8.90956e-14
14.4 6.6 1.60474e-14
14.6 6.6 2.66938e-15
14.8 6.6 4.09282e-16
5.2 6.8 1.52649e-15
5.4 6.8 9.95563e-15
5.6 6.8 5.98477e-14
5.8 6.8 3.32264e-13
6 6.8 1.70359e-12
6.2 6.8 8.06644e-12
6.4 6.8 3.52715e-11
6.6 6.8 1.42424e-10
6.8 6.8 5.31066e-10
7 6.8 1.82858e-09
7.2 6.8 5.81396e-09
7.4 6.8 1.70692e-08
7.6 6.8 4.62737e-08
7.8 6.8 1.15832e-07
8 6.8 2.67723e-07
8.2 6.8 5.71355e-07
8.4 6.8 1.12586e-06
8.6 6.8 2.0484e-06
8.8 6.8 3.44108e-06
9 6.8 5.3373e-06
9.2 6.8 7.6435e-06
9.4 6.8 1.01066e-05
9.6 6.8 1.23384e-05
9.8 6.8 1.39075e-05
10 6.8 1.44737e-05
10.2 6.8 1.39075e-05
10.4 6.8 1.23384e-05
10.6 6.8 1.01066e-05
10.8 6.8 7.6435e-06
11 6.8 5.3373e-06
11.2 6.8 3.44108e-06
11.4 6.8 2.0484e-06
11.6 6.8 1.12586e-06
11.8 6.8 5.71355e-07
12 6.8 2.67723e-07
12.2 6.8 1.15832e-07
12.4 6.8 4.62737e-08
12.6 6.8 1.70692e-08
12.8 6.8 5.81396e-09
13 6.8 1.82858e-09
13.2 6.8 5.31066e-10
13.4 6.8 1.42424e-10
13.6 6.8 3.52715e-11
13.8 6.8 8.06644e-12
14 6.8 1.70359e-12
14.2 6.8 3.32264e-13
14.4 6.8 5.98477e-14
14.6 6.8 9.95563e-15
14.8 6.8 1.52649e-15
5.2 7 5.25722e-15
5.4 7 3.42862e-14
5.6 7 2.06103e-13
5.8 7 1.14421e-12
6 7 5.86643e-12
6.2 7 2.77766e-11
6.4 7 1.21453e-10
6.6 7 4.90408e-10
6.8 7 1.82858e-09
7 7 6.2961e-09
7.2 7 2.0018e-08
7.4 7 5.877e-08
7.6 7 1.5932e-07
7.8 7 3.98801e-07
8 7 9.21742e-07
8.2 7 1.96709e-06
8.4 7 3.87613e-06
8.6 7 7.05221e-06
8.8 7 1.18468e-05
9 7 1.8375e-05
9.2 7 2.63145e-05
9.4 7 3.47941e-05
9.6 7 4.24774e-05
9.8 7 4.78795e-05
10 7 4.98288e-05
10.2 7 4.78795e-05
10.4 7 4.24774e-05
10.6 7 3.47941e-05
10.8 7 2.63145e-05
11 7 1.8375e-05
11.2 7 1.18468e-05
11.4 7 7.05221e-06
11.6 7 3.87613e-06
11.8 7 1.96709e-06
12 7 9.21742e-07
12.2 7 3.98801e-07
12.4 7 1.5932e-07
12.6 7 5.877e-08
12.8 7 2.0018e-08
13 7 6.2961e-09
13.2 7 1.82858e-09
13.4 7 4.90408e-10
13.6 7 1.21453e-10
13.8 7 2.77766e-11
14 7 5.86643e-12
14.2 7 1.14421e-12
14.4 7 2.06103e-13
14.6 7 3.42862e-14
14.8 7 5.25722e-15
5.2 7.2 1.67187e-14
5.4 7.2 1.09032e-13
5.6 7.2 6.55398e-13
5.8 7.2 3.63843e-12
6 7.2 1.86539e-11
6.2 7.2 8.83211e-11
6.4 7.2 3.86176e-10
6.6 7.2 1.55928e-09
6.8 7.2 5.81396e-09
7 7.2 2.0018e-08
7.2 7.2 6.36448e-08
7.4 7.2 1.86849e-07
7.6 7.2 5.06522e-07
7.8 7.2 1.26788e-06
8 7.2 2.93041e-06
8.2 7.2 6.25373e-06
8.4 7.2 1.23228e-05
8.6 7.2 2.24198e-05
8.8 7.2 3.76623e-05
9 7.2 5.84155e-05
9.2 7.2 8.36556e-05
9.4 7.2 0.000110613
9.6 7.2 0.000135038
9.8 7.2 0.000152211
10 7.2 0.000158408
10.2 7.2 0.000152211
10.4 7.2 0.000135038
10.6 7.2 0.000110613
10.8 7.2 8.36556e-05
11 7.2 5.84155e-05
11.2 7.2 3.76623e-05
11.4 7.2 2.24198e-05
11.6 7.2 1.23228e-05
11.8 7.2 6.25373e-06
12 7.2 2.93041e-06
12.2 7.2 1.26788e-06
12.4 7.2 5.06522e-07
12.6 7.2 1.86849e-07
12.8 7.2 6.36448e-08
13 7.2 2.0018e-08
13.2 7.2 5.81396e-09
13.4 7.2 1.55928e-09
13.6 7.2 3.86176e-10
13.8 7.2 8.83211e-11
14 7.2 1.86539e-11
14.2 7.2 3.63843e-12
14.4 7.2 6.55398e-13
14.6 7.2 1.09032e-13
14.8 7.2 1.67187e-14
5.2 7.4 4.90936e-14
5.4 7.4 3.20161e-13
5.6 7.4 1.92445e-12
5.8 7.4 1.06832e-11
6 7.4 5.47708e-11
6.2 7.4 2.59318e-10
6.4 7.4 1.13382e-09
6.6 7.4 4.57798e-09
6.8 7.4 1.70692e-08
7 7.4 5.877e-08
7.2 7.4 1.86849e-07
7.4 7.4 5.48546e-07
7.6 7.4 1.48701e-06
7.8 7.4 3.72213e-06
8 7.4 8.60271e-06
8.2 7.4 1.83587e-05
8.4 7.4 3.6175e-05
8.6 7.4 6.58156e-05
8.8 7.4 0.000110561
9 7.4 0.000171482
9.2 7.4 0.000245575
9.4 7.4 0.000324708
9.6 7.4 0.000396408
9.8 7.4 0.00044682
10 7.4 0.000465011
10.2 7.4 0.00044682
10.4 7.4 0.000396408
10.6 7.4 0.000324708
10.8 7.4 0.000245575
11 7.4 0.000171482
11.2 7.4 0.000110561
11.4 7.4 6.58156e-05
11.6 7.4 3.6175e-05
11.8 7.4 1.83587e-05
12 7.4 8.60271e-06
12.2 7.4 3.72213e-06
12.4 7.4 1.48701e-06
12.6 7.4 5.48546e-07
12.8 7.4 1.86849e-07
13 7.4 5.877e-08
13.2 7.4 1.70692e-08
13.4 7.4 4.57798e-09
13.6 7.4 1.13382e-09
13.8 7.4 2.59318e-10
14 7.4 5.47708e-11
14.2 7.4 1.06832e-11
14.4 7.4 1.92445e-12
14.6 7.4 3.20161e-13
14.8 7.4 4.90936e-14
5.2 7.6 1.33112e-13
5.4 7.6 8.68067e-13
5.6 7.6 5.21771e-12
5.8 7.6 2.89645e-11
6 7.6 1.48492e-10
6.2 7.6 7.03034e-10
6.4 7.6 3.07383e-09
6.6 7.6 1.24109e-08
6.8 7.6 4.62737e-08
7 7.6 1.5932e-07
7.2 7.6 5.06522e-07
7.4 7.6 1.48701e-06
7.6 7.6 4.03099e-06
7.8 7.6 1.00898e-05
8 7.6 2.33197e-05
8.2 7.6 4.97654e-05
8.4 7.6 9.80595e-05
8.6 7.6 0.000178405
8.8 7.6 0.000299693
9 7.6 0.00046483
9.2 7.6 0.000665667
9.4 7.6 0.000880165
9.6 7.6 0.00107452
9.8 7.6 0.00121116
10 7.6 0.00126047
10.2 7.6 0.00121116
10.4 7.6 0.00107452
10.6 7.6 0.000880165
10.8 7.6 0.000665667
11 7.6 0.00046483
11.2 7.6 0.000299693
11.4 7.6 0.000178405
11.6 7.6 9.80595e-05
11.8 7.6 4.97654e-05
12 7.6 2.33197e-05
12.2 7.6 1.00898e-05
12.4 7.6 4.03099e-06
12.6 7.6 1.48701e-06
12.8 7.6 5.06522e-07
13 7.6 1.5932e-07
13.2 7.6 4.62737e-08
13.4 7.6 1.24109e-08
13.6 7.6 3.07383e-09
13.8 7.6 7.03034e-10
14 7.6 1.48492e-10
14.2 7.6 2.89645e-11
14.4 7.6 5.21771e-12
14.6 7.6 8.68067e-13
14.8 7.6 1.33112e-13
5.2 7.8 3.33255e-13
5.4 7.8 2.17322e-12
5.6 7.8 1.30623e-11
5.8 7.8 7.25099e-11
6 7.8 3.71727e-10
6.2 7.8 1.75991e-09
6.4 7.8 7.69459e-09
6.6 7.8 3.10671e-08
6.8 7.8 1.15832e-07
7 7.8 3.98801e-07
7.2 7.8 1.26788e-06
7.4 7.8 3.72213e-06
7.6 7.8 1.00898e-05
7.8 7.8 2.52552e-05
8 7.8 5.83696e-05
8.2 7.8 0.000124562
8.4 7.8 0.000245441
8.6 7.8 0.000446542
8.8 7.8 0.000750117
9 7.8 0.00116344
9.2 7.8 0.00166612
9.4 7.8 0.00220299
9.6 7.8 0.00268943
9.8 7.8 0.00303145
10 7.8 0.00315486
10.2 7.8 0.00303145
10.4 7.8 0.00268943
10.6 7.8 0.00220299
10.8 7.8 0.00166612
11 7.8 0.00116344
11.2 7.8 0.000750117
11.4 7.8 0.000446542
11.6 7.8 0.000245441
11.8 7.8 0.000124562
12 7.8 5.83696e-05
12.2 7.8 2.52552e-05
12.4 7.8 1.00898e-05
12.6 7.8 3.72213e-06
12.8 7.8 1.26788e-06
13 7.8 3.98801e-07
13.2 7.8 1.15832e-07
13.4 7.8 3.10671e-08
13.6 7.8 7.69459e-09
13.8 7.8 1.75991e-09
14 7.8 3.71727e-10
14.2 7.8 7.25099e-11
14.4 7.8 1.30623e-11
14.6 7.8 2.17322e-12
14.8 7.8 3.33255e-13
5.2 8 7.70363e-13
5.4 8 5.0236e-12
5.6 8 3.01941e-11
5.8 8 1.67606e-10
6 8 8.5923e-10
6.2 8 4.06788e-09
6.4 8 1.77851e-08
6.6 8 7.18067e-08
6.8 8 2.67723e-07
7 8 9.21742e-07
7.2 8 2.93041e-06
7.4 8 8.60271e-06
7.6 8 2.33197e-05
7.8 8 5.83696e-05
8 8 0.000134902
8.2 8 0.000287884
8.4 8 0.00056725
8.6 8 0.00103202
8.8 8 0.00173361
9 8 0.00268885
9.2 8 0.00385059
9.4 8 0.00509133
9.6 8 0.00621554
9.8 8 0.00700597
10 8 0.00729118
10.2 8 0.00700597
10.4 8 0.00621554
10.6 8 0.00509133
10.8 8 0.00385059
11 8 0.00268885
11.2 8 0.00173361
11.4 8 0.00103202
11.6 8 0.00056725
11.8 8 0.000287884
12 8 0.000134902
12.2 8 5.83696e-05
12.4 8 2.33197e-05
12.6 8 8.60271e-06
12.8 8 2.93041e-06
13 8 9.21742e-07
13.2 8 2.67723e-07
13.4 8 7.18067e-08
13.6 8 1.77851e-08
13.8 8 4.06788e-09
14 8 8.5923e-10
14.2 8 1.67606e-10
14.4 8 3.01941e-11
14.6 8 5.0236e-12
14.8 8 7.70363e-13
5.2 8.2 1.64425e-12
5.4 8.2 1.07222e-11
5.6 8.2 6.44438e-11
5.8 8.2 3.57719e-10
6 8.2 1.83381e-09
6.2 8.2 8.68171e-09
6.4 8.2 3.79566e-08
6.6 8.2 1.53247e-07
6.8 8.2 5.71355e-07
7 8.2 1.96709e-06
7.2 8.2 6.25373e-06
7.4 8.2 1.83587e-05
7.6 8.2 4.97654e-05
7.8 8.2 0.000124562
8 8.2 0.000287884
8.2 8.2 0.000614345
8.4 8.2 0.00121051
8.6 8.2 0.00220231
8.8 8.2 0.00369948
9 8.2 0.00573791
9.2 8.2 0.00821699
9.4 8.2 0.0108647
9.6 8.2 0.0132637
9.8 8.2 0.0149504
10 8.2 0.015559
10.2 8.2 0.0149504
10.4 8.2 0.0132637
10.6 8.2 0.0108647
10.8 8.2 0.00821699
11 8.2 0.00573791
11.2 8.2 0.00369948
11.4 8.2 0.00220231
11.6 8.2 0.00121051
11.8 8.2 0.000614345
12 8.2 0.000287884
12.2 8.2 0.000124562
12.4 8.2 4.97654e-05
12.6 8.2 1.83587e-05
12.8 8.2 6.25373e-06
13 8.2 1.96709e-06
13.2 8.2 5.71355e-07
13.4 8.2 1.53247e-07
13.6 8.2 3.79566e-08
13.8 8.2 8.68171e-09
14 8.2 1.83381e-09
14.2 8.2 3.57719e-10
14.4 8.2 6.44438e-11
14.6 8.2 1.07222e-11
14.8 8.2 1.64425e-12
5.2 8.4 3.24036e-12
5.4 8.4 2.11301e-11
5.6 8.4 1.26997e-10
5.8 8.4 7.04931e-10
6 8.4 3.6137e-09
6.2 8.4 1.71079e-08
6.4 8.4 7.47954e-08
6.6 8.4 3.01976e-07
6.8 8.4 1.12586e-06
7 8.4 3.87613e-06
7.2 8.4 1.23228e-05
7.4 8.4 3.6175e-05
7.6 8.4 9.80595e-05
7.8 8.4 0.000245441
8 8.4 0.00056725
8.2 8.4 0.00121051
8.4 8.4 0.00238517
8.6 8.4 0.00433939
8.8 8.4 0.00728938
9 8.4 0.0113058
9.2 8.4 0.0161905
9.4 8.4 0.0214074
9.6 8.4 0.0261342
9.8 8.4 0.0294576
10 8.4 0.0306568
10.2 8.4 0.0294576
10.4 8.4 0.0261342
10.6 8.4 0.0214074
10.8 8.4 0.0161905
11 8.4 0.0113058
11.2 8.4 0.00728938
11.4 8.4 0.00433939
11.6 8.4 0.00238517
11.8 8.4 0.00121051
12 8.4 0.00056725
12.2 8.4 0.000245441
12.4 8.4 9.80595e-05
12.6 8.4 3.6175e-05
12.8 8.4 1.23228e-05
13 8.4 3.87613e-06
13.2 8.4 1.12586e-06
13.4 8.4 3.01976e-07
13.6 8.4 7.47954e-08
13.8 8.4 1.71079e-08
14 8.4 3.6137e-09
14.2 8.4 7.04931e-10
14.4 8.4 1.26997e-10
14.6 8.4 2.11301e-11
14.8 8.4 3.24036e-12
5.2 8.6 5.89609e-12
5.4 8.6 3.84474e-11
5.6 8.6 2.31075e-10
5.8 8.6 1.28263e-09
6 8.6 6.57507e-09
6.2 8.6 3.11273e-08
6.4 8.6 1.36086e-07
6.6 8.6 5.49424e-07
6.8 8.6 2.0484e-06
7 8.6 7.05221e-06
7.2 8.6 2.24198e-05
7.4 8.6 6.58156e-05
7.6 8.6 0.000178405
7.8 8.6 0.000446542
8 8.6 0.00103202
8.2 8.6 0.00220231
8.4 8.6 0.00433939
8.6 8.6 0.00789471
8.8 8.6 0.0132616
9 8.6 0.0205687
9.2 8.6 0.0294554
9.4 8.6 0.0389463
9.6 8.6 0.0475458
9.8 8.6 0.053592
10 8.6 0.0557737
10.2 8.6 0.053592
10.4 8.6 0.0475458
10.6 8.6 0.0389463
10.8 8.6 0.0294554
11 8.6 0.0205687
11.2 8.6 0.0132616
11.4 8.6 0.00789471
11.6 8.6 0.00433939
11.8 8.6 0.00220231
12 8.6 0.00103202
12.2 8.6 0.000446542
12.4 8.6 0.000178405
12.6 8.6 6.58156e-05
12.8 8.6 2.24198e-05
13 8.6 7.05221e-06
13.2 8.6 2.0484e-06
13.4 8.6 5.49424e-07
13.6 8.6 1.36086e-07
13.8 8.6 3.11273e-08
14 8.6 6.57507e-09
14.2 8.6 1.28263e-09
14.4 8.6 2.31075e-10
14.6 8.6 3.84474e-11
14.8 8.6 5.89609e-12
5.2 8.8 9.90557e-12
5.4 8.8 6.45919e-11
5.6 8.8 3.88202e-10
5.8 8.8 2.15477e-09
6 8.8 1.10458e-08
6.2 8.8 5.22917e-08
6.4 8.8 2.28613e-07
6.6 8.8 9.22978e-07
6.8 8.8 3.44108e-06
7 8.8 1.18468e-05
7.2 8.8 3.76623e-05
7.4 8.8 0.000110561
7.6 8.8 0.000299693
7.8 8.8 0.000750117
8 8.8 0.00173361
8.2 8.8 0.00369948
8.4 8.8 0.00728938
8.6 8.8 0.0132616
8.8 8.8 0.022277
9 8.8 0.0345514
9.2 8.8 0.0494791
9.4 8.8 0.065422
9.6 8.8 0.0798673
9.8 8.8 0.0900237
10 8.8 0.0936884
10.2 8.8 0.0900237
10.4 8.8 0.0798673
10.6 8.8 0.065422
10.8 8.8 0.0494791
11 8.8 0.0345514
11.2 8.8 0.022277
11.4 8.8 0.0132616
11.6 8.8 0.00728938
11.8 8.8 0.00369948
12 8.8 0.00173361
12.2 8.8 0.000750117
12.4 8.8 0.000299693
12.6 8.8 0.000110561
12.8 8.8 3.76623e-05
13 8.8 1.18468e-05
13.2 8.8 3.44108e-06
13.4 8.8 9.22978e-07
13.6 8.8 2.28613e-07
13.8 8.8 5.22917e-08
14 8.8 1.10458e-08
14.2 8.8 2.15477e-09
14.4 8.8 3.88202e-10
14.6 8.8 6.45919e-11
14.8 8.8 9.90557e-12
5.2 9 1.53651e-11
5.4 9 1.00191e-10
5.6 9 6.02152e-10
5.8 9 3.34229e-09
6 9 1.71331e-08
6.2 9 8.1109e-08
6.4 9 3.54596e-07
6.6 9 1.4316e-06
6.8 9 5.3373e-06
7 9 1.8375e-05
7.2 9 5.84155e-05
7.4 9 0.000171482
7.6 9 0.00046483
7.8 9 0.00116344
8 9 0.00268885
8.2 9 0.00573791
8.4 9 0.0113058
8.6 9 0.0205687
8.8 9 0.0345514
9 9 0.0535888
9.2 9 0.0767414
9.4 9 0.101468
9.6 9 0.123873
9.8 9 0.139625
10 9 0.145309
10.2 9 0.139625
10.4 9 0.123873
10.6 9 0.101468
10.8 9 0.0767414
11 9 0.0535888
11.2 9 0.0345514
11.4 9 0.0205687
11.6 9 0.0113058
11.8 9 0.00573791
12 9 0.00268885
12.2 9 0.00116344
12.4 9 0.00046483
12.6 9 0.000171482
12.8 9 5.84155e-05
13 9 1.8375e-05
13.2 9 5.3373e-06
13.4 9 1.4316e-06
13.6 9 3.54596e-07
13.8 9 8.1109e-08
14 9 1.71331e-08
14.2 9 3.34229e-09
14.4 9 6.02152e-10
14.6 9 1.00191e-10
14.8 9 1.53651e-11
5.2 9.2 2.20054e-11
5.4 9.2 1.4349e-10
5.6 9.2 8.6237e-10
5.8 9.2 4.78662e-09
6 9.2 2.45368e-08
6.2 9.2 1.16158e-07
6.4 9.2 5.0782e-07
6.6 9.2 2.05019e-06
6.8 9.2 7.6435e-06
7 9.2 2.63145e-05
7.2 9.2 8.36556e-05
7.4 9.2 0.000245575
7.6 9.2 0.000665667
7.8 9.2 0.00166612
8 9.2 0.00385059
8.2 9.2 0.00821699
8.4 9.2 0.0161905
8.6 9.2 0.0294554
8.8 9.2 0.0494791
9 9.2 0.0767414
9.2 9.2 0.109897
9.4 9.2 0.145307
9.6 9.2 0.177391
9.8 9.2 0.199948
10 9.2 0.208088
10.2 9.2 0.199948
10.4 9.2 0.177391
10.6 9.2 0.145307
10.8 9.2 0.109897
11 9.2 0.0767414
11.2 9.2 0.0494791
11.4 9.2 0.0294554
11.6 9.2 0.0161905
11.8 9.2 0.00821699
12 9.2 0.00385059
12.2 9.2 0.00166612
12.4 9.2 0.000665667
12.6 9.2 0.000245575
12.8 9.2 8.36556e-05
13 9.2 2.63145e-05
13.2 9.2 7.6435e-06
13.4 9.2 2.05019e-06
13.6 9.2 5.0782e-07
13.8 9.2 1.16158e-07
14 9.2 2.45368e-08
14.2 9.2 4.78662e-09
14.4 9.2 8.6237e-10
14.6 9.2 1.4349e-10
14.8 9.2 2.20054e-11
5.2 9.4 2.90978e-11
5.4 9.4 1.89737e-10
5.6 9.4 1.1403e-09
5.8 9.4 6.32926e-09
6 9.4 3.24443e-08
6.2 9.4 1.53591e-07
6.4 9.4 6.71469e-07
6.6 9.4 2.71087e-06
6.8 9.4 1.01066e-05
7 9.4 3.47941e-05
7.2 9.4 0.000110613
7.4 9.4 0.000324708
7.6 9.4 0.000880165
7.8 9.4 0.00220299
8 9.4 0.00509133
8.2 9.4 0.0108647
8.4 9.4 0.0214074
8.6 9.4 0.0389463
8.8 9.4 0.065422
9 9.4 0.101468
9.2 9.4 0.145307
9.4 9.4 0.192126
9.6 9.4 0.234548
9.8 9.4 0.264374
10 9.4 0.275136
10.2 9.4 0.264374
10.4 9.4 0.234548
10.6 9.4 0.192126
10.8 9.4 0.145307
11 9.4 0.101468
11.2 9.4 0.065422
11.4 9.4 0.0389463
11.6 9.4 0.0214074
11.8 9.4 0.0108647
12 9.4 0.00509133
12.2 9.4 0.00220299
12.4 9.4 0.000880165
12.6 9.4 0.000324708
12.8 9.4 0.000110613
13 9.4 3.47941e-05
13.2 9.4 1.01066e-05
13.4 9.4 2.71087e-06
13.6 9.4 6.71469e-07
13.8 9.4 1.53591e-07
14 9.4 3.24443e-08
14.2 9.4 6.32926e-09
14.4 9.4 1.1403e-09
14.6 9.4 1.89737e-10
14.8 9.4 2.90978e-11
5.2 9.6 3.55244e-11
5.4 9.6 2.31641e-10
5.6 9.6 1.39214e-09
5.8 9.6 7.72704e-09
6 9.6 3.96093e-08
6.2 9.6 1.8751e-07
6.4 9.6 8.19751e-07
6.6 9.6 3.3095e-06
6.8 9.6 1.23384e-05
7 9.6 4.24774e-05
7.2 9.6 0.000135038
7.4 9.6 0.000396408
7.6 9.6 0.00107452
7.8 9.6 0.00268943
8 9.6 0.00621554
8.2 9.6 0.0132637
8.4 9.6 0.0261342
8.6 9.6 0.0475458
8.8 9.6 0.0798673
9 9.6 0.123873
9.2 9.6 0.177391
9.4 9.6 0.234548
9.6 9.6 0.286335
9.8 9.6 0.322747
10 9.6 0.335886
10.2 9.6 0.322747
10.4 9.6 0.286335
10.6 9.6 0.234548
10.8 9.6 0.177391
11 9.6 0.123873
11.2 9.6 0.0798673
11.4 9.6 0.0475458
11.6 9.6 0.0261342
11.8 9.6 0.0132637
12 9.6 0.00621554
12.2 9.6 0.00268943
12.4 9.6 0.00107452
12.6 9.6 0.000396408
12.8 9.6 0.000135038
13 9.6 4.24774e-05
13.2 9.6 1.23384e-05
13.4 9.6 3.3095e-06
13.6 9.6 8.19751e-07
13.8 9.6 1.8751e-07
14 9.6 3.96093e-08
14.2 9.6 7.72704e-09
14.4 9.6 1.39214e-09
14.6 9.6 2.31641e-10
14.8 9.6 3.55244e-11
5.2 9.8 4.0043e-11
5.4 9.8 2.61105e-10
5.6 9.8 1.56921e-09
5.8 9.8 8.70984e-09
6 9.8 4.46471e-08
6.2 9.8 2.11358e-07
6.4 9.8 9.24008e-07
6.6 9.8 3.73041e-06
6.8 9.8 1.39075e-05
7 9.8 4.78795e-05
7.2 9.8 0.000152211
7.4 9.8 0.00044682
7.6 9.8 0.00121116
7.8 9.8 0.00303145
8 9.8 0.00700597
8.2 9.8 0.0149504
8.4 9.8 0.0294576
8.6 9.8 0.053592
8.8 9.8 0.0900237
9 9.8 0.139625
9.2 9.8 0.199948
9.4 9.8 0.264374
9.6 9.8 0.322747
9.8 9.8 0.363789
10 9.8 0.378598
10.2 9.8 0.363789
10.4 9.8 0.322747
10.6 9.8 0.264374
10.8 9.8 0.199948
11 9.8 0.139625
11.2 9.8 0.0900237
11.4 9.8 0.053592
11.6 9.8 0.0294576
11.8 9.8 0.0149504
12 9.8 0.00700597
12.2 9.8 0.00303145
12.4 9.8 0.00121116
12.6 9.8 0.00044682
12.8 9.8 0.000152211
13 9.8 4.78795e-05
13.2 9.8 1.39075e-05
13.4 9.8 3.73041e-06
13.6 9.8 9.24008e-07
13.8 9.8 2.11358e-07
14 9.8 4.46471e-08
14.2 9.8 8.70984e-09
14.4 9.8 1.56921e-09
14.6 9.8 2.61105e-10
14.8 9.8 4.0043e-11
5.2 10 4.16735e-11
5.4 10 2.71737e-10
5.6 10 1.6331e-09
5.8 10 9.06447e-09
6 10 4.64649e-08
6.2 10 2.19963e-07
6.4 10 9.61628e-07
6.6 10 3.88228e-06
6.8 10 1.44737e-05
7 10 4.98288e-05
7.2 10 0.000158408
7.4 10 0.000465011
7.6 10 0.00126047
7.8 10 0.00315486
8 10 0.00729118
8.2 10 0.015559
8.4 10 0.0306568
8.6 10 0.0557737
8.8 10 0.0936884
9 10 0.145309
9.2 10 0.208088
9.4 10 0.275136
9.6 10 0.335886
9.8 10 0.378598
10 10 0.39401
10.2 10 0.378598
10.4 10 0.335886
10.6 10 0.275136
10.8 10 0.208088
11 10 0.145309
11.2 10 0.0936884
11.4 10 0.0557737
11.6 10 0.0306568
11.8 10 0.015559
12 10 0.00729118
12.2 10 0.00315486
12.4 10 0.00126047
12.6 10 0.000465011
12.8 10 0.000158408
13 10 4.98288e-05
13.2 10 1.44737e-05
13.4 10 3.88228e-06
13.6 10 9.61628e-07
13.8 10 2.19963e-07
14 10 4.64649e-08
14.2 10 9.06447e-09
14.4 10 1.6331e-09
14.6 10 2.71737e-10
14.8 10 4.16735e-11
5.2 10.2 4.0043e-11
5.4 10.2 2.61105e-10
5.6 10.2 1.56921e-09
5.8 10.2 8.70984e-09
6 10.2 4.46471e-08
6.2 10.2 2.11358e-07
6.4 10.2 9.24008e-07
6.6 10.2 3.73041e-06
6.8 10.2 1.39075e-05
7 10.2 4.78795e-05
7.2 10.2 0.000152211
7.4 10.2 0.00044682
7.6 10.2 0.00121116
7.8 10.2 0.00303145
8 10.2 0.00700597
8.2 10.2 0.0149504
8.4 10.2 0.0294576
8.6 10.2 0.053592
8.8 10.2 0.0900237
9 10.2 0.139625
9.2 10.2 0.199948
9.4 10.2 0.264374
9.6 10.2 0.322747
9.8 10.2 0.363789
10 10.2 0.378598
10.2 10.2 0.363789
10.4 10.2 0.322747
10.6 10.2 0.264374
10.8 10.2 0.199948
11 10.2 0.139625
11.2 10.2 0.0900237
11.4 10.2 0.053592
11.6 10.2 0.0294576
11.8 10.2 0.0149504
12 10.2 0.00700597
12.2 10.2 0.00303145
12.4 10.2 0.00121116
12.6 10.2 0.00044682
12.8 10.2 0.000152211
13 10.2 4.78795e-05
13.2 10.2 1.39075e-05
13.4 10.2 3.73041e-06
13.6 10.2 9.24008e-07
13.8 10.2 2.11358e-07
14 10.2 4.46471e-08
14.2 10.2 8.70984e-09
14.4 10.2 1.56921e-09
14.6 10.2 2.61105e-10
14.8 10.2 4.0043e-11
5.2 10.4 3.55244e-11
5.4 10.4 2.31641e-10
5.6 10.4 1.39214e-09
5.8 10.4 7.72704e-09
6 10.4 3.96093e-08
6.2 10.4 1.8751e-07
6.4 10.4 8.19751e-07
6.6 10.4 3.3095e-06
6.8 10.4 1.23384e-05
7 10.4 4.24774e-05
7.2 10.4 0.000135038
7.4 10.4 0.000396408
7.6 10.4 0.00107452
7.8 10.4 0.00268943
8 10.4 0.00621554
8.2 10.4 0.0132637
8.4 10.4 0.0261342
8.6 10.4 0.0475458
8.8 10.4 0.0798673
9 10.4 0.123873
9.2 10.4 0.177391
9.4 10.4 0.234548
9.6 10.4 0.286335
9.8 10.4 0.322747
10 10.4 0.335886
10.2 10.4 0.322747
10.4 10.4 0.286335
10.6 10.4 0.234548
10.8 10.4 0.177391
11 10.4 0.123873
11.2 10.4 0.0798673
11.4 10.4 0.0475458
11.6 10.4 0.0261342
11.8 10.4 0.0132637
12 10.4 0.00621554
12.2 10.4 0.00268943
12.4 10.4 0.00107452
12.6 10.4 0.000396408
12.8 10.4 0.000135038
13 10.4 4.24774e-05
13.2 10.4 1.23384e-05
13.4 10.4 3.3095e-06
13.6 10.4 8.19751e-07
13.8 10.4 1.8751e-07
14 10.4 3.96093e-08
14.2 10.4 7.72704e-09
14.4 10.4 1.39214e-09
14.6 10.4 2.31641e-10
14.8 10.4 3.55244e-11
5.2 10.6 2.90978e-11
5.4 10.6 1.89737e-10
5.6 10.6 1.1403e-09
5.8 10.6 6.32926e-09
6 10.6 3.24443e-08
6.2 10.6 1.53591e-07
6.4 10.6 6.71469e-07
6.6 10.6 2.71087e-06
6.8 10.6 1.01066e-05
7 10.6 3.47941e-05
7.2 10.6 0.000110613
7.4 10.6 0.000324708
7.6 10.6 0.000880165
7.8 10.6 0.00220299
8 10.6 0.00509133
8.2 10.6 0.0108647
8.4 10.6 0.0214074
8.6 10.6 0.0389463
8.8 10.6 0.065422
9 10.6 0.101468
9.2 10.6 0.145307
9.4 10.6 0.192126
9.6 10.6 0.234548
9.8 10.6 0.264374
10 10.6 0.275136
10.2 10.6 0.264374
10.4 10.6 0.234548
10.6 10.6 0.192126
10.8 10.6 0.145307
11 10.6 0.101468
11.2 10.6 0.065422
11.4 10.6 0.0389463
11.6 10.6 0.0214074
11.8 10.6 0.0108647
12 10.6 0.00509133
12.2 10.6 0.00220299
12.4 10.6 0.000880165
12.6 10.6 0.000324708
12.8 10.6 0.000110613
13 10.6 3.47941e-05
13.2 10.6 1.01066e-05
13.4 10.6 2.71087e-06
13.6 10.6 6.71469e-07
13.8 10.6 1.53591e-07
14 10.6 3.24443e-08
14.2 10.6 6.32926e-09
14.4 10.6 1.1403e-09
14.6 10.6 1.89737e-10
14.8 10.6 2.90978e-11
5.2 10.8 2.20054e-11
5.4 10.8 1.4349e-10
5.6 10.8 8.6237e-10
5.8 10.8 4.78662e-09
6 10.8 2.45368e-08
6.2 10.8 1.16158e-07
6.4 10.8 5.0782e-07
6.6 10.8 2.05019e-06
6.8 10.8 7.6435e-06
7 10.8 2.63145e-05
7.2 10.8 8.36556e-05
7.4 10.8 0.000245575
7.6 10.8 0.000665667
7.8 10.8 0.00166612
8 10.8 0.00385059
8.2 10.8 0.00821699
8.4 10.8 0.0161905
8.6 10.8 0.0294554
8.8 10.8 0.0494791
9 10.8 0.0767414
9.2 10.8 0.109897
9.4 10.8 0.145307
9.6 10.8 0.177391
9.8 10.8 0.199948
10 10.8 0.208088
10.2 10.8 0.199948
10.4 10.8 0.177391
10.6 10.8 0.145307
10.8 10.8 0.109897
11 10.8 0.0767414
11.2 10.8 0.0494791
11.4 10.8 0.0294554
11.6 10.8 0.0161905
11.8 10.8 0.00821699
12 10.8 0.00385059
12.2 10.8 0.00166612
12.4 10.8 0.000665667
12.6 10.8 0.000245575
12.8 10.8 8.36556e-05
13 10.8 2.63145e-05
13.2 10.8 7.6435e-06
13.4 10.8 2.05019e-06
13.6 10.8 5.0782e-07
13.8 10.8 1.16158e-07
14 10.8 2.45368e-08
14.2 10.8 4.78662e-09
14.4 10.8 8.6237e-10
14.6 10.8 1.4349e-10
14.8 10.8 2.20054e-11
5.2 11 1.53651e-11
5.4 11 1.00191e-10
5.6 11 6.02152e-10
5.8 11 3.34229e-09
6 11 1.71331e-08
6.2 11 8.1109e-08
6.4 11 3.54596e-07
6.6 11 1.4316e-06
6.8 11 5.3373e-06
7 11 1.8375e-05
7.2 11 5.84155e-05
7.4 11 0.000171482
7.6 11 0.00046483
7.8 11 0.00116344
8 11 0.00268885
8.2 11 0.00573791
8.4 11 0.0113058
8.6 11 0.0205687
8.8 11 0.0345514
9 11 0.0535888
9.2 11 0.0767414
9.4 11 0.101468
9.6 11 0.123873
9.8 11 0.139625
10 11 0.145309
10.2 11 0.139625
10.4 11 0.123873
10.6 11 0.101468
10.8 11 0.0767414
11 11 0.0535888
11.2 11 0.0345514
11.4 11 0.0205687
11.6 11 0.0113058
11.8 11 0.00573791
12 11 0.00268885
12.2 11 0.00116344
12.4 11 0.00046483
12.6 11 0.000171482
12.8 11 5.84155e-05
13 11 1.8375e-05
13.2 11 5.3373e-06
13.4 11 1.4316e-06
13.6 11 3.54596e-07
13.8 11 8.1109e-08
14 11 1.71331e-08
14.2 11 3.34229e-09
14.4 11 6.02152e-10
14.6 11 1.00191e-10
14.8 11 1.53651e-11
5.2 11.2 9.90557e-12
5.4 11.2 6.45919e-11
5.6 11.2 3.88202e-10
5.8 11.2 2.15477e-09
6 11.2 1.10458e-08
6.2 11.2 5.22917e-08
6.4 11.2 2.28613e-07
6.6 11.2 9.22978e-07
6.8 11.2 3.44108e-06
7 11.2 1.18468e-05
7.2 11.2 3.76623e-05
7.4 11.2 0.000110561
7.6 11.2 0.000299693
7.8 11.2 0.000750117
8 11.2 0.00173361
8.2 11.2 0.00369948
8.4 11.2 0.00728938
8.6 11.2 0.0132616
8.8 11.2 0.022277
9 11.2 0.0345514
9.2 11.2 0.0494791
9.4 11.2 0.065422
9.6 11.2 0.0798673
9.8 11.2 0.0900237
10 11.2 0.0936884
10.2 11.2 0.0900237
10.4 11.2 0.0798673
10.6 11.2 0.065422
10.8 11.2 0.0494791
11 11.2 0.0345514
11.2 11.2 0.022277
11.4 11.2 0.0132616
11.6 11.2 0.00728938
11.8 11.2 0.00369948
12 11.2 0.00173361
12.2 11.2 0.000750117
12.4 11.2 0.000299693
12.6 11.2 0.000110561
12.8 11.2 3.76623e-05
13 11.2 1.18468e-05
13.2 11.2 3.44108e-06
13.4 11.2 9.22978e-07
13.6 11.2 2.28613e-07
13.8 11.2 5.22917e-08
14 11.2 1.10458e-08
14.2 11.2 2.15477e-09
14.4 11.2 3.88202e-10
14.6 11.2 6.45919e-11
14.8 11.2 9.90557e-12
5.2 11.4 5.89609e-12
5.4 11.4 3.84474e-11
5.6 11.4 2.31075e-10
5.8 11.4 1.28263e-09
6 11.4 6.57507e-09
6.2 11.4 3.11273e-08
6.4 11.4 1.36086e-07
6.6 11.4 5.49424e-07
6.8 11.4 2.0484e-06
7 11.4 7.05221e-06
7.2 11.4 2.24198e-05
7.4 11.4 6.58156e-05
7.6 11.4 0.000178405
7.8 11.4 0.000446542
8 11.4 0.00103202
8.2 11.4 0.00220231
8.4 11.4 0.00433939
8.6 11.4 0.00789471
8.8 11.4 0.0132616
9 11.4 0.0205687
9.2 11.4 0.0294554
9.4 11.4 0.0389463
9.6 11.4 0.0475458
9.8 11.4 0.053592
10 11.4 0.0557737
10.2 11.4 0.053592
10.4 11.4 0.0475458
10.6 11.4 0.0389463
10.8 11.4 0.0294554
11 11.4 0.0205687
11.2 11.4 0.0132616
11.4 11.4 0.00789471
11.6 11.4 0.00433939
11.8 11.4 0.00220231
12 11.4 0.00103202
12.2 11.4 0.000446542
12.4 11.4 0.000178405
12.6 11.4 6.58156e-05
12.8 11.4 2.24198e-05
13 11.4 7.05221e-06
13.2 11.4 2.0484e-06
13.4 11.4 5.49424e-07
13.6 11.4 1.36086e-07
13.8 11.4 3.11273e-08
14 11.4 6.57507e-09
14.2 11.4 1.28263e-09
14.4 11.4 2.31075e-10
14.6 11.4 3.84474e-11
14.8 11.4 5.89609e-12
5.2 11.6 3.24036e-12
5.4 11.6 2.11301e-11
5.6 11.6 1.26997e-10
5.8 11.6 7.04931e-10
6 11.6 3.6137e-09
6.2 11.6 1.71079e-08
6.4 11.6 7.47954e-08
6.6 11.6 3.01976e-07
6.8 11.6 1.12586e-06
7 11.6 3.87613e-06
7.2 11.6 1.23228e-05
7.4 11.6 3.6175e-05
7.6 11.6 9.80595e-05
7.8 11.6 0.000245441
8 11.6 0.00056725
8.2 11.6 0.00121051
8.4 11.6 0.00238517
8.6 11.6 0.00433939
8.8 11.6 0.00728938
9 11.6 0.0113058
9.2 11.6 0.0161905
9.4 11.6 0.0214074
9.6 11.6 0.0261342
9.8 11.6 0.0294576
10 11.6 0.0306568
10.2 11.6 0.0294576
10.4 11.6 0.0261342
10.6 11.6 0.0214074
10.8 11.6 0.0161905
11 11.6 0.0113058
11.2 11.6 0.00728938
11.4 11.6 0.00433939
11.6 11.6 0.00238517
11.8 11.6 0.00121051
12 11.6 0.00056725
12.2 11.6 0.000245441
12.4 11.6 9.80595e-05
12.6 11.6 3.6175e-05
12.8 11.6 1.23228e-05
13 11.6 3.87613e-06
13.2 11.6 1.12586e-06
13.4 11.6 3.01976e-07
13.6 11.6 7.47954e-08
13.8 11.6 1.71079e-08
14 11.6 3.6137e-09
14.2 11.6 7.04931e-10
14.4 11.6 1.26997e-10
14.6 11.6 2.11301e-11
14.8 11.6 3.24036e-12
5.2 11.8 1.64425e-12
5.4 11.8 1.07222e-11
5.6 11.8 6.44438e-11
5.8 11.8 3.57719e-10
6 11.8 1.83381e-09
6.2 11.8 8.68171e-09
6.4 11.8 3.79566e-08
6.6 11.8 1.53247e-07
6.8 11.8 5.71355e-07
7 11.8 1.96709e-06
7.2 11.8 6.25373e-06
7.4 11.8 1.83587e-05
7.6 11.8 4.97654e-05
7.8 11.8 0.000124562
8 11.8 0.000287884
8.2 11.8 0.000614345
8.4 11.8 0.00121051
8.6 11.8 0.00220231
8.8 11.8 0.00369948
9 11.8 0.00573791
9.2 11.8 0.00821699
9.4 11.8 0.0108647
9.6 11.8 0.0132637
9.8 11.8 0.0149504
10 11.8 0.015559
10.2 11.8 0.0149504
10.4 11.8 0.0132637
10.6 11.8 0.0108647
10.8 11.8 0.00821699
11 11.8 0.00573791
11.2 11.8 0.00369948
11.4 11.8 0.00220231
11.6 11.8 0.00121051
11.8 11.8 0.000614345
12 11.8 0.000287884
12.2 11.8 0.000124562
12.4 11.8 4.97654e-05
12.6 11.8 1.83587e-05
12.8 11.8 6.25373e-06
13 11.8 1.96709e-06
13.2 11.8 5.71355e-07
13.4 11.8 1.53247e-07
13.6 11.8 3.79566e-08
13.8 11.8 8.68171e-09
14 11.8 1.83381e-09
14.2 11.8 3.57719e-10
14.4 11.8 6.44438e-11
14.6 11.8 1.07222e-11
14.8 11.8 1.64425e-12
5.2 12 7.70363e-13
5.4 12 5.0236e-12
5.6 12 3.01941e-11
5.8 12 1.67606e-10
6 12 8.5923e-10
6.2 12 4.06788e-09
6.4 12 1.77851e-08
6.6 12 7.18067e-08
6.8 12 2.67723e-07
7 12 9.21742e-07
7.2 12 2.93041e-06
7.4 12 8.60271e-06
7.6 12 2.33197e-05
7.8 12 5.83696e-05
8 12 0.000134902
8.2 12 0.000287884
8.4 12 0.00056725
8.6 12 0.00103202
8.8 12 0.00173361
9 12 0.00268885
9.2 12 0.00385059
9.4 12 0.00509133
9.6 12 0.00621554
9.8 12 0.00700597
10 12 0.00729118
10.2 12 0.00700597
10.4 12 0.00621554
10.6 12 0.00509133
10.8 12 0.00385059
11 12 0.00268885
11.2 12 0.00173361
11.4 12 0.00103202
11.6 12 0.00056725
11.8 12 0.000287884
12 12 0.000134902
12.2 12 5.83696e-05
12.4 12 2.33197e-05
12.6 12 8.60271e-06
12.8 12 2.93041e-06
13 12 9.21742e-07
13.2 12 2.67723e-07
13.4 12 7.18067e-08
13.6 12 1.77851e-08
13.8 12 4.06788e-09
14 12 8.5923e-10
14.2 12 1.67606e-10
14.4 12 3.01941e-11
14.6 12 5.0236e-12
14.8 12 7.70363e-13
5.2 12.2 3.33255e-13
5.4 12.2 2.17322e-12
5.6 12.2 1.30623e-11
5.8 12.2 7.25099e-11
6 12.2 3.71727e-10
6.2 12.2 1.75991e-09
6.4 12.2 7.69459e-09
6.6 12.2 3.10671e-08
6.8 12.2 1.15832e-07
7 12.2 3.98801e-07
7.2 12.2 1.26788e-06
7.4 12.2 3.72213e-06
7.6 12.2 1.00898e-05
7.8 12.2 2.52552e-05
8 12.2 5.83696e-05
8.2 12.2 0.000124562
8.4 12.2 0.000245441
8.6 12.2 0.000446542
8.8 12.2 0.000750117
9 12.2 0.00116344
9.2 12.2 0.00166612
9.4 12.2 0.00220299
9.6 12.2 0.00268943
9.8 12.2 0.00303145
10 12.2 0.00315486
10.2 12.2 0.00303145
10.4 12.2 0.00268943
10.6 12.2 0.00220299
10.8 12.2 0.00166612
11 12.2 0.00116344
11.2 12.2 0.000750117
11.4 12.2 0.000446542
11.6 12.2 0.000245441
11.8 12.2 0.000124562
12 12.2 5.83696e-05
12.2 12.2 2.52552e-05
12.4 12.2 1.00898e-05
12.6 12.2 3.72213e-06
12.8 12.2 1.26788e-06
13 12.2 3.98801e-07
13.2 12.2 1.15832e-07
13.4 12.2 3.10671e-08
13.6 12.2 7.69459e-09
13.8 12.2 1.75991e-09
14 12.2 3.71727e-10
14.2 12.2 7.25099e-11
14.4 12.2 1.30623e-11
14.6 12.2 2.17322e-12
14.8 12.2 3.33255e-13
5.2 12.4 1.33112e-13
5.4 12.4 8.68067e-13
5.6 12.4 5.21771e-12
5.8 12.4 2.89645e-11
6 12.4 1.48492e-10
6.2 12.4 7.03034e-10
6.4 12.4 3.07383e-09
6.6 12.4 1.24109e-08
6.8 12.4 4.62737e-08
7 12.4 1.5932e-07
7.2 12.4 5.06522e-07
7.4 12.4 1.48701e-06
7.6 12.4 4.03099e-06
7.8 12.4 1.00898e-05
8 12.4 2.33197e-05
8.2 12.4 4.97654e-05
8.4 12.4 9.80595e-05
8.6 12.4 0.000178405
8.8 12.4 0.000299693
9 12.4 0.00046483
9.2 12.4 0.000665667
9.4 12.4 0.000880165
9.6 12.4 0.00107452
9.8 12.4 0.00121116
10 12.4 0.00126047
10.2 12.4 0.00121116
10.4 12.4 0.00107452
10.6 12.4 0.000880165
10.8 12.4 0.000665667
11 12.4 0.00046483
11.2 12.4 0.000299693
11.4 12.4 0.000178405
11.6 12.4 9.80595e-05
11.8 12.4 4.97654e-05
12 12.4 2.33197e-05
12.2 12.4 1.00898e-05
12.4 12.4 4.03099e-06
12.6 12.4 1.48701e-06
12.8 12.4 5.06522e-07
13 12.4 1.5932e-07
13.2 12.4 4.62737e-08
13.4 12.4 1.24109e-08
13.6 12.4 3.07383e-09
13.8 12.4 7.03034e-10
14 12.4 1.48492e-10
14.2 12.4 2.89645e-11
14.4 12.4 5.21771e-12
14.6 12.4 8.68067e-13
14.8 12.4 1.33112e-13
5.2 12.6 4.90936e-14
5.4 12.6 3.20161e-13
5.6 12.6 1.92445e-12
5.8 12.6 1.06832e-11
6 12.6 5.47708e-11
6.2 12.6 2.59318e-10
6.4 12.6 1.13382e-09
6.6 12.6 4.57798e-09
6.8 12.6 1.70692e-08
7 12.6 5.877e-08
7.2 12.6 1.86849e-07
7.4 12.6 5.48546e-07
7.6 12.6 1.48701e-06
7.8 12.6 3.72213e-06
8 12.6 8.60271e-06
8.2 12.6 1.83587e-05
8.4 12.6 3.6175e-05
8.6 12.6 6.58156e-05
8.8 12.6 0.000110561
9 12.6 0.000171482
9.2 12.6 0.000245575
9.4 12.6 0.000324708
9.6 12.6 0.000396408
9.8 12.6 0.00044682
10 12.6 0.000465011
10.2 12.6 0.00044682
10.4 12.6 0.000396408
10.6 12.6 0.000324708
10.8 12.6 0.000245575
11 12.6 0.000171482
11.2 12.6 0.000110561
11.4 12.6 6.58156e-05
11.6 12.6 3.6175e-05
11.8 12.6 1.83587e-05
12 12.6 8.60271e-06
12.2 12.6 3.72213e-06
12.4 12.6 1.48701e-06
12.6 12.6 5.48546e-07
12.8 12.6 1.86849e-07
13 12.6 5.877e-08
13.2 12.6 1.70692e-08
13.4 12.6 4.57798e-09
13.6 12.6 1.13382e-09
13.8 12.6 2.59318e-10
14 12.6 5.47708e-11
14.2 12.6 1.06832e-11
14.4 12.6 1.92445e-12
14.6 12.6 3.20161e-13
14.8 12.6 4.90936e-14
5.2 12.8 1.67187e-14
5.4 12.8 1.09032e-13
5.6 12.8 6.55398e-13
5.8 12.8 3.63843e-12
6 12.8 1.86539e-11
6.2 12.8 8.83211e-11
6.4 12.8 3.86176e-10
6.6 12.8 1.55928e-09
6.8 12.8 5.81396e-09
7 12.8 2.0018e-08
7.2 12.8 6.36448e-08
7.4 12.8 1.86849e-07
7.6 12.8 5.06522e-07
7.8 12.8 1.26788e-06
8 12.8 2.93041e-06
8.2 12.8 6.25373e-06
8.4 12.8 1.23228e-05
8.6 12.8 2.24198e-05
8.8 12.8 3.76623e-05
9 12.8 5.84155e-05
9.2 12.8 8.36556e-05
9.4 12.8 0.000110613
9.6 12.8 0.000135038
9.8 12.8 0.000152211
10 12.8 0.000158408
10.2 12.8 0.000152211
10.4 12.8 0.000135038
10.6 12.8 0.000110613
10.8 12.8 8.36556e-05
11 12.8 5.84155e-05
11.2 12.8 3.76623e-05
11.4 12.8 2.24198e-05
11.6 12.8 1.23228e-05
11.8 12.8 6.25373e-06
12 12.8 2.93041e-06
12.2 12.8 1.26788e-06
12.4 12.8 5.06522e-07
12.6 12.8 1.86849e-07
12.8 12.8 6.36448e-08
13 12.8 2.0018e-08
13.2 12.8 5.81396e-09
13.4 12.8 1.55928e-09
13.6 12.8 3.86176e-10
13.8 12.8 8.83211e-11
14 12.8 1.86539e-11
14.2 12.8 3.63843e-12
14.4 12.8 6.55398e-13
14.6 12.8 1.09032e-13
14.8 12.8 1.67187e-14
5.2 13 5.25722e-15
5.4 13 3.42862e-14
5.6 13 2.06103e-13
5.8 13 1.14421e-12
6 13 5.86643e-12
6.2 13 2.77766e-11
6.4 13 1.21453e-10
6.6 13 4.90408e-10
6.8 13 1.82858e-09
7 13 6.2961e-09
7.2 13 2.0018e-08
7.4 13 5.877e-08
7.6 13 1.5932e-07
7.8 13 3.98801e-07
8 13 9.21742e-07
8.2 13 1.96709e-06
8.4 13 3.87613e-06
8.6 13 7.05221e-06
8.8 13 1.18468e-05
9 13 1.8375e-05
9.2 13 2.63145e-05
9.4 13 3.47941e-05
9.6 13 4.24774e-05
9.8 13 4.78795e-05
10 13 4.98288e-05
10.2 13 4.78795e-05
10.4 13 4.24774e-05
10.6 13 3.47941e-05
10.8 13 2.63145e-05
11 13 1.8375e-05
11.2 13 1.18468e-05
11.4 13 7.05221e-06
11.6 13 3.87613e-06
11.8 13 1.96709e-06
12 13 9.21742e-07
12.2 13 3.98801e-07
12.4 13 1.5932e-07
12.6 13 5.877e-08
12.8 13 2.0018e-08
13 13 6.2961e-09
13.2 13 1.82858e-09
13.4 13 4.90408e-10
13.6 13 1.21453e-10
13.8 13 2.77766e-11
14 13 5.86643e-12
14.2 13 1.14421e-12
14.4 13 2.06103e-13
14.6 13 3.42862e-14
14.8 13 5.25722e-15
5.2 13.2 1.52649e-15
5.4 13.2 9.95563e-15
5.6 13.2 5.98477e-14
5.8 13.2 3.32264e-13
6 13.2 1.70359e-12
6.2 13.2 8.06644e-12
6.4 13.2 3.52715e-11
6.6 13.2 1.42424e-10
6.8 13.2 5.31066e-10
7 13.2 1.82858e-09
7.2 13.2 5.81396e-09
7.4 13.2 1.70692e-08
7.6 13.2 4.62737e-08
7.8 13.2 1.15832e-07
8 13.2 2.67723e-07
8.2 13.2 5.71355e-07
8.4 13.2 1.12586e-06
8.6 13.2 2.0484e-06
8.8 13.2 3.44108e-06
9 13.2 5.3373e-06
9.2 13.2 7.6435e-06
9.4 13.2 1.01066e-05
9.6 13.2 1.23384e-05
9.8 13.2 1.39075e-05
10 13.2 1.44737e-05
10.2 13.2 1.39075e-05
10.4 13.2 1.23384e-05
10.6 13.2 1.01066e-05
10.8 13.2 7.6435e-06
11 13.2 5.3373e-06
11.2 13.2 3.44108e-06
11.4 13.2 2.0484e-06
11.6 13.2 1.12586e-06
11.8 13.2 5.71355e-07
12 13.2 2.67723e-07
12.2 13.2 1.15832e-07
12.4 13.2 4.62737e-08
12.6 13.2 1.70692e-08
12.8 13.2 5.81396e-09
13 13.2 1.82858e-09
13.2 13.2 5.31066e-10
13.4 13.2 1.42424e-10
13.6 13.2 3.52715e-11
13.8 13.2 8.06644e-12
14 13.2 1.70359e-12
14.2 13.2 3.32264e-13
14.4 13.2 5.98477e-14
14.6 13.2 9.95563e-15
14.8 13.2 1.52649e-15
5.2 13.4 4.09282e-16
5.4 13.4 2.66938e-15
5.6 13.4 1.60474e-14
5.8 13.4 8.90956e-14
6 13.4 4.56827e-13
6.2 13.4 2.16312e-12
6.4 13.4 9.4588e-12
6.6 13.4 3.8195e-11
6.8 13.4 1.42424e-10
7 13.4 4.90408e-10
7.2 13.4 1.55928e-09
7.4 13.4 4.57798e-09
7.6 13.4 1.24109e-08
7.8 13.4 3.10671e-08
8 13.4 7.18067e-08
8.2 13.4 1.53247e-07
8.4 13.4 3.01976e-07
8.6 13.4 5.49424e-07
8.8 13.4 9.22978e-07
9 13.4 1.4316e-06
9.2 13.4 2.05019e-06
9.4 13.4 2.71087e-06
9.6 13.4 3.3095e-06
9.8 13.4 3.73041e-06
10 13.4 3.88228e-06
10.2 13.4 3.73041e-06
10.4 13.4 3.3095e-06
10.6 13.4 2.71087e-06
10.8 13.4 2.05019e-06
11 13.4 1.4316e-06
11.2 13.4 9.22978e-07
11.4 13.4 5.49424e-07
11.6 13.4 3.01976e-07
11.8 13.4 1.53247e-07
12 13.4 7.18067e-08
12.2 13.4 3.10671e-08
12.4 13.4 1.24109e-08
12.6 13.4 4.57798e-09
12.8 13.4 1.55928e-09
13 13.4 4.90408e-10
13.2 13.4 1.42424e-10
13.4 13.4 3.8195e-11
13.6 13.4 9.4588e-12
13.8 13.4 2.16312e-12
14 13.4 4.56827e-13
14.2 13.4 8.90956e-14
14.4 13.4 1.60474e-14
14.6 13.4 2.66938e-15
14.8 13.4 4.09282e-16
5.2 13.6 1.01333e-16
5.4 13.6 6.60922e-16
5.6 13.6 3.97341e-15
5.8 13.6 2.20613e-14
6 13.6 1.13121e-13
6.2 13.6 5.35656e-13
6.4 13.6 2.34236e-12
6.6 13.6 9.4588e-12
6.8 13.6 3.52715e-11
7 13.6 1.21453e-10
7.2 13.6 3.86176e-10
7.4 13.6 1.13382e-09
7.6 13.6 3.07383e-09
7.8 13.6 7.69459e-09
8 13.6 1.77851e-08
8.2 13.6 3.79566e-08
8.4 13.6 7.47954e-08
8.6 13.6 1.36086e-07
8.8 13.6 2.28613e-07
9 13.6 3.54596e-07
9.2 13.6 5.0782e-07
9.4 13.6 6.71469e-07
9.6 13.6 8.19751e-07
9.8 13.6 9.24008e-07
10 13.6 9.61628e-07
10.2 13.6 9.24008e-07
10.4 13.6 8.19751e-07
10.6 13.6 6.71469e-07
10.8 13.6 5.0782e-07
11 13.6 3.54596e-07
11.2 13.6 2.28613e-07
11.4 13.6 1.36086e-07
11.6 13.6 7.47954e-08
11.8 13.6 3.79566e-08
12 13.6 1.77851e-08
12.2 13.6 7.69459e-09
12.4 13.6 3.07383e-09
12.6 13.6 1.13382e-09
12.8 13.6 3.86176e-10
13 13.6 1.21453e-10
13.2 13.6 3.52715e-11
13.4 13.6 9.4588e-12
13.6 13.6 2.34236e-12
13.8 13.6 5.35656e-13
14 13.6 1.13121e-13
14.2 13.6 2.20613e-14
14.4 13.6 3.97341e-15
14.6 13.6 6.60922e-16
14.8 13.6 1.01333e-16
5.2 13.8 2.31677e-17
5.4 13.8 1.51112e-16
5.6 13.8 9.08514e-16
5.8 13.8 5.04449e-15
6 13.8 2.58669e-14
6.2 13.8 1.22491e-13
6.4 13.8 5.35656e-13
6.6 13.8 2.16312e-12
6.8 13.8 8.06644e-12
7 13.8 2.77766e-11
7.2 13.8 8.83211e-11
7.4 13.8 2.59318e-10
7.6 13.8 7.03034e-10
7.8 13.8 1.75991e-09
8 13.8 4.06788e-09
8.2 13.8 8.68171e-09
8.4 13.8 1.71079e-08
8.6 13.8 3.11273e-08
8.8 13.8 5.22917e-08
9 13.8 8.1109e-08
9.2 13.8 1.16158e-07
9.4 13.8 1.53591e-07
9.6 13.8 1.8751e-07
9.8 13.8 2.11358e-07
10 13.8 2.19963e-07
10.2 13.8 2.11358e-07
10.4 13.8 1.8751e-07
10.6 13.8 1.53591e-07
10.8 13.8 1.16158e-07
11 13.8 8.1109e-08
11.2 13.8 5.22917e-08
11.4 13.8 3.11273e-08
11.6 13.8 1.71079e-08
11.8 13.8 8.68171e-09
12 13.8 4.06788e-09
12.2 13.8 1.75991e-09
12.4 13.8 7.03034e-10
12.6 13.8 2.59318e-10
12.8 13.8 8.83211e-11
13 13.8 2.77766e-11
13.2 13.8 8.06644e-12
13.4 13.8 2.16312e-12
13.6 13.8 5.35656e-13
13.8 13.8 1.22491e-13
14 13.8 2.58669e-14
14.2 13.8 5.04449e-15
14.4 13.8 9.08514e-16
14.6 13.8 1.51112e-16
14.8 13.8 2.31677e-17
5.2 14 4.8914e-18
5.4 14 3.19054e-17
5.6 14 1.91831e-16
5.8 14 1.06518e-15
6 14 5.46221e-15
6.2 14 2.58669e-14
6.4 14 1.13121e-13
6.6 14 4.56827e-13
6.8 14 1.70359e-12
7 14 5.86643e-12
7.2 14 1.86539e-11
7.4 14 5.47708e-11
7.6 14 1.48492e-10
7.8 14 3.71727e-10
8 14 8.5923e-10
8.2 14 1.83381e-09
8.4 14 3.6137e-09
8.6 14 6.57507e-09
8.8 14 1.10458e-08
9 14 1.71331e-08
9.2 14 2.45368e-08
9.4 14 3.24443e-08
9.6 14 3.96093e-08
9.8 14 4.46471e-08
10 14 4.64649e-08
10.2 14 4.46471e-08
10.4 14 3.96093e-08
10.6 14 3.24443e-08
10.8 14 2.45368e-08
11 14 1.71331e-08
11.2 14 1.10458e-08
11.4 14 6.57507e-09
11.6 14 3.6137e-09
11.8 14 1.83381e-09
12 14 8.5923e-10
12.2 14 3.71727e-10
12.4 14 1.48492e-10
12.6 14 5.47708e-11
12.8 14 1.86539e-11
13 14 5.86643e-12
13.2 14 1.70359e-12
13.4 14 4.56827e-13
13.6 14 1.13121e-13
13.8 14 2.58669e-14
14 14 5.46221e-15
14.2 14 1.06518e-15
14.4 14 1.91831e-16
14.6 14 3.19054e-17
14.8 14 4.8914e-18
5.2 14.2 9.53692e-19
5.4 14.2 6.22094e-18
5.6 14.2 3.74052e-17
5.8 14.2 2.0771e-16
6 14.2 1.06518e-15
6.2 14.2 5.04449e-15
6.4 14.2 2.20613e-14
6.6 14.2 8.90956e-14
6.8 14.2 3.32264e-13
7 14.2 1.14421e-12
7.2 14.2 3.63843e-12
7.4 14.2 1.06832e-11
7.6 14.2 2.89645e-11
7.8 14.2 7.25099e-11
8 14.2 1.67606e-10
8.2 14.2 3.57719e-10
8.4 14.2 7.04931e-10
8.6 14.2 1.28263e-09
8.8 14.2 2.15477e-09
9 14.2 3.34229e-09
9.2 14.2 4.78662e-09
9.4 14.2 6.32926e-09
9.6 14.2 7.72704e-09
9.8 14.2 8.70984e-09
10 14.2 9.06447e-09
10.2 14.2 8.70984e-09
10.4 14.2 7.72704e-09
10.6 14.2 6.32926e-09
10.8 14.2 4.78662e-09
11 14.2 3.34229e-09
11.2 14.2 2.15477e-09
11.4 14.2 1.28263e-09
11.6 14.2 7.04931e-10
11.8 14.2 3.57719e-10
12 14.2 1.67606e-10
12.2 14.2 7.25099e-11
12.4 14.2 2.89645e-11
12.6 14.2 1.06832e-11
12.8 14.2 3.63843e-12
13 14.2 1.14421e-12
13.2 14.2 3.32264e-13
13.4 14.2 8.90956e-14
13.6 14.2 2.20613e-14
13.8 14.2 5.04449e-15
14 14.2 1.06518e-15
14.2 14.2 2.0771e-16
14.4 14.2 3.74052e-17
14.6 14.2 6.22094e-18
14.8 14.2 9.53692e-19
5.2 14.4 1.71719e-19
5.4 14.4 1.12017e-18
5.6 14.4 6.73571e-18
5.8 14.4 3.74052e-17
6 14.4 1.91831e-16
6.2 14.4 9.08514e-16
6.4 14.4 3.97341e-15
6.6 14.4 1.60474e-14
6.8 14.4 5.98477e-14
7 14.4 2.06103e-13
7.2 14.4 6.55398e-13
7.4 14.4 1.92445e-12
7.6 14.4 5.21771e-12
7.8 14.4 1.30623e-11
8 14.4 3.01941e-11
8.2 14.4 6.44438e-11
8.4 14.4 1.26997e-10
8.6 14.4 2.31075e-10
8.8 14.4 3.88202e-10
9 14.4 6.02152e-10
9.2 14.4 8.6237e-10
9.4 14.4 1.1403e-09
9.6 14.4 1.39214e-09
9.8 14.4 1.56921e-09
10 14.4 1.6331e-09
10.2 14.4 1.56921e-09
10.4 14.4 1.39214e-09
10.6 14.4 1.1403e-09
10.8 14.4 8.6237e-10
11 14.4 6.02152e-10
11.2 14.4 3.88202e-10
11.4 14.4 2.31075e-10
11.6 14.4 1.26997e-10
11.8 14.4 6.44438e-11
12 14.4 3.01941e-11
12.2 14.4 1.30623e-11
12.4 14.4 5.21771e-12
12.6 14.4 1.92445e-12
12.8 14.4 6.55398e-13
13 14.4 2.06103e-13
13.2 14.4 5.98477e-14
13.4 14.4 1.60474e-14
13.6 14.4 3.97341e-15
13.8 14.4 9.08514e-16
14 14.4 1.91831e-16
14.2 14.4 3.74052e-17
14.4 14.4 6.73571e-18
14.6 14.4 1.12017e-18
14.8 14.4 1.71719e-19
5.2 14.6 2.85543e-20
5.4 14.6 1.86277e-19
5.6 14.6 1.12017e-18
5.8 14.6 6.22094e-18
6 14.6 3.19054e-17
6.2 14.6 1.51112e-16
6.4 14.6 6.60922e-16
6.6 14.6 2.66938e-15
6.8 14.6 9.95563e-15
7 14.6 3.42862e-14
7.2 14.6 1.09032e-13
7.4 14.6 3.20161e-13
7.6 14.6 8.68067e-13
7.8 14.6 2.17322e-12
8 14.6 5.0236e-12
8.2 14.6 1.07222e-11
8.4 14.6 2.11301e-11
8.6 14.6 3.84474e-11
8.8 14.6 6.45919e-11
9 14.6 1.00191e-10
9.2 14.6 1.4349e-10
9.4 14.6 1.89737e-10
9.6 14.6 2.31641e-10
9.8 14.6 2.61105e-10
10 14.6 2.71737e-10
10.2 14.6 2.61105e-10
10.4 14.6 2.31641e-10
10.6 14.6 1.89737e-10
10.8 14.6 1.4349e-10
11 14.6 1.00191e-10
11.2 14.6 6.45919e-11
11.4 14.6 3.84474e-11
11.6 14.6 2.11301e-11
11.8 14.6 1.07222e-11
12 14.6 5.0236e-12
12.2 14.6 2.17322e-12
12.4 14.6 8.68067e-13
12.6 14.6 3.20161e-13
12.8 14.6 1.09032e-13
13 14.6 3.42862e-14
13.2 14.6 9.95563e-15
13.4 14.6 2.66938e-15
13.6 14.6 6.60922e-16
13.8 14.6 1.51112e-16
14 14.6 3.19054e-17
14.2 14.6 6.22094e-18
14.4 14.6 1.12017e-18
14.6 14.6 1.86277e-19
14.8 14.6 2.85543e-20
5.2 14.8 4.37694e-21
5.4 14.8 2.85543e-20
5.6 14.8 1.71719e-19
5.8 14.8 9.53692e-19
6 14.8 4.8914e-18
6.2 14.8 2.31677e-17
6.4 14.8 1.01333e-16
6.6 14.8 4.09282e-16
6.8 14.8 1.52649e-15
7 14.8 5.25722e-15
7.2 14.8 1.67187e-14
7.4 14.8 4.90936e-14
7.6 14.8 1.33112e-13
7.8 14.8 3.33255e-13
8 14.8 7.70363e-13
8.2 14.8 1.64425e-12
8.4 14.8 3.24036e-12
8.6 14.8 5.89609e-12
8.8 14.8 9.90557e-12
9 14.8 1.53651e-11
9.2 14.8 2.20054e-11
9.4 14.8 2.90978e-11
9.6 14.8 3.55244e-11
9.8 14.8 4.0043e-11
10 14.8 4.16735e-11
10.2 14.8 4.0043e-11
10.4 14.8 3.55244e-11
10.6 14.8 2.90978e-11
10.8 14.8 2.20054e-11
11 14.8 1.53651e-11
11.2 14.8 9.90557e-12
11.4 14.8 5.89609e-12
11.6 14.8 3.24036e-12
11.8 14.8 1.64425e-12
12 14.8 7.70363e-13
12.2 14.8 3.33255e-13
12.4 14.8 1.33112e-13
12.6 14.8 4.90936e-14
12.8 14.8 1.67187e-14
13 14.8 5.25722e-15
13.2 14.8 1.52649e-15
13.4 14.8 4.09282e-16
13.6 14.8 1.01333e-16
13.8 14.8 2.31677e-17
14 14.8 4.8914e-18
14.2 14.8 9.53692e-19
14.4 14.8 1.71719e-19
14.6 14.8 2.85543e-20
14.8 14.8 4.37694e-21

