5.2 5.2 2.84732e-21
5.4 5.2 1.85449e-20
5.6 5.2 1.11289e-19
5.8 5.2 6.16869e-19
6 5.2 3.15814e-18
6.2 5.2 1.49332e-17
6.4 5.2 6.5215e-17
6.6 5.2 2.63028e-16
6.8 5.2 9.79728e-16
7 5.2 3.37014e-15
7.2 5.2 1.07058e-14
7.4 5.2 3.14057e-14
7.6 5.2 8.50766e-14
7.8 5.2 2.12821e-13
8 5.2 4.91606e-13
8.2 5.2 1.0486e-12
8.4 5.2 2.06531e-12
8.6 5.2 3.75613e-12
8.8 5.2 6.3077e-12
9 5.2 9.78076e-12
9.2 5.2 1.40037e-11
9.4 5.2 1.8513e-11
9.6 5.2 2.25982e-11
9.8 5.2 2.54702e-11
10 5.2 2.65065e-11
10.2 5.2 2.54702e-11
10.4 5.2 2.25982e-11
10.6 5.2 1.8513e-11
10.8 5.2 1.40037e-11
11 5.2 9.78076e-12
11.2 5.2 6.3077e-12
11.4 5.2 3.75613e-12
11.6 5.2 2.06531e-12
11.8 5.2 1.0486e-12
12 5.2 4.91606e-13
12.2 5.2 2.12821e-13
12.4 5.2 8.50766e-14
12.6 5.2 3.14057e-14
12.8 5.2 1.07058e-14
13 5.2 3.37014e-15
13.2 5.2 9.79728e-16
13.4 5.2 2.63028e-16
13.6 5.2 6.5215e-17
13.8 5.2 1.49332e-17
14 5.2 3.15814e-18
14.2 5.2 6.16869e-19
14.4 5.2 1.11289e-19
14.6 5.2 1.85449e-20
14.8 5.2 2.84732e-21
5.2 5.4 1.85449e-20
5.4 5.4 1.20779e-19
5.6 5.4 7.24758e-19
5.8 5.4 4.01706e-18
6 5.4 2.05647e-17
6.2 5.4 9.72353e-17
6.4 5.4 4.24618e-16
6.6 5.4 1.71251e-15
6.8 5.4 6.37853e-15
7 5.4 2.19405e-14
7.2 5.4 6.96953e-14
7.4 5.4 2.04447e-13
7.6 5.4 5.53823e-13
7.8 5.4 1.38537e-12
8 5.4 3.20005e-12
8.2 5.4 6.82559e-12
8.4 5.4 1.34434e-11
8.6 5.4 2.44488e-11
8.8 5.4 4.10566e-11
9 5.4 6.36619e-11
9.2 5.4 9.11475e-11
9.4 5.4 1.20497e-10
9.6 5.4 1.47086e-10
9.8 5.4 1.65779e-10
10 5.4 1.72524e-10
10.2 5.4 1.65779e-10
10.4 5.4 1.47086e-10
10.6 5.4 1.20497e-10
10.8 5.4 9.11475e-11
11 5.4 6.36619e-11
11.2 5.4 4.10566e-11
11.4 5.4 2.44488e-11
11.6 5.4 1.34434e-11
11.8 5.4 6.82559e-12
12 5.4 3.20005e-12
12.2 5.4 1.38537e-12
12.4 5.4 5.53823e-13
12.6 5.4 2.04447e-13
12.8 5.4 6.96953e-14
13 5.4 2.19405e-14
13.2 5.4 6.37853e-15
13.4 5.4 1.71251e-15
13.6 5.4 4.24618e-16
13.8 5.4 9.72353e-17
14 5.4 2.05647e-17
14.2 5.4 4.01706e-18
14.4 5.4 7.24758e-19
14.6 5.4 1.20779e-19
14.8 5.4 1.85449e-20
5.2 5.6 1.11289e-19
5.4 5.6 7.24758e-19
5.6 5.6 4.34871e-18
5.8 5.6 2.41014e-17
6 5.6 1.23375e-16
6.2 5.6 5.83311e-16
6.4 5.6 2.54711e-15
6.6 5.6 1.02721e-14
6.8 5.6 3.82582e-14
7 5.6 1.31592e-13
7.2 5.6 4.17993e-13
7.4 5.6 1.22611e-12
7.6 5.6 3.32127e-12
7.8 5.6 8.30777e-12
8 5.6 1.91895e-11
8.2 5.6 4.09295e-11
8.4 5.6 8.06112e-11
8.6 5.6 1.46601e-10
8.8 5.6 2.4618e-10
9 5.6 3.81719e-10
9.2 5.6 5.46517e-10
9.4 5.6 7.22489e-10
9.6 5.6 8.8191e-10
9.8 5.6 9.93986e-10
10 5.6 1.03442e-09
10.2 5.6 9.93986e-10
10.4 5.6 8.8191e-10
10.6 5.6 7.22489e-10
10.8 5.6 5.46517e-10
11 5.6 3.81719e-10
11.2 5.6 2.4618e-10
11.4 5.6 1.46601e-10
11.6 5.6 8.06112e-11
11.8 5.6 4.09295e-11
12 5.6 1.91895e-11
12.2 5.6 8.30777e-12
12.4 5.6 3.32127e-12
12.6 5.6 1.22611e-12
12.8 5.6 4.17993e-13
13 5.6 1.31592e-13
13.2 5.6 3.82582e-14
13.4 5.6 1.02721e-14
13.6 5.6 2.54711e-15
13.8 5.6 5.83311e-16
14 5.6 1.23375e-16
14.2 5.6 2.41014e-17
14.4 5.6 4.34871e-18
14.6 5.6 7.24758e-19
14.8 5.6 1.11289e-19
5.2 5.8 6.16869e-19
5.4 5.8 4.01706e-18
5.6 5.8 2.41014e-17
5.8 5.8 1.33566e-16
6 5.8 6.83678e-16
6.2 5.8 3.2322e-15
6.4 5.8 1.41131e-14
6.6 5.8 5.69131e-14
6.8 5.8 2.11961e-13
7 5.8 7.29027e-13
7.2 5.8 2.3156e-12
7.4 5.8 6.79217e-12
7.6 5.8 1.83979e-11
7.8 5.8 4.60189e-11
8 5.8 1.06293e-10
8.2 5.8 2.26708e-10
8.4 5.8 4.46495e-10
8.6 5.8 8.11986e-10
8.8 5.8 1.36351e-09
9 5.8 2.11419e-09
9.2 5.8 3.02691e-09
9.4 5.8 4.00151e-09
9.6 5.8 4.88443e-09
9.8 5.8 5.50514e-09
10 5.8 5.7291e-09
10.2 5.8 5.50514e-09
10.4 5.8 4.88443e-09
10.6 5.8 4.00151e-09
10.8 5.8 3.02691e-09
11 5.8 2.11419e-09
11.2 5.8 1.36351e-09
11.4 5.8 8.11986e-10
11.6 5.8 4.46495e-10
11.8 5.8 2.26708e-10
12 5.8 1.06293e-10
12.2 5.8 4.60189e-11
12.4 5.8 1.83979e-11
12.6 5.8 6.79217e-12
12.8 5.8 2.3156e-12
13 5.8 7.29027e-13
13.2 5.8 2.11961e-13
13.4 5.8 5.69131e-14
13.6 5.8 1.41131e-14
13.8 5.8 3.2322e-15
14 5.8 6.83678e-16
14.2 5.8 1.33566e-16
14.4 5.8 2.41014e-17
14.6 5.8 4.01706e-18
14.8 5.8 6.16869e-19
5.2 6 3.15814e-18
5.4 6 2.05647e-17
5.6 6 1.23375e-16
5.8 6 6.83678e-16
6 6 3.4993e-15
6.2 6 1.65426e-14
6.4 6 7.22281e-14
6.6 6 2.91256e-13
6.8 6 1.08468e-12
7 6 3.73052e-12
7.2 6 1.18488e-11
7.4 6 3.47539e-11
7.6 6 9.41349e-11
7.8 6 2.35454e-10
8 6 5.43831e-10
8.2 6 1.15989e-09
8.4 6 2.28432e-09
8.6 6 4.15415e-09
8.8 6 6.97568e-09
9 6 1.0816e-08
9.2 6 1.54852e-08
9.4 6 2.0471e-08
9.6 6 2.49877e-08
9.8 6 2.8163e-08
10 6 2.93087e-08
10.2 6 2.8163e-08
10.4 6 2.49877e-08
10.6 6 2.0471e-08
10.8 6 1.54852e-08
11 6 1.0816e-08
11.2 6 6.97568e-09
11.4 6 4.15415e-09
11.6 6 2.28432e-09
11.8 6 1.15989e-09
12 6 5.43831e-10
12.2 6 2.35454e-10
12.4 6 9.41349e-11
12.6 6 3.47539e-11
12.8 6 1.18488e-11
13 6 3.73052e-12
13.2 6 1.08468e-12
13.4 6 2.91256e-13
13.6 6 7.22281e-14
13.8 6 1.65426e-14
14 6 3.4993e-15
14.2 6 6.83678e-16
14.4 6 1.23375e-16
14.6 6 2.05647e-17
14.8 6 3.15814e-18
5.2 6.2 1.49332e-17
5.4 6.2 9.72353e-17
5.6 6.2 5.83311e-16
5.8 6.2 3.2322e-15
6 6.2 1.65426e-14
6.2 6.2 7.81995e-14
6.4 6.2 3.41417e-13
6.6 6.2 1.37669e-12
6.8 6.2 5.12675e-12
7 6.2 1.76317e-11
7.2 6.2 5.59996e-11
7.4 6.2 1.64248e-10
7.6 6.2 4.44873e-10
7.8 6.2 1.11271e-09
8 6.2 2.56997e-09
8.2 6.2 5.48114e-09
8.4 6.2 1.07945e-08
8.6 6.2 1.96301e-08
8.8 6.2 3.29625e-08
9 6.2 5.11088e-08
9.2 6.2 7.31716e-08
9.4 6.2 9.67298e-08
9.6 6.2 1.18072e-07
9.8 6.2 1.33075e-07
10 6.2 1.38489e-07
10.2 6.2 1.33075e-07
10.4 6.2 1.18072e-07
10.6 6.2 9.67298e-08
10.8 6.2 7.31716e-08
11 6.2 5.11088e-08
11.2 6.2 3.29625e-08
11.4 6.2 1.96301e-08
11.6 6.2 1.07945e-08
11.8 6.2 5.48114e-09
12 6.2 2.56997e-09
12.2 6.2 1.11271e-09
12.4 6.2 4.44873e-10
12.6 6.2 1.64248e-10
12.8 6.2 5.59996e-11
13 6.2 1.76317e-11
13.2 6.2 5.12675e-12
13.4 6.2 1.37669e-12
13.6 6.2 3.41417e-13
13.8 6.2 7.81995e-14
14 6.2 1.65426e-14
14.2 6.2 3.2322e-15
14.4 6.2 5.83311e-16
14.6 6.2 9.72353e-17
14.8 6.2 1.49332e-17
5.2 6.4 6.5215e-17
5.4 6.4 4.24618e-16
5.6 6.4 2.54711e-15
5.8 6.4 1.41131e-14
6 6.4 7.22281e-14
6.2 6.4 3.41417e-13
6.4 6.4 1.49055e-12
6.6 6.4 6.01006e-12
6.8 6.4 2.23805e-11
7 6.4 7.69675e-11
7.2 6.4 2.44446e-10
7.4 6.4 7.16947e-10
7.6 6.4 1.94182e-09
7.8 6.4 4.85673e-09
8 6.4 1.12171e-08
8.2 6.4 2.39231e-08
8.4 6.4 4.71133e-08
8.6 6.4 8.56752e-08
8.8 6.4 1.43863e-07
9 6.4 2.23058e-07
9.2 6.4 3.19346e-07
9.4 6.4 4.22159e-07
9.6 6.4 5.153e-07
9.8 6.4 5.80779e-07
10 6.4 6.04404e-07
10.2 6.4 5.80779e-07
10.4 6.4 5.153e-07
10.6 6.4 4.22159e-07
10.8 6.4 3.19346e-07
11 6.4 2.23058e-07
11.2 6.4 1.43863e-07
11.4 6.4 8.56752e-08
11.6 6.4 4.71133e-08
11.8 6.4 2.39231e-08
12 6.4 1.12171e-08
12.2 6.4 4.85673e-09
12.4 6.4 1.94182e-09
12.6 6.4 7.16947e-10
12.8 6.4 2.44446e-10
13 6.4 7.69675e-11
13.2 6.4 2.23805e-11
13.4 6.4 6.01006e-12
13.6 6.4 1.49055e-12
13.8 6.4 3.41417e-13
14 6.4 7.22281e-14
14.2 6.4 1.41131e-14
14.4 6.4 2.54711e-15
14.6 6.4 4.24618e-16
14.8 6.4 6.5215e-17
5.2 6.6 2.63028e-16
5.4 6.6 1.71251e-15
5.6 6.6 1.02721e-14
5.8 6.6 5.69131e-14
6 6.6 2.91256e-13
6.2 6.6 1.37669e-12
6.4 6.6 6.01006e-12
6.6 6.6 2.42323e-11
6.8 6.6 9.02339e-11
7 6.6 3.10309e-10
7.2 6.6 9.85501e-10
7.4 6.6 2.89034e-09
7.6 6.6 7.82819e-09
7.8 6.6 1.95788e-08
8 6.6 4.52184e-08
8.2 6.6 9.64368e-08
8.4 6.6 1.89916e-07
8.6 6.6 3.45357e-07
8.8 6.6 5.79904e-07
9 6.6 8.99129e-07
9.2 6.6 1.28725e-06
9.4 6.6 1.70167e-06
9.6 6.6 2.07709e-06
9.8 6.6 2.34102e-06
10 6.6 2.43625e-06
10.2 6.6 2.34102e-06
10.4 6.6 2.07709e-06
10.6 6.6 1.70167e-06
10.8 6.6 1.28725e-06
11 6.6 8.99129e-07
11.2 6.6 5.79904e-07
11.4 6.6 3.45357e-07
11.6 6.6 1.89916e-07
11.8 6.6 9.64368e-08
12 6.6 4.52184e-08
12.2 6.6 1.95788e-08
12.4 6.6 7.82819e-09
12.6 6.6 2.89034e-09
12.8 6.6 9.85501e-10
13 6.6 3.10309e-10
13.2 6.6 9.02339e-11
13.4 6.6 2.42323e-11
13.6 6.6 6.01006e-12
13.8 6.6 1.37669e-12
14 6.6 2.91256e-13
14.2 6.6 5.69131e-14
14.4 6.6 1.02721e-14
14.6 6.6 1.71251e-15
14.8 6.6 2.63028e-16
5.2 6.8 9.79728e-16
5.4 6.8 6.37853e-15
5.6 6.8 3.82582e-14
5.8 6.8 2.11961e-13
6 6.8 1.08468e-12
6.2 6.8 5.12675e-12
6.4 6.8 2.23805e-11
6.6 6.8 9.02339e-11
6.8 6.8 3.35994e-10
7 6.8 1.15543e-09
7.2 6.8 3.66939e-09
7.4 6.8 1.07616e-08
7.6 6.8 2.91459e-08
7.8 6.8 7.28943e-08
8 6.8 1.68351e-07
8.2 6.8 3.59034e-07
8.4 6.8 7.07047e-07
8.6 6.8 1.28573e-06
8.8 6.8 2.1589e-06
9 6.8 3.3473e-06
9.2 6.8 4.79216e-06
9.4 6.8 6.33492e-06
9.6 6.8 7.73251e-06
9.8 6.8 8.71504e-06
10 6.8 9.06954e-06
10.2 6.8 8.71504e-06
10.4 6.8 7.73251e-06
10.6 6.8 6.33492e-06
10.8 6.8 4.79216e-06
11 6.8 3.3473e-06
11.2 6.8 2.1589e-06
11.4 6.8 1.28573e-06
11.6 6.8 7.07047e-07
11.8 6.8 3.59034e-07
12 6.8 1.68351e-07
12.2 6.8 7.28943e-08
12.4 6.8 2.91459e-08
12.6 6.8 1.07616e-08
12.8 6.8 3.66939e-09
13 6.8 1.15543e-09
13.2 6.8 3.35994e-10
13.4 6.8 9.02339e-11
13.6 6.8 2.23805e-11
13.8 6.8 5.12675e-12
14 6.8 1.08468e-12
14.2 6.8 2.11961e-13
14.4 6.8 3.82582e-14
14.6 6.8 6.37853e-15
14.8 6.8 9.79728e-16
5.2 7 3.37014e-15
5.4 7 2.19405e-14
5.6 7 1.31592e-13
5.8 7 7.29027e-13
6 7 3.73052e-12
6.2 7 1.76317e-11
6.4 7 7.69675e-11
6.6 7 3.10309e-10
6.8 7 1.15543e-09
7 7 3.97321e-09
7.2 7 1.26178e-08
7.4 7 3.70044e-08
7.6 7 1.00218e-07
7.8 7 2.50643e-07
8 7 5.78854e-07
8.2 7 1.23448e-06
8.4 7 2.43103e-06
8.6 7 4.42065e-06
8.8 7 7.42276e-06
9 7 1.15086e-05
9.2 7 1.64762e-05
9.4 7 2.17804e-05
9.6 7 2.65854e-05
9.8 7 2.99634e-05
10 7 3.11822e-05
10.2 7 2.99634e-05
10.4 7 2.65854e-05
10.6 7 2.17804e-05
10.8 7 1.64762e-05
11 7 1.15086e-05
11.2 7 7.42276e-06
11.4 7 4.42065e-06
11.6 7 2.43103e-06
11.8 7 1.23448e-06
12 7 5.78854e-07
12.2 7 2.50643e-07
12.4 7 1.00218e-07
12.6 7 3.70044e-08
12.8 7 1.26178e-08
13 7 3.97321e-09
13.2 7 1.15543e-09
13.4 7 3.10309e-10
13.6 7 7.69675e-11
13.8 7 1.76317e-11
14 7 3.73052e-12
14.2 7 7.29027e-13
14.4 7 1.31592e-13
14.6 7 2.19405e-14
14.8 7 3.37014e-15
5.2 7.2 1.07058e-14
5.4 7.2 6.96953e-14
5.6 7.2 4.17993e-13
5.8 7.2 2.3156e-12
6 7.2 1.18488e-11
6.2 7.2 5.59996e-11
6.4 7.2 2.44446e-10
6.6 7.2 9.85501e-10
6.8 7.2 3.66939e-09
7 7.2 1.26178e-08
7.2 7.2 4.00694e-08
7.4 7.2 1.1751e-07
7.6 7.2 3.18244e-07
7.8 7.2 7.95905e-07
8 7.2 1.8381e-06
8.2 7.2 3.91991e-06
8.4 7.2 7.71931e-06
8.6 7.2 1.40369e-05
8.8 7.2 2.35692e-05
9 7.2 3.65426e-05
9.2 7.2 5.23156e-05
9.4 7.2 6.91571e-05
9.6 7.2 8.44138e-05
9.8 7.2 9.51394e-05
10 7.2 9.90093e-05
10.2 7.2 9.51394e-05
10.4 7.2 8.44138e-05
10.6 7.2 6.91571e-05
10.8 7.2 5.23156e-05
11 7.2 3.65426e-05
11.2 7.2 2.35692e-05
11.4 7.2 1.40369e-05
11.6 7.2 7.71931e-06
11.8 7.2 3.91991e-06
12 7.2 1.8381e-06
12.2 7.2 7.95905e-07
12.4 7.2 3.18244e-07
12.6 7.2 1.1751e-07
12.8 7.2 4.00694e-08
13 7.2 1.26178e-08
13.2 7.2 3.66939e-09
13.4 7.2 9.85501e-10
13.6 7.2 2.44446e-10
13.8 7.2 5.59996e-11
14 7.2 1.18488e-11
14.2 7.2 2.3156e-12
14.4 7.2 4.17993e-13
14.6 7.2 6.96953e-14
14.8 7.2 1.07058e-14
5.2 7.4 3.14057e-14
5.4 7.4 2.04447e-13
5.6 7.4 1.22611e-12
5.8 7.4 6.79217e-12
6 7.4 3.47539e-11
6.2 7.4 1.64248e-10
6.4 7.4 7.16947e-10
6.6 7.4 2.89034e-09
6.8 7.4 1.07616e-08
7 7.4 3.70044e-08
7.2 7.4 1.1751e-07
7.4 7.4 3.44611e-07
7.6 7.4 9.3327e-07
7.8 7.4 2.334e-06
8 7.4 5.39017e-06
8.2 7.4 1.14949e-05
8.4 7.4 2.26361e-05
8.6 7.4 4.11613e-05
8.8 7.4 6.91132e-05
9 7.4 0.000107155
9.2 7.4 0.000153406
9.4 7.4 0.00020279
9.6 7.4 0.000247526
9.8 7.4 0.000278976
10 7.4 0.000290324
10.2 7.4 0.000278976
10.4 7.4 0.000247526
10.6 7.4 0.00020279
10.8 7.4 0.000153406
11 7.4 0.000107155
11.2 7.4 6.91132e-05
11.4 7.4 4.11613e-05
11.6 7.4 2.26361e-05
11.8 7.4 1.14949e-05
12 7.4 5.39017e-06
12.2 7.4 2.334e-06
12.4 7.4 9.3327e-07
12.6 7.4 3.44611e-07
12.8 7.4 1.1751e-07
13 7.4 3.70044e-08
13.2 7.4 1.07616e-08
13.4 7.4 2.89034e-09
13.6 7.4 7.16947e-10
13.8 7.4 1.64248e-10
14 7.4 3.47539e-11
14.2 7.4 6.79217e-12
14.4 7.4 1.22611e-12
14.6 7.4 2.04447e-13
14.8 7.4 3.14057e-14
5.2 7.6 8.50766e-14
5.4 7.6 5.53823e-13
5.6 7.6 3.32127e-12
5.8 7.6 1.83979e-11
6 7.6 9.41349e-11
6.2 7.6 4.44873e-10
6.4 7.6 1.94182e-09
6.6 7.6 7.82819e-09
6.8 7.6 2.91459e-08
7 7.6 1.00218e-07
7.2 7.6 3.18244e-07
7.4 7.6 9.3327e-07
7.6 7.6 2.52743e-06
7.8 7.6 6.32071e-06
8 7.6 1.45969e-05
8.2 7.6 3.11286e-05
8.4 7.6 6.12989e-05
8.6 7.6 0.000111464
8.8 7.6 0.000187156
9 7.6 0.000290171
9.2 7.6 0.000415413
9.4 7.6 0.000549139
9.6 7.6 0.00067028
9.8 7.6 0.000755443
10 7.6 0.00078617
10.2 7.6 0.000755443
10.4 7.6 0.00067028
10.6 7.6 0.000549139
10.8 7.6 0.000415413
11 7.6 0.000290171
11.2 7.6 0.000187156
11.4 7.6 0.000111464
11.6 7.6 6.12989e-05
11.8 7.6 3.11286e-05
12 7.6 1.45969e-05
12.2 7.6 6.32071e-06
12.4 7.6 2.52743e-06
12.6 7.6 9.3327e-07
12.8 7.6 3.18244e-07
13 7.6 1.00218e-07
13.2 7.6 2.91459e-08
13.4 7.6 7.82819e-09
13.6 7.6 1.94182e-09
13.8 7.6 4.44873e-10
14 7.6 9.41349e-11
14.2 7.6 1.83979e-11
14.4 7.6 3.32127e-12
14.6 7.6 5.53823e-13
14.8 7.6 8.50766e-14
5.2 7.8 2.12821e-13
5.4 7.8 1.38537e-12
5.6 7.8 8.30777e-12
5.8 7.8 4.60189e-11
6 7.8 2.35454e-10
6.2 7.8 1.11271e-09
6.4 7.8 4.85673e-09
6.6 7.8 1.95788e-08
6.8 7.8 7.28943e-08
7 7.8 2.50643e-07
7.2 7.8 7.95905e-07
7.4 7.8 2.334e-06
7.6 7.8 6.32071e-06
7.8 7.8 1.58069e-05
8 7.8 3.65038e-05
8.2 7.8 7.78452e-05
8.4 7.8 0.000153293
8.6 7.8 0.000278741
8.8 7.8 0.000468022
9 7.8 0.000725626
9.2 7.8 0.00103881
9.4 7.8 0.00137321
9.6 7.8 0.00167614
9.8 7.8 0.0018891
10 7.8 0.00196594
10.2 7.8 0.0018891
10.4 7.8 0.00167614
10.6 7.8 0.00137321
10.8 7.8 0.00103881
11 7.8 0.000725626
11.2 7.8 0.000468022
11.4 7.8 0.000278741
11.6 7.8 0.000153293
11.8 7.8 7.78452e-05
12 7.8 3.65038e-05
12.2 7.8 1.58069e-05
12.4 7.8 6.32071e-06
12.6 7.8 2.334e-06
12.8 7.8 7.95905e-07
13 7.8 2.50643e-07
13.2 7.8 7.28943e-08
13.4 7.8 1.95788e-08
13.6 7.8 4.85673e-09
13.8 7.8 1.11271e-09
14 7.8 2.35454e-10
14.2 7.8 4.60189e-11
14.4 7.8 8.30777e-12
14.6 7.8 1.38537e-12
14.8 7.8 2.12821e-13
5.2 8 4.91606e-13
5.4 8 3.20005e-12
5.6 8 1.91895e-11
5.8 8 1.06293e-10
6 8 5.43831e-10
6.2 8 2.56997e-09
6.4 8 1.12171e-08
6.6 8 4.52184e-08
6.8 8 1.68351e-07
7 8 5.78854e-07
7.2 8 1.8381e-06
7.4 8 5.39017e-06
7.6 8 1.45969e-05
7.8 8 3.65038e-05
8 8 8.42995e-05
8.2 8 0.000179769
8.4 8 0.000353997
8.6 8 0.00064369
8.8 8 0.00108079
9 8 0.00167565
9.2 8 0.00239887
9.4 8 0.00317107
9.6 8 0.0038706
9.8 8 0.00436237
10 8 0.0045398
10.2 8 0.00436237
10.4 8 0.0038706
10.6 8 0.00317107
10.8 8 0.00239887
11 8 0.00167565
11.2 8 0.00108079
11.4 8 0.00064369
11.6 8 0.000353997
11.8 8 0.000179769
12 8 8.42995e-05
12.2 8 3.65038e-05
12.4 8 1.45969e-05
12.6 8 5.39017e-06
12.8 8 1.8381e-06
13 8 5.78854e-07
13.2 8 1.68351e-07
13.4 8 4.52184e-08
13.6 8 1.12171e-08
13.8 8 2.56997e-09
14 8 5.43831e-10
14.2 8 1.06293e-10
14.4 8 1.91895e-11
14.6 8 3.20005e-12
14.8 8 4.91606e-13
5.2 8.2 1.0486e-12
5.4 8.2 6.82559e-12
5.6 8.2 4.09295e-11
5.8 8.2 2.26708e-10
6 8.2 1.15989e-09
6.2 8.2 5.48114e-09
6.4 8.2 2.39231e-08
6.6 8.2 9.64368e-08
6.8 8.2 3.59034e-07
7 8.2 1.23448e-06
7.2 8.2 3.91991e-06
7.4 8.2 1.14949e-05
7.6 8.2 3.11286e-05
7.8 8.2 7.78452e-05
8 8.2 0.000179769
8.2 8.2 0.000383354
8.4 8.2 0.000754888
8.6 8.2 0.00137264
8.8 8.2 0.00230471
9 8.2 0.00357322
9.2 8.2 0.00511542
9.4 8.2 0.00676206
9.6 8.2 0.00825373
9.8 8.2 0.00930237
10 8.2 0.00968073
10.2 8.2 0.00930237
10.4 8.2 0.00825373
10.6 8.2 0.00676206
10.8 8.2 0.00511542
11 8.2 0.00357322
11.2 8.2 0.00230471
11.4 8.2 0.00137264
11.6 8.2 0.000754888
11.8 8.2 0.000383354
12 8.2 0.000179769
12.2 8.2 7.78452e-05
12.4 8.2 3.11286e-05
12.6 8.2 1.14949e-05
12.8 8.2 3.91991e-06
13 8.2 1.23448e-06
13.2 8.2 3.59034e-07
13.4 8.2 9.64368e-08
13.6 8.2 2.39231e-08
13.8 8.2 5.48114e-09
14 8.2 1.15989e-09
14.2 8.2 2.26708e-10
14.4 8.2 4.09295e-11
14.6 8.2 6.82559e-12
14.8 8.2 1.0486e-12
5.2 8.4 2.06531e-12
5.4 8.4 1.34434e-11
5.6 8.4 8.06112e-11
5.8 8.4 4.46495e-10
6 8.4 2.28432e-09
6.2 8.4 1.07945e-08
6.4 8.4 4.71133e-08
6.6 8.4 1.89916e-07
6.8 8.4 7.07047e-07
7 8.4 2.43103e-06
7.2 8.4 7.71931e-06
7.4 8.4 2.26361e-05
7.6 8.4 6.12989e-05
7.8 8.4 0.000153293
8 8.4 0.000353997
8.2 8.4 0.000754888
8.4 8.4 0.00148649
8.6 8.4 0.00270292
8.8 8.4 0.00453829
9 8.4 0.00703612
9.2 8.4 0.0100729
9.4 8.4 0.0133153
9.6 8.4 0.0162525
9.8 8.4 0.0183174
10 8.4 0.0190624
10.2 8.4 0.0183174
10.4 8.4 0.0162525
10.6 8.4 0.0133153
10.8 8.4 0.0100729
11 8.4 0.00703612
11.2 8.4 0.00453829
11.4 8.4 0.00270292
11.6 8.4 0.00148649
11.8 8.4 0.000754888
12 8.4 0.000353997
12.2 8.4 0.000153293
12.4 8.4 6.12989e-05
12.6 8.4 2.26361e-05
12.8 8.4 7.71931e-06
13 8.4 2.43103e-06
13.2 8.4 7.07047e-07
13.4 8.4 1.89916e-07
13.6 8.4 4.71133e-08
13.8 8.4 1.07945e-08
14 8.4 2.28432e-09
14.2 8.4 4.46495e-10
14.4 8.4 8.06112e-11
14.6 8.4 1.34434e-11
14.8 8.4 2.06531e-12
5.2 8.6 3.75613e-12
5.4 8.6 2.44488e-11
5.6 8.6 1.46601e-10
5.8 8.6 8.11986e-10
6 8.6 4.15415e-09
6.2 8.6 1.96301e-08
6.4 8.6 8.56752e-08
6.6 8.6 3.45357e-07
6.8 8.6 1.28573e-06
7 8.6 4.42065e-06
7.2 8.6 1.40369e-05
7.4 8.6 4.11613e-05
7.6 8.6 0.000111464
7.8 8.6 0.000278741
8 8.6 0.00064369
8.2 8.6 0.00137264
8.4 8.6 0.00270292
8.6 8.6 0.00491477
8.8 8.6 0.00825201
9 8.6 0.0127938
9.2 8.6 0.0183155
9.4 8.6 0.0242111
9.6 8.6 0.0295518
9.8 8.6 0.0333063
10 8.6 0.0346609
10.2 8.6 0.0333063
10.4 8.6 0.0295518
10.6 8.6 0.0242111
10.8 8.6 0.0183155
11 8.6 0.0127938
11.2 8.6 0.00825201
11.4 8.6 0.00491477
11.6 8.6 0.00270292
11.8 8.6 0.00137264
12 8.6 0.00064369
12.2 8.6 0.000278741
12.4 8.6 0.000111464
12.6 8.6 4.11613e-05
12.8 8.6 1.40369e-05
13 8.6 4.42065e-06
13.2 8.6 1.28573e-06
13.4 8.6 3.45357e-07
13.6 8.6 8.56752e-08
13.8 8.6 1.96301e-08
14 8.6 4.15415e-09
14.2 8.6 8.11986e-10
14.4 8.6 1.46601e-10
14.6 8.6 2.44488e-11
14.8 8.6 3.75613e-12
5.2 8.8 6.3077e-12
5.4 8.8 4.10566e-11
5.6 8.8 2.4618e-10
5.8 8.8 1.36351e-09
6 8.8 6.97568e-09
6.2 8.8 3.29625e-08
6.4 8.8 1.43863e-07
6.6 8.8 5.79904e-07
6.8 8.8 2.1589e-06
7 8.8 7.42276e-06
7.2 8.8 2.35692e-05
7.4 8.8 6.91132e-05
7.6 8.8 0.000187156
7.8 8.8 0.000468022
8 8.8 0.00108079
8.2 8.8 0.00230471
8.4 8.8 0.00453829
8.6 8.8 0.00825201
8.8 8.8 0.0138553
9 8.8 0.0214809
9.2 8.8 0.0307518
9.4 8.8 0.0406505
9.6 8.8 0.0496175
9.8 8.8 0.0559213
10 8.8 0.0581958
10.2 8.8 0.0559213
10.4 8.8 0.0496175
10.6 8.8 0.0406505
10.8 8.8 0.0307518
11 8.8 0.0214809
11.2 8.8 0.0138553
11.4 8.8 0.00825201
11.6 8.8 0.00453829
11.8 8.8 0.00230471
12 8.8 0.00108079
12.2 8.8 0.000468022
12.4 8.8 0.000187156
12.6 8.8 6.91132e-05
12.8 8.8 2.35692e-05
13 8.8 7.42276e-06
13.2 8.8 2.1589e-06
13.4 8.8 5.79904e-07
13.6 8.8 1.43863e-07
13.8 8.8 3.29625e-08
14 8.8 6.97568e-09
14.2 8.8 1.36351e-09
14.4 8.8 2.4618e-10
14.6 8.8 4.10566e-11
14.8 8.8 6.3077e-12
5.2 9 9.78076e-12
5.4 9 6.36619e-11
5.6 9 3.81719e-10
5.8 9 2.11419e-09
6 9 1.0816e-08
6.2 9 5.11088e-08
6.4 9 2.23058e-07
6.6 9 8.99129e-07
6.8 9 3.3473e-06
7 9 1.15086e-05
7.2 9 3.65426e-05
7.4 9 0.000107155
7.6 9 0.000290171
7.8 9 0.000725626
8 9 0.00167565
8.2 9 0.00357322
8.4 9 0.00703612
8.6 9 0.0127938
8.8 9 0.0214809
9 9 0.0333035
9.2 9 0.0476768
9.4 9 0.0630233
9.6 9 0.0769255
9.8 9 0.0866986
10 9 0.0902248
10.2 9 0.0866986
10.4 9 0.0769255
10.6 9 0.0630233
10.8 9 0.0476768
11 9 0.0333035
11.2 9 0.0214809
11.4 9 0.0127938
11.6 9 0.00703612
11.8 9 0.00357322
12 9 0.00167565
12.2 9 0.000725626
12.4 9 0.000290171
12.6 9 0.000107155
12.8 9 3.65426e-05
13 9 1.15086e-05
13.2 9 3.3473e-06
13.4 9 8.99129e-07
13.6 9 2.23058e-07
13.8 9 5.11088e-08
14 9 1.0816e-08
14.2 9 2.11419e-09
14.4 9 3.81719e-10
14.6 9 6.36619e-11
14.8 9 9.78076e-12
5.2 9.2 1.40037e-11
5.4 9.2 9.11475e-11
5.6 9.2 5.46517e-10
5.8 9.2 3.02691e-09
6 9.2 1.54852e-08
6.2 9.2 7.31716e-08
6.4 9.2 3.19346e-07
6.6 9.2 1.28725e-06
6.8 9.2 4.79216e-06
7 9.2 1.64762e-05
7.2 9.2 5.23156e-05
7.4 9.2 0.000153406
7.6 9.2 0.000415413
7.8 9.2 0.00103881
8 9.2 0.00239887
8.2 9.2 0.00511542
8.4 9.2 0.0100729
8.6 9.2 0.0183155
8.8 9.2 0.0307518
9 9.2 0.0476768
9.2 9.2 0.0682533
9.4 9.2 0.090223
9.6 9.2 0.110125
9.8 9.2 0.124116
10 9.2 0.129164
10.2 9.2 0.124116
10.4 9.2 0.110125
10.6 9.2 0.090223
10.8 9.2 0.0682533
11 9.2 0.0476768
11.2 9.2 0.0307518
11.4 9.2 0.0183155
11.6 9.2 0.0100729
11.8 9.2 0.00511542
12 9.2 0.00239887
12.2 9.2 0.00103881
12.4 9.2 0.000415413
12.6 9.2 0.000153406
12.8 9.2 5.23156e-05
13 9.2 1.64762e-05
13.2 9.2 4.79216e-06
13.4 9.2 1.28725e-06
13.6 9.2 3.19346e-07
13.8 9.2 7.31716e-08
14 9.2 1.54852e-08
14.2 9.2 3.02691e-09
14.4 9.2 5.46517e-10
14.6 9.2 9.11475e-11
14.8 9.2 1.40037e-11
5.2 9.4 1.8513e-11
5.4 9.4 1.20497e-10
5.6 9.4 7.22489e-10
5.8 9.4 4.00151e-09
6 9.4 2.0471e-08
6.2 9.4 9.67298e-08
6.4 9.4 4.22159e-07
6.6 9.4 1.70167e-06
6.8 9.4 6.33492e-06
7 9.4 2.17804e-05
7.2 9.4 6.91571e-05
7.4 9.4 0.00020279
7.6 9.4 0.000549139
7.8 9.4 0.00137321
8 9.4 0.00317107
8.2 9.4 0.00676206
8.4 9.4 0.0133153
8.6 9.4 0.0242111
8.8 9.4 0.0406505
9 9.4 0.0630233
9.2 9.4 0.090223
9.4 9.4 0.119264
9.6 9.4 0.145572
9.8 9.4 0.164066
10 9.4 0.170739
10.2 9.4 0.164066
10.4 9.4 0.145572
10.6 9.4 0.119264
10.8 9.4 0.090223
11 9.4 0.0630233
11.2 9.4 0.0406505
11.4 9.4 0.0242111
11.6 9.4 0.0133153
11.8 9.4 0.00676206
12 9.4 0.00317107
12.2 9.4 0.00137321
12.4 9.4 0.000549139
12.6 9.4 0.00020279
12.8 9.4 6.91571e-05
13 9.4 2.17804e-05
13.2 9.4 6.33492e-06
13.4 9.4 1.70167e-06
13.6 9.4 4.22159e-07
13.8 9.4 9.67298e-08
14 9.4 2.0471e-08
14.2 9.4 4.00151e-09
14.4 9.4 7.22489e-10
14.6 9.4 1.20497e-10
14.8 9.4 1.8513e-11
5.2 9.6 2.25982e-11
5.4 9.6 1.47086e-10
5.6 9.6 8.8191e-10
5.8 9.6 4.88443e-09
6 9.6 2.49877e-08
6.2 9.6 1.18072e-07
6.4 9.6 5.153e-07
6.6 9.6 2.07709e-06
6.8 9.6 7.73251e-06
7 9.6 2.65854e-05
7.2 9.6 8.44138e-05
7.4 9.6 0.000247526
7.6 9.6 0.00067028
7.8 9.6 0.00167614
8 9.6 0.0038706
8.2 9.6 0.00825373
8.4 9.6 0.0162525
8.6 9.6 0.0295518
8.8 9.6 0.0496175
9 9.6 0.0769255
9.2 9.6 0.110125
9.4 9.6 0.145572
9.6 9.6 0.177683
9.8 9.6 0.200257
10 9.6 0.208402
10.2 9.6 0.200257
10.4 9.6 0.177683
10.6 9.6 0.145572
10.8 9.6 0.110125
11 9.6 0.0769255
11.2 9.6 0.0496175
11.4 9.6 0.0295518
11.6 9.6 0.0162525
11.8 9.6 0.00825373
12 9.6 0.0038706
12.2 9.6 0.00167614
12.4 9.6 0.00067028
12.6 9.6 0.000247526
12.8 9.6 8.44138e-05
13 9.6 2.65854e-05
13.2 9.6 7.73251e-06
13.4 9.6 2.07709e-06
13.6 9.6 5.153e-07
13.8 9.6 1.18072e-07
14 9.6 2.49877e-08
14.2 9.6 4.88443e-09
14.4 9.6 8.8191e-10
14.6 9.6 1.47086e-10
14.8 9.6 2.25982e-11
5.2 9.8 2.54702e-11
5.4 9.8 1.65779e-10
5.6 9.8 9.93986e-10
5.8 9.8 5.50514e-09
6 9.8 2.8163e-08
6.2 9.8 1.33075e-07
6.4 9.8 5.80779e-07
6.6 9.8 2.34102e-06
6.8 9.8 8.71504e-06
7 9.8 2.99634e-05
7.2 9.8 9.51394e-05
7.4 9.8 0.000278976
7.6 9.8 0.000755443
7.8 9.8 0.0018891
8 9.8 0.00436237
8.2 9.8 0.00930237
8.4 9.8 0.0183174
8.6 9.8 0.0333063
8.8 9.8 0.0559213
9 9.8 0.0866986
9.2 9.8 0.124116
9.4 9.8 0.164066
9.6 9.8 0.200257
9.8 9.8 0.225699
10 9.8 0.234878
10.2 9.8 0.225699
10.4 9.8 0.200257
10.6 9.8 0.164066
10.8 9.8 0.124116
11 9.8 0.0866986
11.2 9.8 0.0559213
11.4 9.8 0.0333063
11.6 9.8 0.0183174
11.8 9.8 0.00930237
12 9.8 0.00436237
12.2 9.8 0.0018891
12.4 9.8 0.000755443
12.6 9.8 0.000278976
12.8 9.8 9.51394e-05
13 9.8 2.99634e-05
13.2 9.8 8.71504e-06
13.4 9.8 2.34102e-06
13.6 9.8 5.80779e-07
13.8 9.8 1.33075e-07
14 9.8 2.8163e-08
14.2 9.8 5.50514e-09
14.4 9.8 9.93986e-10
14.6 9.8 1.65779e-10
14.8 9.8 2.54702e-11
5.2 10 2.65065e-11
5.4 10 1.72524e-10
5.6 10 1.03442e-09
5.8 10 5.7291e-09
6 10 2.93087e-08
6.2 10 1.38489e-07
6.4 10 6.04404e-07
6.6 10 2.43625e-06
6.8 10 9.06954e-06
7 10 3.11822e-05
7.2 10 9.90093e-05
7.4 10 0.000290324
7.6 10 0.00078617
7.8 10 0.00196594
8 10 0.0045398
8.2 10 0.00968073
8.4 10 0.0190624
8.6 10 0.0346609
8.8 10 0.0581958
9 10 0.0902248
9.2 10 0.129164
9.4 10 0.170739
9.6 10 0.208402
9.8 10 0.234878
10 10 0.244431
10.2 10 0.234878
10.4 10 0.208402
10.6 10 0.170739
10.8 10 0.129164
11 10 0.0902248
11.2 10 0.0581958
11.4 10 0.0346609
11.6 10 0.0190624
11.8 10 0.00968073
12 10 0.0045398
12.2 10 0.00196594
12.4 10 0.00078617
12.6 10 0.000290324
12.8 10 9.90093e-05
13 10 3.11822e-05
13.2 10 9.06954e-06
13.4 10 2.43625e-06
13.6 10 6.04404e-07
13.8 10 1.38489e-07
14 10 2.93087e-08
14.2 10 5.7291e-09
14.4 10 1.03442e-09
14.6 10 1.72524e-10
14.8 10 2.65065e-11
5.2 10.2 2.54702e-11
5.4 10.2 1.65779e-10
5.6 10.2 9.93986e-10
5.8 10.2 5.50514e-09
6 10.2 2.8163e-08
6.2 10.2 1.33075e-07
6.4 10.2 5.80779e-07
6.6 10.2 2.34102e-06
6.8 10.2 8.71504e-06
7 10.2 2.99634e-05
7.2 10.2 9.51394e-05
7.4 10.2 0.000278976
7.6 10.2 0.000755443
7.8 10.2 0.0018891
8 10.2 0.00436237
8.2 10.2 0.00930237
8.4 10.2 0.0183174
8.6 10.2 0.0333063
8.8 10.2 0.0559213
9 10.2 0.0866986
9.2 10.2 0.124116
9.4 10.2 0.164066
9.6 10.2 0.200257
9.8 10.2 0.225699
10 10.2 0.234878
10.2 10.2 0.225699
10.4 10.2 0.200257
10.6 10.2 0.164066
10.8 10.2 0.124116
11 10.2 0.0866986
11.2 10.2 0.0559213
11.4 10.2 0.0333063
11.6 10.2 0.0183174
11.8 10.2 0.00930237
12 10.2 0.00436237
12.2 10.2 0.0018891
12.4 10.2 0.000755443
12.6 10.2 0.000278976
12.8 10.2 9.51394e-05
13 10.2 2.99634e-05
13.2 10.2 8.71504e-06
13.4 10.2 2.34102e-06
13.6 10.2 5.80779e-07
13.8 10.2 1.33075e-07
14 10.2 2.8163e-08
14.2 10.2 5.50514e-09
14.4 10.2 9.93986e-10
14.6 10.2 1.65779e-10
14.8 10.2 2.54702e-11
5.2 10.4 2.25982e-11
5.4 10.4 1.47086e-10
5.6 10.4 8.8191e-10
5.8 10.4 4.88443e-09
6 10.4 2.49877e-08
6.2 10.4 1.18072e-07
6.4 10.4 5.153e-07
6.6 10.4 2.07709e-06
6.8 10.4 7.73251e-06
7 10.4 2.65854e-05
7.2 10.4 8.44138e-05
7.4 10.4 0.000247526
7.6 10.4 0.00067028
7.8 10.4 0.00167614
8 10.4 0.0038706
8.2 10.4 0.00825373
8.4 10.4 0.0162525
8.6 10.4 0.0295518
8.8 10.4 0.0496175
9 10.4 0.0769255
9.2 10.4 0.110125
9.4 10.4 0.145572
9.6 10.4 0.177683
9.8 10.4 0.200257
10 10.4 0.208402
10.2 10.4 0.200257
10.4 10.4 0.177683
10.6 10.4 0.145572
10.8 10.4 0.110125
11 10.4 0.0769255
11.2 10.4 0.0496175
11.4 10.4 0.0295518
11.6 10.4 0.0162525
11.8 10.4 0.00825373
12 10.4 0.0038706
12.2 10.4 0.00167614
12.4 10.4 0.00067028
12.6 10.4 0.000247526
12.8 10.4 8.44138e-05
13 10.4 2.65854e-05
13.2 10.4 7.73251e-06
13.4 10.4 2.07709e-06
13.6 10.4 5.153e-07
13.8 10.4 1.18072e-07
14 10.4 2.49877e-08
14.2 10.4 4.88443e-09
14.4 10.4 8.8191e-10
14.6 10.4 1.47086e-10
14.8 10.4 2.25982e-11
5.2 10.6 1.8513e-11
5.4 10.6 1.20497e-10
5.6 10.6 7.22489e-10
5.8 10.6 4.00151e-09
6 10.6 2.0471e-08
6.2 10.6 9.67298e-08
6.4 10.6 4.22159e-07
6.6 10.6 1.70167e-06
6.8 10.6 6.33492e-06
7 10.6 2.17804e-05
7.2 10.6 6.91571e-05
7.4 10.6 0.00020279
7.6 10.6 0.000549139
7.8 10.6 0.00137321
8 10.6 0.00317107
8.2 10.6 0.00676206
8.4 10.6 0.0133153
8.6 10.6 0.0242111
8.8 10.6 0.0406505
9 10.6 0.0630233
9.2 10.6 0.090223
9.4 10.6 0.119264
9.6 10.6 0.145572
9.8 10.6 0.164066
10 10.6 0.170739
10.2 10.6 0.164066
10.4 10.6 0.145572
10.6 10.6 0.119264
10.8 10.6 0.090223
11 10.6 0.0630233
11.2 10.6 0.0406505
11.4 10.6 0.0242111
11.6 10.6 0.0133153
11.8 10.6 0.00676206
12 10.6 0.00317107
12.2 10.6 0.00137321
12.4 10.6 0.000549139
12.6 10.6 0.00020279
12.8 10.6 6.91571e-05
13 10.6 2.17804e-05
13.2 10.6 6.33492e-06
13.4 10.6 1.70167e-06
13.6 10.6 4.22159e-07
13.8 10.6 9.67298e-08
14 10.6 2.0471e-08
14.2 10.6 4.00151e-09
14.4 10.6 7.22489e-10
14.6 10.6 1.20497e-10
14.8 10.6 1.8513e-11
5.2 10.8 1.40037e-11
5.4 10.8 9.11475e-11
5.6 10.8 5.46517e-10
5.8 10.8 3.02691e-09
6 10.8 1.54852e-08
6.2 10.8 7.31716e-08
6.4 10.8 3.19346e-07
6.6 10.8 1.28725e-06
6.8 10.8 4.79216e-06
7 10.8 1.64762e-05
7.2 10.8 5.23156e-05
7.4 10.8 0.000153406
7.6 10.8 0.000415413
7.8 10.8 0.00103881
8 10.8 0.00239887
8.2 10.8 0.00511542
8.4 10.8 0.0100729
8.6 10.8 0.0183155
8.8 10.8 0.0307518
9 10.8 0.0476768
9.2 10.8 0.0682533
9.4 10.8 0.090223
9.6 10.8 0.110125
9.8 10.8 0.124116
10 10.8 0.129164
10.2 10.8 0.124116
10.4 10.8 0.110125
10.6 10.8 0.090223
10.8 10.8 0.0682533
11 10.8 0.0476768
11.2 10.8 0.0307518
11.4 10.8 0.0183155
11.6 10.8 0.0100729
11.8 10.8 0.00511542
12 10.8 0.00239887
12.2 10.8 0.00103881
12.4 10.8 0.000415413
12.6 10.8 0.000153406
12.8 10.8 5.23156e-05
13 10.8 1.64762e-05
13.2 10.8 4.79216e-06
13.4 10.8 1.28725e-06
13.6 10.8 3.19346e-07
13.8 10.8 7.31716e-08
14 10.8 1.54852e-08
14.2 10.8 3.02691e-09
14.4 10.8 5.46517e-10
14.6 10.8 9.11475e-11
14.8 10.8 1.40037e-11
5.2 11 9.78076e-12
5.4 11 6.36619e-11
5.6 11 3.81719e-10
5.8 11 2.11419e-09
6 11 1.0816e-08
6.2 11 5.11088e-08
6.4 11 2.23058e-07
6.6 11 8.99129e-07
6.8 11 3.3473e-06
7 11 1.15086e-05
7.2 11 3.65426e-05
7.4 11 0.000107155
7.6 11 0.000290171
7.8 11 0.000725626
8 11 0.00167565
8.2 11 0.00357322
8.4 11 0.00703612
8.6 11 0.0127938
8.8 11 0.0214809
9 11 0.0333035
9.2 11 0.0476768
9.4 11 0.0630233
9.6 11 0.0769255
9.8 11 0.0866986
10 11 0.0902248
10.2 11 0.0866986
10.4 11 0.0769255
10.6 11 0.0630233
10.8 11 0.0476768
11 11 0.0333035
11.2 11 0.0214809
11.4 11 0.0127938
11.6 11 0.00703612
11.8 11 0.00357322
12 11 0.00167565
12.2 11 0.000725626
12.4 11 0.000290171
12.6 11 0.000107155
12.8 11 3.65426e-05
13 11 1.15086e-05
13.2 11 3.3473e-06
13.4 11 8.99129e-07
13.6 11 2.23058e-07
13.8 11 5.11088e-08
14 11 1.0816e-08
14.2 11 2.11419e-09
14.4 11 3.81719e-10
14.6 11 6.36619e-11
14.8 11 9.78076e-12
5.2 11.2 6.3077e-12
5.4 11.2 4.10566e-11
5.6 11.2 2.4618e-10
5.8 11.2 1.36351e-09
6 11.2 6.97568e-09
6.2 11.2 3.29625e-08
6.4 11.2 1.43863e-07
6.6 11.2 5.79904e-07
6.8 11.2 2.1589e-06
7 11.2 7.42276e-06
7.2 11.2 2.35692e-05
7.4 11.2 6.91132e-05
7.6 11.2 0.000187156
7.8 11.2 0.000468022
8 11.2 0.00108079
8.2 11.2 0.00230471
8.4 11.2 0.00453829
8.6 11.2 0.00825201
8.8 11.2 0.0138553
9 11.2 0.0214809
9.2 11.2 0.0307518
9.4 11.2 0.0406505
9.6 11.2 0.0496175
9.8 11.2 0.0559213
10 11.2 0.0581958
10.2 11.2 0.0559213
10.4 11.2 0.0496175
10.6 11.2 0.0406505
10.8 11.2 0.0307518
11 11.2 0.0214809
11.2 11.2 0.0138553
11.4 11.2 0.00825201
11.6 11.2 0.00453829
11.8 11.2 0.00230471
12 11.2 0.00108079
12.2 11.2 0.000468022
12.4 11.2 0.000187156
12.6 11.2 6.91132e-05
12.8 11.2 2.35692e-05
13 11.2 7.42276e-06
13.2 11.2 2.1589e-06
13.4 11.2 5.79904e-07
13.6 11.2 1.43863e-07
13.8 11.2 3.29625e-08
14 11.2 6.97568e-09
14.2 11.2 1.36351e-09
14.4 11.2 2.4618e-10
14.6 11.2 4.10566e-11
14.8 11.2 6.3077e-12
5.2 11.4 3.75613e-12
5.4 11.4 2.44488e-11
5.6 11.4 1.46601e-10
5.8 11.4 8.11986e-10
6 11.4 4.15415e-09
6.2 11.4 1.96301e-08
6.4 11.4 8.56752e-08
6.6 11.4 3.45357e-07
6.8 11.4 1.28573e-06
7 11.4 4.42065e-06
7.2 11.4 1.40369e-05
7.4 11.4 4.11613e-05
7.6 11.4 0.000111464
7.8 11.4 0.000278741
8 11.4 0.00064369
8.2 11.4 0.00137264
8.4 11.4 0.00270292
8.6 11.4 0.00491477
8.8 11.4 0.00825201
9 11.4 0.0127938
9.2 11.4 0.0183155
9.4 11.4 0.0242111
9.6 11.4 0.0295518
9.8 11.4 0.0333063
10 11.4 0.0346609
10.2 11.4 0.0333063
10.4 11.4 0.0295518
10.6 11.4 0.0242111
10.8 11.4 0.0183155
11 11.4 0.0127938
11.2 11.4 0.00825201
11.4 11.4 0.00491477
11.6 11.4 0.00270292
11.8 11.4 0.00137264
12 11.4 0.00064369
12.2 11.4 0.000278741
12.4 11.4 0.000111464
12.6 11.4 4.11613e-05
12.8 11.4 1.40369e-05
13 11.4 4.42065e-06
13.2 11.4 1.28573e-06
13.4 11.4 3.45357e-07
13.6 11.4 8.56752e-08
13.8 11.4 1.96301e-08
14 11.4 4.15415e-09
14.2 11.4 8.11986e-10
14.4 11.4 1.46601e-10
14.6 11.4 2.44488e-11
14.8 11.4 3.75613e-12
5.2 11.6 2.06531e-12
5.4 11.6 1.34434e-11
5.6 11.6 8.06112e-11
5.8 11.6 4.46495e-10
6 11.6 2.28432e-09
6.2 11.6 1.07945e-08
6.4 11.6 4.71133e-08
6.6 11.6 1.89916e-07
6.8 11.6 7.07047e-07
7 11.6 2.43103e-06
7.2 11.6 7.71931e-06
7.4 11.6 2.26361e-05
7.6 11.6 6.12989e-05
7.8 11.6 0.000153293
8 11.6 0.000353997
8.2 11.6 0.000754888
8.4 11.6 0.00148649
8.6 11.6 0.00270292
8.8 11.6 0.00453829
9 11.6 0.00703612
9.2 11.6 0.0100729
9.4 11.6 0.0133153
9.6 11.6 0.0162525
9.8 11.6 0.0183174
10 11.6 0.0190624
10.2 11.6 0.0183174
10.4 11.6 0.0162525
10.6 11.6 0.0133153
10.8 11.6 0.0100729
11 11.6 0.00703612
11.2 11.6 0.00453829
11.4 11.6 0.00270292
11.6 11.6 0.00148649
11.8 11.6 0.000754888
12 11.6 0.000353997
12.2 11.6 0.000153293
12.4 11.6 6.12989e-05
12.6 11.6 2.26361e-05
12.8 11.6 7.71931e-06
13 11.6 2.43103e-06
13.2 11.6 7.07047e-07
13.4 11.6 1.89916e-07
13.6 11.6 4.71133e-08
13.8 11.6 1.07945e-08
14 11.6 2.28432e-09
14.2 11.6 4.46495e-10
14.4 11.6 8.06112e-11
14.6 11.6 1.34434e-11
14.8 11.6 2.06531e-12
5.2 11.8 1.0486e-12
5.4 11.8 6.82559e-12
5.6 11.8 4.09295e-11
5.8 11.8 2.26708e-10
6 11.8 1.15989e-09
6.2 11.8 5.48114e-09
6.4 11.8 2.39231e-08
6.6 11.8 9.64368e-08
6.8 11.8 3.59034e-07
7 11.8 1.23448e-06
7.2 11.8 3.91991e-06
7.4 11.8 1.14949e-05
7.6 11.8 3.11286e-05
7.8 11.8 7.78452e-05
8 11.8 0.000179769
8.2 11.8 0.000383354
8.4 11.8 0.000754888
8.6 11.8 0.00137264
8.8 11.8 0.00230471
9 11.8 0.00357322
9.2 11.8 0.00511542
9.4 11.8 0.00676206
9.6 11.8 0.00825373
9.8 11.8 0.00930237
10 11.8 0.00968073
10.2 11.8 0.00930237
10.4 11.8 0.00825373
10.6 11.8 0.00676206
10.8 11.8 0.00511542
11 11.8 0.00357322
11.2 11.8 0.00230471
11.4 11.8 0.00137264
11.6 11.8 0.000754888
11.8 11.8 0.000383354
12 11.8 0.000179769
12.2 11.8 7.78452e-05
12.4 11.8 3.11286e-05
12.6 11.8 1.14949e-05
12.8 11.8 3.91991e-06
13 11.8 1.23448e-06
13.2 11.8 3.59034e-07
13.4 11.8 9.64368e-08
13.6 11.8 2.39231e-08
13.8 11.8 5.48114e-09
14 11.8 1.15989e-09
14.2 11.8 2.26708e-10
14.4 11.8 4.09295e-11
14.6 11.8 6.82559e-12
14.8 11.8 1.0486e-12
5.2 12 4.91606e-13
5.4 12 3.20005e-12
5.6 12 1.91895e-11
5.8 12 1.06293e-10
6 12 5.43831e-10
6.2 12 2.56997e-09
6.4 12 1.12171e-08
6.6 12 4.52184e-08
6.8 12 1.68351e-07
7 12 5.78854e-07
7.2 12 1.8381e-06
7.4 12 5.39017e-06
7.6 12 1.45969e-05
7.8 12 3.65038e-05
8 12 8.42995e-05
8.2 12 0.000179769
8.4 12 0.000353997
8.6 12 0.00064369
8.8 12 0.00108079
9 12 0.00167565
9.2 12 0.00239887
9.4 12 0.00317107
9.6 12 0.0038706
9.8 12 0.00436237
10 12 0.0045398
10.2 12 0.00436237
10.4 12 0.0038706
10.6 12 0.00317107
10.8 12 0.00239887
11 12 0.00167565
11.2 12 0.00108079
11.4 12 0.00064369
11.6 12 0.000353997
11.8 12 0.000179769
12 12 8.42995e-05
12.2 12 3.65038e-05
12.4 12 1.45969e-05
12.6 12 5.39017e-06
12.8 12 1.8381e-06
13 12 5.78854e-07
13.2 12 1.68351e-07
13.4 12 4.52184e-08
13.6 12 1.12171e-08
13.8 12 2.56997e-09
14 12 5.43831e-10
14.2 12 1.06293e-10
14.4 12 1.91895e-11
14.6 12 3.20005e-12
14.8 12 4.91606e-13
5.2 12.2 2.12821e-13
5.4 12.2 1.38537e-12
5.6 12.2 8.30777e-12
5.8 12.2 4.60189e-11
6 12.2 2.35454e-10
6.2 12.2 1.11271e-09
6.4 12.2 4.85673e-09
6.6 12.2 1.95788e-08
6.8 12.2 7.28943e-08
7 12.2 2.50643e-07
7.2 12.2 7.95905e-07
7.4 12.2 2.334e-06
7.6 12.2 6.32071e-06
7.8 12.2 1.58069e-05
8 12.2 3.65038e-05
8.2 12.2 7.78452e-05
8.4 12.2 0.000153293
8.6 12.2 0.000278741
8.8 12.2 0.000468022
9 12.2 0.000725626
9.2 12.2 0.00103881
9.4 12.2 0.00137321
9.6 12.2 0.00167614
9.8 12.2 0.0018891
10 12.2 0.00196594
10.2 12.2 0.0018891
10.4 12.2 0.00167614
10.6 12.2 0.00137321
10.8 12.2 0.00103881
11 12.2 0.000725626
11.2 12.2 0.000468022
11.4 12.2 0.000278741
11.6 12.2 0.000153293
11.8 12.2 7.78452e-05
12 12.2 3.65038e-05
12.2 12.2 1.58069e-05
12.4 12.2 6.32071e-06
12.6 12.2 2.334e-06
12.8 12.2 7.95905e-07
13 12.2 2.50643e-07
13.2 12.2 7.28943e-08
13.4 12.2 1.95788e-08
13.6 12.2 4.85673e-09
13.8 12.2 1.11271e-09
14 12.2 2.35454e-10
14.2 12.2 4.60189e-11
14.4 12.2 8.30777e-12
14.6 12.2 1.38537e-12
14.8 12.2 2.12821e-13
5.2 12.4 8.50766e-14
5.4 12.4 5.53823e-13
5.6 12.4 3.32127e-12
5.8 12.4 1.83979e-11
6 12.4 9.41349e-11
6.2 12.4 4.44873e-10
6.4 12.4 1.94182e-09
6.6 12.4 7.82819e-09
6.8 12.4 2.91459e-08
7 12.4 1.00218e-07
7.2 12.4 3.18244e-07
7.4 12.4 9.3327e-07
7.6 12.4 2.52743e-06
7.8 12.4 6.32071e-06
8 12.4 1.45969e-05
8.2 12.4 3.11286e-05
8.4 12.4 6.12989e-05
8.6 12.4 0.000111464
8.8 12.4 0.000187156
9 12.4 0.000290171
9.2 12.4 0.000415413
9.4 12.4 0.000549139
9.6 12.4 0.00067028
9.8 12.4 0.000755443
10 12.4 0.00078617
10.2 12.4 0.000755443
10.4 12.4 0.00067028
10.6 12.4 0.000549139
10.8 12.4 0.000415413
11 12.4 0.000290171
11.2 12.4 0.000187156
11.4 12.4 0.000111464
11.6 12.4 6.12989e-05
11.8 12.4 3.11286e-05
12 12.4 1.45969e-05
12.2 12.4 6.32071e-06
12.4 12.4 2.52743e-06
12.6 12.4 9.3327e-07
12.8 12.4 3.18244e-07
13 12.4 1.00218e-07
13.2 12.4 2.91459e-08
13.4 12.4 7.82819e-09
13.6 12.4 1.94182e-09
13.8 12.4 4.44873e-10
14 12.4 9.41349e-11
14.2 12.4 1.83979e-11
14.4 12.4 3.32127e-12
14.6 12.4 5.53823e-13
14.8 12.4 8.50766e-14
5.2 12.6 3.14057e-14
5.4 12.6 2.04447e-13
5.6 12.6 1.22611e-12
5.8 12.6 6.79217e-12
6 12.6 3.47539e-11
6.2 12.6 1.64248e-10
6.4 12.6 7.16947e-10
6.6 12.6 2.89034e-09
6.8 12.6 1.07616e-08
7 12.6 3.70044e-08
7.2 12.6 1.1751e-07
7.4 12.6 3.44611e-07
7.6 12.6 9.3327e-07
7.8 12.6 2.334e-06
8 12.6 5.39017e-06
8.2 12.6 1.14949e-05
8.4 12.6 2.26361e-05
8.6 12.6 4.11613e-05
8.8 12.6 6.91132e-05
9 12.6 0.000107155
9.2 12.6 0.000153406
9.4 12.6 0.00020279
9.6 12.6 0.000247526
9.8 12.6 0.000278976
10 12.6 0.000290324
10.2 12.6 0.000278976
10.4 12.6 0.000247526
10.6 12.6 0.00020279
10.8 12.6 0.000153406
11 12.6 0.000107155
11.2 12.6 6.91132e-05
11.4 12.6 4.11613e-05
11.6 12.6 2.26361e-05
11.8 12.6 1.14949e-05
12 12.6 5.39017e-06
12.2 12.6 2.334e-06
12.4 12.6 9.3327e-07
12.6 12.6 3.44611e-07
12.8 12.6 1.1751e-07
13 12.6 3.70044e-08
13.2 12.6 1.07616e-08
13.4 12.6 2.89034e-09
13.6 12.6 7.16947e-10
13.8 12.6 1.64248e-10
14 12.6 3.47539e-11
14.2 12.6 6.79217e-12
14.4 12.6 1.22611e-12
14.6 12.6 2.04447e-13
14.8 12.6 3.14057e-14
5.2 12.8 1.07058e-14
5.4 12.8 6.96953e-14
5.6 12.8 4.17993e-13
5.8 12.8 2.3156e-12
6 12.8 1.18488e-11
6.2 12.8 5.59996e-11
6.4 12.8 2.44446e-10
6.6 12.8 9.85501e-10
6.8 12.8 3.66939e-09
7 12.8 1.26178e-08
7.2 12.8 4.00694e-08
7.4 12.8 1.1751e-07
7.6 12.8 3.18244e-07
7.8 12.8 7.95905e-07
8 12.8 1.8381e-06
8.2 12.8 3.91991e-06
8.4 12.8 7.71931e-06
8.6 12.8 1.40369e-05
8.8 12.8 2.35692e-05
9 12.8 3.65426e-05
9.2 12.8 5.23156e-05
9.4 12.8 6.91571e-05
9.6 12.8 8.44138e-05
9.8 12.8 9.51394e-05
10 12.8 9.90093e-05
10.2 12.8 9.51394e-05
10.4 12.8 8.44138e-05
10.6 12.8 6.91571e-05
10.8 12.8 5.23156e-05
11 12.8 3.65426e-05
11.2 12.8 2.35692e-05
11.4 12.8 1.40369e-05
11.6 12.8 7.71931e-06
11.8 12.8 3.91991e-06
12 12.8 1.8381e-06
12.2 12.8 7.95905e-07
12.4 12.8 3.18244e-07
12.6 12.8 1.1751e-07
12.8 12.8 4.00694e-08
13 12.8 1.26178e-08
13.2 12.8 3.66939e-09
13.4 12.8 9.85501e-10
13.6 12.8 2.44446e-10
13.8 12.8 5.59996e-11
14 12.8 1.18488e-11
14.2 12.8 2.3156e-12
14.4 12.8 4.17993e-13
14.6 12.8 6.96953e-14
14.8 12.8 1.07058e-14
5.2 13 3.37014e-15
5.4 13 2.19405e-14
5.6 13 1.31592e-13
5.8 13 7.29027e-13
6 13 3.73052e-12
6.2 13 1.76317e-11
6.4 13 7.69675e-11
6.6 13 3.10309e-10
6.8 13 1.15543e-09
7 13 3.97321e-09
7.2 13 1.26178e-08
7.4 13 3.70044e-08
7.6 13 1.00218e-07
7.8 13 2.50643e-07
8 13 5.78854e-07
8.2 13 1.23448e-06
8.4 13 2.43103e-06
8.6 13 4.42065e-06
8.8 13 7.42276e-06
9 13 1.15086e-05
9.2 13 1.64762e-05
9.4 13 2.17804e-05
9.6 13 2.65854e-05
9.8 13 2.99634e-05
10 13 3.11822e-05
10.2 13 2.99634e-05
10.4 13 2.65854e-05
10.6 13 2.17804e-05
10.8 13 1.64762e-05
11 13 1.15086e-05
11.2 13 7.42276e-06
11.4 13 4.42065e-06
11.6 13 2.43103e-06
11.8 13 1.23448e-06
12 13 5.78854e-07
12.2 13 2.50643e-07
12.4 13 1.00218e-07
12.6 13 3.70044e-08
12.8 13 1.26178e-08
13 13 3.97321e-09
13.2 13 1.15543e-09
13.4 13 3.10309e-10
13.6 13 7.69675e-11
13.8 13 1.76317e-11
14 13 3.73052e-12
14.2 13 7.29027e-13
14.4 13 1.31592e-13
14.6 13 2.19405e-14
14.8 13 3.37014e-15
5.2 13.2 9.79728e-16
5.4 13.2 6.37853e-15
5.6 13.2 3.82582e-14
5.8 13.2 2.11961e-13
6 13.2 1.08468e-12
6.2 13.2 5.12675e-12
6.4 13.2 2.23805e-11
6.6 13.2 9.02339e-11
6.8 13.2 3.35994e-10
7 13.2 1.15543e-09
7.2 13.2 3.66939e-09
7.4 13.2 1.07616e-08
7.6 13.2 2.91459e-08
7.8 13.2 7.28943e-08
8 13.2 1.68351e-07
8.2 13.2 3.59034e-07
8.4 13.2 7.07047e-07
8.6 13.2 1.28573e-06
8.8 13.2 2.1589e-06
9 13.2 3.3473e-06
9.2 13.2 4.79216e-06
9.4 13.2 6.33492e-06
9.6 13.2 7.73251e-06
9.8 13.2 8.71504e-06
10 13.2 9.06954e-06
10.2 13.2 8.71504e-06
10.4 13.2 7.73251e-06
10.6 13.2 6.33492e-06
10.8 13.2 4.79216e-06
11 13.2 3.3473e-06
11.2 13.2 2.1589e-06
11.4 13.2 1.28573e-06
11.6 13.2 7.07047e-07
11.8 13.2 3.59034e-07
12 13.2 1.68351e-07
12.2 13.2 7.28943e-08
12.4 13.2 2.91459e-08
12.6 13.2 1.07616e-08
12.8 13.2 3.66939e-09
13 13.2 1.15543e-09
13.2 13.2 3.35994e-10
13.4 13.2 9.02339e-11
13.6 13.2 2.23805e-11
13.8 13.2 5.12675e-12
14 13.2 1.08468e-12
14.2 13.2 2.11961e-13
14.4 13.2 3.82582e-14
14.6 13.2 6.37853e-15
14.8 13.2 9.79728e-16
5.2 13.4 2.63028e-16
5.4 13.4 1.71251e-15
5.6 13.4 1.02721e-14
5.8 13.4 5.69131e-14
6 13.4 2.91256e-13
6.2 13.4 1.37669e-12
6.4 13.4 6.01006e-12
6.6 13.4 2.42323e-11
6.8 13.4 9.02339e-11
7 13.4 3.10309e-10
7.2 13.4 9.85501e-10
7.4 13.4 2.89034e-09
7.6 13.4 7.82819e-09
7.8 13.4 1.95788e-08
8 13.4 4.52184e-08
8.2 13.4 9.64368e-08
8.4 13.4 1.89916e-07
8.6 13.4 3.45357e-07
8.8 13.4 5.79904e-07
9 13.4 8.99129e-07
9.2 13.4 1.28725e-06
9.4 13.4 1.70167e-06
9.6 13.4 2.07709e-06
9.8 13.4 2.34102e-06
10 13.4 2.43625e-06
10.2 13.4 2.34102e-06
10.4 13.4 2.07709e-06
10.6 13.4 1.70167e-06
10.8 13.4 1.28725e-06
11 13.4 8.99129e-07
11.2 13.4 5.79904e-07
11.4 13.4 3.45357e-07
11.6 13.4 1.89916e-07
11.8 13.4 9.64368e-08
12 13.4 4.52184e-08
12.2 13.4 1.95788e-08
12.4 13.4 7.82819e-09
12.6 13.4 2.89034e-09
12.8 13.4 9.85501e-10
13 13.4 3.10309e-10
13.2 13.4 9.02339e-11
13.4 13.4 2.42323e-11
13.6 13.4 6.01006e-12
13.8 13.4 1.37669e-12
14 13.4 2.91256e-13
14.2 13.4 5.69131e-14
14.4 13.4 1.02721e-14
14.6 13.4 1.71251e-15
14.8 13.4 2.63028e-16
5.2 13.6 6.5215e-17
5.4 13.6 4.24618e-16
5.6 13.6 2.54711e-15
5.8 13.6 1.41131e-14
6 13.6 7.22281e-14
6.2 13.6 3.41417e-13
6.4 13.6 1.49055e-12
6.6 13.6 6.01006e-12
6.8 13.6 2.23805e-11
7 13.6 7.69675e-11
7.2 13.6 2.44446e-10
7.4 13.6 7.16947e-10
7.6 13.6 1.94182e-09
7.8 13.6 4.85673e-09
8 13.6 1.12171e-08
8.2 13.6 2.39231e-08
8.4 13.6 4.71133e-08
8.6 13.6 8.56752e-08
8.8 13.6 1.43863e-07
9 13.6 2.23058e-07
9.2 13.6 3.19346e-07
9.4 13.6 4.22159e-07
9.6 13.6 5.153e-07
9.8 13.6 5.80779e-07
10 13.6 6.04404e-07
10.2 13.6 5.80779e-07
10.4 13.6 5.153e-07
10.6 13.6 4.22159e-07
10.8 13.6 3.19346e-07
11 13.6 2.23058e-07
11.2 13.6 1.43863e-07
11.4 13.6 8.56752e-08
11.6 13.6 4.71133e-08
11.8 13.6 2.39231e-08
12 13.6 1.12171e-08
12.2 13.6 4.85673e-09
12.4 13.6 1.94182e-09
12.6 13.6 7.16947e-10
12.8 13.6 2.44446e-10
13 13.6 7.69675e-11
13.2 13.6 2.23805e-11
13.4 13.6 6.01006e-12
13.6 13.6 1.49055e-12
13.8 13.6 3.41417e-13
14 13.6 7.22281e-14
14.2 13.6 1.41131e-14
14.4 13.6 2.54711e-15
14.6 13.6 4.24618e-16
14.8 13.6 6.5215e-17
5.2 13.8 1.49332e-17
5.4 13.8 9.72353e-17
5.6 13.8 5.83311e-16
5.8 13.8 3.2322e-15
6 13.8 1.65426e-14
6.2 13.8 7.81995e-14
6.4 13.8 3.41417e-13
6.6 13.8 1.37669e-12
6.8 13.8 5.12675e-12
7 13.8 1.76317e-11
7.2 13.8 5.59996e-11
7.4 13.8 1.64248e-10
7.6 13.8 4.44873e-10
7.8 13.8 1.11271e-09
8 13.8 2.56997e-09
8.2 13.8 5.48114e-09
8.4 13.8 1.07945e-08
8.6 13.8 1.96301e-08
8.8 13.8 3.29625e-08
9 13.8 5.11088e-08
9.2 13.8 7.31716e-08
9.4 13.8 9.67298e-08
9.6 13.8 1.18072e-07
9.8 13.8 1.33075e-07
10 13.8 1.38489e-07
10.2 13.8 1.33075e-07
10.4 13.8 1.18072e-07
10.6 13.8 9.67298e-08
10.8 13.8 7.31716e-08
11 13.8 5.11088e-08
11.2 13.8 3.29625e-08
11.4 13.8 1.96301e-08
11.6 13.8 1.07945e-08
11.8 13.8 5.48114e-09
12 13.8 2.56997e-09
12.2 13.8 1.11271e-09
12.4 13.8 4.44873e-10
12.6 13.8 1.64248e-10
12.8 13.8 5.59996e-11
13 13.8 1.76317e-11
13.2 13.8 5.12675e-12
13.4 13.8 1.37669e-12
13.6 13.8 3.41417e-13
13.8 13.8 7.81995e-14
14 13.8 1.65426e-14
14.2 13.8 3.2322e-15
14.4 13.8 5.83311e-16
14.6 13.8 9.72353e-17
14.8 13.8 1.49332e-17
5.2 14 3.15814e-18
5.4 14 2.05647e-17
5.6 14 1.23375e-16
5.8 14 6.83678e-16
6 14 3.4993e-15
6.2 14 1.65426e-14
6.4 14 7.22281e-14
6.6 14 2.91256e-13
6.8 14 1.08468e-12
7 14 3.73052e-12
7.2 14 1.18488e-11
7.4 14 3.47539e-11
7.6 14 9.41349e-11
7.8 14 2.35454e-10
8 14 5.43831e-10
8.2 14 1.15989e-09
8.4 14 2.28432e-09
8.6 14 4.15415e-09
8.8 14 6.97568e-09
9 14 1.0816e-08
9.2 14 1.54852e-08
9.4 14 2.0471e-08
9.6 14 2.49877e-08
9.8 14 2.8163e-08
10 14 2.93087e-08
10.2 14 2.8163e-08
10.4 14 2.49877e-08
10.6 14 2.0471e-08
10.8 14 1.54852e-08
11 14 1.0816e-08
11.2 14 6.97568e-09
11.4 14 4.15415e-09
11.6 14 2.28432e-09
11.8 14 1.15989e-09
12 14 5.43831e-10
12.2 14 2.35454e-10
12.4 14 9.41349e-11
12.6 14 3.47539e-11
12.8 14 1.18488e-11
13 14 3.73052e-12
13.2 14 1.08468e-12
13.4 14 2.91256e-13
13.6 14 7.22281e-14
13.8 14 1.65426e-14
14 14 3.4993e-15
14.2 14 6.83678e-16
14.4 14 1.23375e-16
14.6 14 2.05647e-17
14.8 14 3.15814e-18
5.2 14.2 6.16869e-19
5.4 14.2 4.01706e-18
5.6 14.2 2.41014e-17
5.8 14.2 1.33566e-16
6 14.2 6.83678e-16
6.2 14.2 3.2322e-15
6.4 14.2 1.41131e-14
6.6 14.2 5.69131e-14
6.8 14.2 2.11961e-13
7 14.2 7.29027e-13
7.2 14.2 2.3156e-12
7.4 14.2 6.79217e-12
7.6 14.2 1.83979e-11
7.8 14.2 4.60189e-11
8 14.2 1.06293e-10
8.2 14.2 2.26708e-10
8.4 14.2 4.46495e-10
8.6 14.2 8.11986e-10
8.8 14.2 1.36351e-09
9 14.2 2.11419e-09
9.2 14.2 3.02691e-09
9.4 14.2 4.00151e-09
9.6 14.2 4.88443e-09
9.8 14.2 5.50514e-09
10 14.2 5.7291e-09
10.2 14.2 5.50514e-09
10.4 14.2 4.88443e-09
10.6 14.2 4.00151e-09
10.8 14.2 3.02691e-09
11 14.2 2.11419e-09
11.2 14.2 1.36351e-09
11.4 14.2 8.11986e-10
11.6 14.2 4.46495e-10
11.8 14.2 2.26708e-10
12 14.2 1.06293e-10
12.2 14.2 4.60189e-11
12.4 14.2 1.83979e-11
12.6 14.2 6.79217e-12
12.8 14.2 2.3156e-12
13 14.2 7.29027e-13
13.2 14.2 2.11961e-13
13.4 14.2 5.69131e-14
13.6 14.2 1.41131e-14
13.8 14.2 3.2322e-15
14 14.2 6.83678e-16
14.2 14.2 1.33566e-16
14.4 14.2 2.41014e-17
14.6 14.2 4.01706e-18
14.8 14.2 6.16869e-19
5.2 14.4 1.11289e-19
5.4 14.4 7.24758e-19
5.6 14.4 4.34871e-18
5.8 14.4 2.41014e-17
6 14.4 1.23375e-16
6.2 14.4 5.83311e-16
6.4 14.4 2.54711e-15
6.6 14.4 1.02721e-14
6.8 14.4 3.82582e-14
7 14.4 1.31592e-13
7.2 14.4 4.17993e-13
7.4 14.4 1.22611e-12
7.6 14.4 3.32127e-12
7.8 14.4 8.30777e-12
8 14.4 1.91895e-11
8.2 14.4 4.09295e-11
8.4 14.4 8.06112e-11
8.6 14.4 1.46601e-10
8.8 14.4 2.4618e-10
9 14.4 3.81719e-10
9.2 14.4 5.46517e-10
9.4 14.4 7.22489e-10
9.6 14.4 8.8191e-10
9.8 14.4 9.93986e-10
10 14.4 1.03442e-09
10.2 14.4 9.93986e-10
10.4 14.4 8.8191e-10
10.6 14.4 7.22489e-10
10.8 14.4 5.46517e-10
11 14.4 3.81719e-10
11.2 14.4 2.4618e-10
11.4 14.4 1.46601e-10
11.6 14.4 8.06112e-11
11.8 14.4 4.09295e-11
12 14.4 1.91895e-11
12.2 14.4 8.30777e-12
12.4 14.4 3.32127e-12
12.6 14.4 1.22611e-12
12.8 14.4 4.17993e-13
13 14.4 1.31592e-13
13.2 14.4 3.82582e-14
13.4 14.4 1.02721e-14
13.6 14.4 2.54711e-15
13.8 14.4 5.83311e-16
14 14.4 1.23375e-16
14.2 14.4 2.41014e-17
14.4 14.4 4.34871e-18
14.6 14.4 7.24758e-19
14.8 14.4 1.11289e-19
5.2 14.6 1.85449e-20
5.4 14.6 1.20779e-19
5.6 14.6 7.24758e-19
5.8 14.6 4.01706e-18
6 14.6 2.05647e-17
6.2 14.6 9.72353e-17
6.4 14.6 4.24618e-16
6.6 14.6 1.71251e-15
6.8 14.6 6.37853e-15
7 14.6 2.19405e-14
7.2 14.6 6.96953e-14
7.4 14.6 2.04447e-13
7.6 14.6 5.53823e-13
7.8 14.6 1.38537e-12
8 14.6 3.20005e-12
8.2 14.6 6.82559e-12
8.4 14.6 1.34434e-11
8.6 14.6 2.44488e-11
8.8 14.6 4.10566e-11
9 14.6 6.36619e-11
9.2 14.6 9.11475e-11
9.4 14.6 1.20497e-10
9.6 14.6 1.47086e-10
9.8 14.6 1.65779e-10
10 14.6 1.72524e-10
10.2 14.6 1.65779e-10
10.4 14.6 1.47086e-10
10.6 14.6 1.20497e-10
10.8 14.6 9.11475e-11
11 14.6 6.36619e-11
11.2 14.6 4.10566e-11
11.4 14.6 2.44488e-11
11.6 14.6 1.34434e-11
11.8 14.6 6.82559e-12
12 14.6 3.20005e-12
12.2 14.6 1.38537e-12
12.4 14.6 5.53823e-13
12.6 14.6 2.04447e-13
12.8 14.6 6.96953e-14
13 14.6 2.19405e-14
13.2 14.6 6.37853e-15
13.4 14.6 1.71251e-15
13.6 14.6 4.24618e-16
13.8 14.6 9.72353e-17
14 14.6 2.05647e-17
14.2 14.6 4.01706e-18
14.4 14.6 7.24758e-19
14.6 14.6 1.20779e-19
14.8 14.6 1.85449e-20
5.2 14.8 2.84732e-21
5.4 14.8 1.85449e-20
5.6 14.8 1.11289e-19
5.8 14.8 6.16869e-19
6 14.8 3.15814e-18
6.2 14.8 1.49332e-17
6.4 14.8 6.5215e-17
6.6 14.8 2.63028e-16
6.8 14.8 9.79728e-16
7 14.8 3.37014e-15
7.2 14.8 1.07058e-14
7.4 14.8 3.14057e-14
7.6 14.8 8.50766e-14
7.8 14.8 2.12821e-13
8 14.8 4.91606e-13
8.2 14.8 1.0486e-12
8.4 14.8 2.06531e-12
8.6 14.8 3.75613e-12
8.8 14.8 6.3077e-12
9 14.8 9.78076e-12
9.2 14.8 1.40037e-11
9.4 14.8 1.8513e-11
9.6 14.8 2.25982e-11
9.8 14.8 2.54702e-11
10 14.8 2.65065e-11
10.2 14.8 2.54702e-11
10.4 14.8 2.25982e-11
10.6 14.8 1.8513e-11
10.8 14.8 1.40037e-11
11 14.8 9.78076e-12
11.2 14.8 6.3077e-12
11.4 14.8 3.75613e-12
11.6 14.8 2.06531e-12
11.8 14.8 1.0486e-12
12 14.8 4.91606e-13
12.2 14.8 2.12821e-13
12.4 14.8 8.50766e-14
12.6 14.8 3.14057e-14
12.8 14.8 1.07058e-14
13 14.8 3.37014e-15
13.2 14.8 9.79728e-16
13.4 14.8 2.63028e-16
13.6 14.8 6.5215e-17
13.8 14.8 1.49332e-17
14 14.8 3.15814e-18
14.2 14.8 6.16869e-19
14.4 14.8 1.11289e-19
14.6 14.8 1.85449e-20
14.8 14.8 2.84732e-21

