5.2 5.2 9.48823e-21
5.4 5.2 6.20811e-20
5.6 5.2 3.74769e-19
5.8 5.2 2.08877e-18
6 5.2 1.07483e-17
6.2 5.2 5.1063e-17
6.4 5.2 2.23968e-16
6.6 5.2 9.06933e-16
6.8 5.2 3.39057e-15
7 5.2 1.17024e-14
7.2 5.2 3.72887e-14
7.4 5.2 1.09694e-13
7.6 5.2 2.97908e-13
7.8 5.2 7.46926e-13
8 5.2 1.72889e-12
8.2 5.2 3.69444e-12
8.4 5.2 7.28819e-12
8.6 5.2 1.32733e-11
8.8 5.2 2.23166e-11
9 5.2 3.46388e-11
9.2 5.2 4.96344e-11
9.4 5.2 6.56581e-11
9.6 5.2 8.01822e-11
9.8 5.2 9.03966e-11
10 5.2 9.40828e-11
10.2 5.2 9.03966e-11
10.4 5.2 8.01822e-11
10.6 5.2 6.56581e-11
10.8 5.2 4.96344e-11
11 5.2 3.46388e-11
11.2 5.2 2.23166e-11
11.4 5.2 1.32733e-11
11.6 5.2 7.28819e-12
11.8 5.2 3.69444e-12
12 5.2 1.72889e-12
12.2 5.2 7.46926e-13
12.4 5.2 2.97908e-13
12.6 5.2 1.09694e-13
12.8 5.2 3.72887e-14
13 5.2 1.17024e-14
13.2 5.2 3.39057e-15
13.4 5.2 9.06933e-16
13.6 5.2 2.23968e-16
13.8 5.2 5.1063e-17
14 5.2 1.07483e-17
14.2 5.2 2.08877e-18
14.4 5.2 3.74769e-19
14.6 5.2 6.20811e-20
14.8 5.2 9.48823e-21
5.2 5.4 6.20811e-20
5.4 5.4 4.06189e-19
5.6 5.4 2.45202e-18
5.8 5.4 1.36662e-17
6 5.4 7.03217e-17
6.2 5.4 3.34079e-16
6.4 5.4 1.46529e-15
6.6 5.4 5.93347e-15
6.8 5.4 2.2182e-14
7 5.4 7.65595e-14
7.2 5.4 2.43949e-13
7.4 5.4 7.17627e-13
7.6 5.4 1.94893e-12
7.8 5.4 4.88641e-12
8 5.4 1.13104e-11
8.2 5.4 2.41688e-11
8.4 5.4 4.76788e-11
8.6 5.4 8.68328e-11
8.8 5.4 1.45992e-10
9 5.4 2.26602e-10
9.2 5.4 3.247e-10
9.4 5.4 4.29524e-10
9.6 5.4 5.24538e-10
9.8 5.4 5.91358e-10
10 5.4 6.15472e-10
10.2 5.4 5.91358e-10
10.4 5.4 5.24538e-10
10.6 5.4 4.29524e-10
10.8 5.4 3.247e-10
11 5.4 2.26602e-10
11.2 5.4 1.45992e-10
11.4 5.4 8.68328e-11
11.6 5.4 4.76788e-11
11.8 5.4 2.41688e-11
12 5.4 1.13104e-11
12.2 5.4 4.88641e-12
12.4 5.4 1.94893e-12
12.6 5.4 7.17627e-13
12.8 5.4 2.43949e-13
13 5.4 7.65595e-14
13.2 5.4 2.2182e-14
13.4 5.4 5.93347e-15
13.6 5.4 1.46529e-15
13.8 5.4 3.34079e-16
14 5.4 7.03217e-17
14.2 5.4 1.36662e-17
14.4 5.4 2.45202e-18
14.6 5.4 4.06189e-19
14.8 5.4 6.20811e-20
5.2 5.6 3.74769e-19
5.4 5.6 2.45202e-18
5.6 5.6 1.48017e-17
5.8 5.6 8.24946e-17
6 5.6 4.24483e-16
6.2 5.6 2.01657e-15
6.4 5.6 8.84463e-15
6.6 5.6 3.58145e-14
6.8 5.6 1.33889e-13
7 5.6 4.62101e-13
7.2 5.6 1.47242e-12
7.4 5.6 4.33139e-12
7.6 5.6 1.17631e-11
7.8 5.6 2.94924e-11
8 5.6 6.82644e-11
8.2 5.6 1.45871e-10
8.4 5.6 2.87764e-10
8.6 5.6 5.24075e-10
8.8 5.6 8.81126e-10
9 5.6 1.36763e-09
9.2 5.6 1.95969e-09
9.4 5.6 2.59234e-09
9.6 5.6 3.16577e-09
9.8 5.6 3.56906e-09
10 5.6 3.71459e-09
10.2 5.6 3.56906e-09
10.4 5.6 3.16577e-09
10.6 5.6 2.59234e-09
10.8 5.6 1.95969e-09
11 5.6 1.36763e-09
11.2 5.6 8.81126e-10
11.4 5.6 5.24075e-10
11.6 5.6 2.87764e-10
11.8 5.6 1.45871e-10
12 5.6 6.82644e-11
12.2 5.6 2.94924e-11
12.4 5.6 1.17631e-11
12.6 5.6 4.33139e-12
12.8 5.6 1.47242e-12
13 5.6 4.62101e-13
13.2 5.6 1.33889e-13
13.4 5.6 3.58145e-14
13.6 5.6 8.84463e-15
13.8 5.6 2.01657e-15
14 5.6 4.24483e-16
14.2 5.6 8.24946e-17
14.4 5.6 1.48017e-17
14.6 5.6 2.45202e-18
14.8 5.6 3.74769e-19
5.2 5.8 2.08877e-18
5.4 5.8 1.36662e-17
5.6 5.8 8.24946e-17
5.8 5.8 4.59759e-16
6 5.8 2.36569e-15
6.2 5.8 1.12384e-14
6.4 5.8 4.92906e-14
6.6 5.8 1.99589e-13
6.8 5.8 7.46135e-13
7 5.8 2.57516e-12
7.2 5.8 8.20531e-12
7.4 5.8 2.41372e-11
7.6 5.8 6.55505e-11
7.8 5.8 1.64347e-10
8 5.8 3.80402e-10
8.2 5.8 8.1286e-10
8.4 5.8 1.60354e-09
8.6 5.8 2.92035e-09
8.8 5.8 4.90995e-09
9 5.8 7.62091e-09
9.2 5.8 1.092e-08
9.4 5.8 1.44453e-08
9.6 5.8 1.76406e-08
9.8 5.8 1.98878e-08
10 5.8 2.06988e-08
10.2 5.8 1.98878e-08
10.4 5.8 1.76406e-08
10.6 5.8 1.44453e-08
10.8 5.8 1.092e-08
11 5.8 7.62091e-09
11.2 5.8 4.90995e-09
11.4 5.8 2.92035e-09
11.6 5.8 1.60354e-09
11.8 5.8 8.1286e-10
12 5.8 3.80402e-10
12.2 5.8 1.64347e-10
12.4 5.8 6.55505e-11
12.6 5.8 2.41372e-11
12.8 5.8 8.20531e-12
13 5.8 2.57516e-12
13.2 5.8 7.46135e-13
13.4 5.8 1.99589e-13
13.6 5.8 4.92906e-14
13.8 5.8 1.12384e-14
14 5.8 2.36569e-15
14.2 5.8 4.59759e-16
14.4 5.8 8.24946e-17
14.6 5.8 1.36662e-17
14.8 5.8 2.08877e-18
5.2 6 1.07483e-17
5.4 6 7.03217e-17
5.6 6 4.24483e-16
5.8 6 2.36569e-15
6 6 1.21724e-14
6.2 6 5.78251e-14
6.4 6 2.53613e-13
6.6 6 1.02692e-12
6.8 6 3.83897e-12
7 6 1.32494e-11
7.2 6 4.22166e-11
7.4 6 1.24185e-10
7.6 6 3.37253e-10
7.8 6 8.4555e-10
8 6 1.95712e-09
8.2 6 4.18203e-09
8.4 6 8.24992e-09
8.6 6 1.50246e-08
8.8 6 2.52605e-08
9 6 3.92077e-08
9.2 6 5.61807e-08
9.4 6 7.43171e-08
9.6 6 9.07562e-08
9.8 6 1.02317e-07
10 6 1.06489e-07
10.2 6 1.02317e-07
10.4 6 9.07562e-08
10.6 6 7.43171e-08
10.8 6 5.61807e-08
11 6 3.92077e-08
11.2 6 2.52605e-08
11.4 6 1.50246e-08
11.6 6 8.24992e-09
11.8 6 4.18203e-09
12 6 1.95712e-09
12.2 6 8.4555e-10
12.4 6 3.37253e-10
12.6 6 1.24185e-10
12.8 6 4.22166e-11
13 6 1.32494e-11
13.2 6 3.83897e-12
13.4 6 1.02692e-12
13.6 6 2.53613e-13
13.8 6 5.78251e-14
14 6 1.21724e-14
14.2 6 2.36569e-15
14.4 6 4.24483e-16
14.6 6 7.03217e-17
14.8 6 1.07483e-17
5.2 6.2 5.1063e-17
5.4 6.2 3.34079e-16
5.6 6.2 2.01657e-15
5.8 6.2 1.12384e-14
6 6.2 5.78251e-14
6.2 6.2 2.74694e-13
6.4 6.2 1.20476e-12
6.6 6.2 4.87821e-12
6.8 6.2 1.82361e-11
7 6.2 6.29376e-11
7.2 6.2 2.00536e-10
7.4 6.2 5.89897e-10
7.6 6.2 1.60199e-09
7.8 6.2 4.01641e-09
8 6.2 9.29637e-09
8.2 6.2 1.98647e-08
8.4 6.2 3.9187e-08
8.6 6.2 7.13661e-08
8.8 6.2 1.19986e-07
9 6.2 1.86234e-07
9.2 6.2 2.66854e-07
9.4 6.2 3.53e-07
9.6 6.2 4.31083e-07
9.8 6.2 4.85997e-07
10 6.2 5.05814e-07
10.2 6.2 4.85997e-07
10.4 6.2 4.31083e-07
10.6 6.2 3.53e-07
10.8 6.2 2.66854e-07
11 6.2 1.86234e-07
11.2 6.2 1.19986e-07
11.4 6.2 7.13661e-08
11.6 6.2 3.9187e-08
11.8 6.2 1.98647e-08
12 6.2 9.29637e-09
12.2 6.2 4.01641e-09
12.4 6.2 1.60199e-09
12.6 6.2 5.89897e-10
12.8 6.2 2.00536e-10
13 6.2 6.29376e-11
13.2 6.2 1.82361e-11
13.4 6.2 4.87821e-12
13.6 6.2 1.20476e-12
13.8 6.2 2.74694e-13
14 6.2 5.78251e-14
14.2 6.2 1.12384e-14
14.4 6.2 2.01657e-15
14.6 6.2 3.34079e-16
14.8 6.2 5.1063e-17
5.2 6.4 2.23968e-16
5.4 6.4 1.46529e-15
5.6 6.4 8.84463e-15
5.8 6.4 4.92906e-14
6 6.4 2.53613e-13
6.2 6.4 1.20476e-12
6.4 6.4 5.28376e-12
6.6 6.4 2.13944e-11
6.8 6.4 7.99773e-11
7 6.4 2.7602e-10
7.2 6.4 8.79466e-10
7.4 6.4 2.58702e-09
7.6 6.4 7.02553e-09
7.8 6.4 1.76139e-08
8 6.4 4.07689e-08
8.2 6.4 8.71154e-08
8.4 6.4 1.71851e-07
8.6 6.4 3.12969e-07
8.8 6.4 5.26186e-07
9 6.4 8.16706e-07
9.2 6.4 1.17025e-06
9.4 6.4 1.54803e-06
9.6 6.4 1.89045e-06
9.8 6.4 2.13126e-06
10 6.4 2.21817e-06
10.2 6.4 2.13126e-06
10.4 6.4 1.89045e-06
10.6 6.4 1.54803e-06
10.8 6.4 1.17025e-06
11 6.4 8.16706e-07
11.2 6.4 5.26186e-07
11.4 6.4 3.12969e-07
11.6 6.4 1.71851e-07
11.8 6.4 8.71154e-08
12 6.4 4.07689e-08
12.2 6.4 1.76139e-08
12.4 6.4 7.02553e-09
12.6 6.4 2.58702e-09
12.8 6.4 8.79466e-10
13 6.4 2.7602e-10
13.2 6.4 7.99773e-11
13.4 6.4 2.13944e-11
13.6 6.4 5.28376e-12
13.8 6.4 1.20476e-12
14 6.4 2.53613e-13
14.2 6.4 4.92906e-14
14.4 6.4 8.84463e-15
14.6 6.4 1.46529e-15
14.8 6.4 2.23968e-16
5.2 6.6 9.06933e-16
5.4 6.6 5.93347e-15
5.6 6.6 3.58145e-14
5.8 6.6 1.99589e-13
6 6.6 1.02692e-12
6.2 6.6 4.87821e-12
6.4 6.6 2.13944e-11
6.6 6.6 8.66268e-11
6.8 6.6 3.23829e-10
7 6.6 1.1176e-09
7.2 6.6 3.56091e-09
7.4 6.6 1.04746e-08
7.6 6.6 2.84456e-08
7.8 6.6 7.13163e-08
8 6.6 1.65067e-07
8.2 6.6 3.52714e-07
8.4 6.6 6.95792e-07
8.6 6.6 1.26715e-06
8.8 6.6 2.13041e-06
9 6.6 3.30665e-06
9.2 6.6 4.73806e-06
9.4 6.6 6.26759e-06
9.6 6.6 7.65396e-06
9.8 6.6 8.62895e-06
10 6.6 8.9808e-06
10.2 6.6 8.62895e-06
10.4 6.6 7.65396e-06
10.6 6.6 6.26759e-06
10.8 6.6 4.73806e-06
11 6.6 3.30665e-06
11.2 6.6 2.13041e-06
11.4 6.6 1.26715e-06
11.6 6.6 6.95792e-07
11.8 6.6 3.52714e-07
12 6.6 1.65067e-07
12.2 6.6 7.13163e-08
12.4 6.6 2.84456e-08
12.6 6.6 1.04746e-08
12.8 6.6 3.56091e-09
13 6.6 1.1176e-09
13.2 6.6 3.23829e-10
13.4 6.6 8.66268e-11
13.6 6.6 2.13944e-11
13.8 6.6 4.87821e-12
14 6.6 1.02692e-12
14.2 6.6 1.99589e-13
14.4 6.6 3.58145e-14
14.6 6.6 5.93347e-15
14.8 6.6 9.06933e-16
5.2 6.8 3.39057e-15
5.4 6.8 2.2182e-14
5.6 6.8 1.33889e-13
5.8 6.8 7.46135e-13
6 6.8 3.83897e-12
6.2 6.8 1.82361e-11
6.4 6.8 7.99773e-11
6.6 6.8 3.23829e-10
6.8 6.8 1.21053e-09
7 6.8 4.17774e-09
7.2 6.8 1.33111e-08
7.4 6.8 3.9155e-08
7.6 6.8 1.06331e-07
7.8 6.8 2.66584e-07
8 6.8 6.17024e-07
8.2 6.8 1.31845e-06
8.4 6.8 2.60087e-06
8.6 6.8 4.73657e-06
8.8 6.8 7.96342e-06
9 6.8 1.23601e-05
9.2 6.8 1.77107e-05
9.4 6.8 2.34279e-05
9.6 6.8 2.86101e-05
9.8 6.8 3.22545e-05
10 6.8 3.35697e-05
10.2 6.8 3.22545e-05
10.4 6.8 2.86101e-05
10.6 6.8 2.34279e-05
10.8 6.8 1.77107e-05
11 6.8 1.23601e-05
11.2 6.8 7.96342e-06
11.4 6.8 4.73657e-06
11.6 6.8 2.60087e-06
11.8 6.8 1.31845e-06
12 6.8 6.17024e-07
12.2 6.8 2.66584e-07
12.4 6.8 1.06331e-07
12.6 6.8 3.9155e-08
12.8 6.8 1.33111e-08
13 6.8 4.17774e-09
13.2 6.8 1.21053e-09
13.4 6.8 3.23829e-10
13.6 6.8 7.99773e-11
13.8 6.8 1.82361e-11
14 6.8 3.83897e-12
14.2 6.8 7.46135e-13
14.4 6.8 1.33889e-13
14.6 6.8 2.2182e-14
14.8 6.8 3.39057e-15
5.2 7 1.17024e-14
5.4 7 7.65595e-14
5.6 7 4.62101e-13
5.8 7 2.57516e-12
6 7 1.32494e-11
6.2 7 6.29376e-11
6.4 7 2.7602e-10
6.6 7 1.1176e-09
6.8 7 4.17774e-09
7 7 1.4418e-08
7.2 7 4.59382e-08
7.4 7 1.35128e-07
7.6 7 3.66959e-07
7.8 7 9.19999e-07
8 7 2.12938e-06
8.2 7 4.55003e-06
8.4 7 8.97567e-06
8.6 7 1.6346e-05
8.8 7 2.74818e-05
9 7 4.26549e-05
9.2 7 6.11195e-05
9.4 7 8.08496e-05
9.6 7 9.87331e-05
9.8 7 0.00011131
10 7 0.000115849
10.2 7 0.00011131
10.4 7 9.87331e-05
10.6 7 8.08496e-05
10.8 7 6.11195e-05
11 7 4.26549e-05
11.2 7 2.74818e-05
11.4 7 1.6346e-05
11.6 7 8.97567e-06
11.8 7 4.55003e-06
12 7 2.12938e-06
12.2 7 9.19999e-07
12.4 7 3.66959e-07
12.6 7 1.35128e-07
12.8 7 4.59382e-08
13 7 1.4418e-08
13.2 7 4.17774e-09
13.4 7 1.1176e-09
13.6 7 2.7602e-10
13.8 7 6.29376e-11
14 7 1.32494e-11
14.2 7 2.57516e-12
14.4 7 4.62101e-13
14.6 7 7.65595e-14
14.8 7 1.17024e-14
5.2 7.2 3.72887e-14
5.4 7.2 2.43949e-13
5.6 7.2 1.47242e-12
5.8 7.2 8.20531e-12
6 7.2 4.22166e-11
6.2 7.2 2.00536e-10
6.4 7.2 8.79466e-10
6.6 7.2 3.56091e-09
6.8 7.2 1.33111e-08
7 7.2 4.59382e-08
7.2 7.2 1.46366e-07
7.4 7.2 4.30536e-07
7.6 7.2 1.16917e-06
7.8 7.2 2.93121e-06
8 7.2 6.7844e-06
8.2 7.2 1.44967e-05
8.4 7.2 2.85971e-05
8.6 7.2 5.20793e-05
8.8 7.2 8.75585e-05
9 7.2 0.0001359
9.2 7.2 0.000194729
9.4 7.2 0.00025759
9.6 7.2 0.000314567
9.8 7.2 0.000354637
10 7.2 0.000369097
10.2 7.2 0.000354637
10.4 7.2 0.000314567
10.6 7.2 0.00025759
10.8 7.2 0.000194729
11 7.2 0.0001359
11.2 7.2 8.75585e-05
11.4 7.2 5.20793e-05
11.6 7.2 2.85971e-05
11.8 7.2 1.44967e-05
12 7.2 6.7844e-06
12.2 7.2 2.93121e-06
12.4 7.2 1.16917e-06
12.6 7.2 4.30536e-07
12.8 7.2 1.46366e-07
13 7.2 4.59382e-08
13.2 7.2 1.33111e-08
13.4 7.2 3.56091e-09
13.6 7.2 8.79466e-10
13.8 7.2 2.00536e-10
14 7.2 4.22166e-11
14.2 7.2 8.20531e-12
14.4 7.2 1.47242e-12
14.6 7.2 2.43949e-13
14.8 7.2 3.72887e-14
5.2 7.4 1.09694e-13
5.4 7.4 7.17627e-13
5.6 7.4 4.33139e-12
5.8 7.4 2.41372e-11
6 7.4 1.24185e-10
6.2 7.4 5.89897e-10
6.4 7.4 2.58702e-09
6.6 7.4 1.04746e-08
6.8 7.4 3.9155e-08
7 7.4 1.35128e-07
7.2 7.4 4.30536e-07
7.4 7.4 1.26642e-06
7.6 7.4 3.4391e-06
7.8 7.4 8.62205e-06
8 7.4 1.9956e-05
8.2 7.4 4.26413e-05
8.4 7.4 8.41164e-05
8.6 7.4 0.000153187
8.8 7.4 0.000257546
9 7.4 0.000399739
9.2 7.4 0.000572778
9.4 7.4 0.000757676
9.6 7.4 0.000925268
9.8 7.4 0.00104313
10 7.4 0.00108566
10.2 7.4 0.00104313
10.4 7.4 0.000925268
10.6 7.4 0.000757676
10.8 7.4 0.000572778
11 7.4 0.000399739
11.2 7.4 0.000257546
11.4 7.4 0.000153187
11.6 7.4 8.41164e-05
11.8 7.4 4.26413e-05
12 7.4 1.9956e-05
12.2 7.4 8.62205e-06
12.4 7.4 3.4391e-06
12.6 7.4 1.26642e-06
12.8 7.4 4.30536e-07
13 7.4 1.35128e-07
13.2 7.4 3.9155e-08
13.4 7.4 1.04746e-08
13.6 7.4 2.58702e-09
13.8 7.4 5.89897e-10
14 7.4 1.24185e-10
14.2 7.4 2.41372e-11
14.4 7.4 4.33139e-12
14.6 7.4 7.17627e-13
14.8 7.4 1.09694e-13
5.2 7.6 2.97908e-13
5.4 7.6 1.94893e-12
5.6 7.6 1.17631e-11
5.8 7.6 6.55505e-11
6 7.6 3.37253e-10
6.2 7.6 1.60199e-09
6.4 7.6 7.02553e-09
6.6 7.6 2.84456e-08
6.8 7.6 1.06331e-07
7 7.6 3.66959e-07
7.2 7.6 1.16917e-06
7.4 7.6 3.4391e-06
7.6 7.6 9.33921e-06
7.8 7.6 2.3414e-05
8 7.6 5.41921e-05
8.2 7.6 0.000115796
8.4 7.6 0.000228424
8.6 7.6 0.000415989
8.8 7.6 0.000699381
9 7.6 0.00108551
9.2 7.6 0.0015554
9.4 7.6 0.0020575
9.6 7.6 0.0025126
9.8 7.6 0.00283266
10 7.6 0.00294816
10.2 7.6 0.00283266
10.4 7.6 0.0025126
10.6 7.6 0.0020575
10.8 7.6 0.0015554
11 7.6 0.00108551
11.2 7.6 0.000699381
11.4 7.6 0.000415989
11.6 7.6 0.000228424
11.8 7.6 0.000115796
12 7.6 5.41921e-05
12.2 7.6 2.3414e-05
12.4 7.6 9.33921e-06
12.6 7.6 3.4391e-06
12.8 7.6 1.16917e-06
13 7.6 3.66959e-07
13.2 7.6 1.06331e-07
13.4 7.6 2.84456e-08
13.6 7.6 7.02553e-09
13.8 7.6 1.60199e-09
14 7.6 3.37253e-10
14.2 7.6 6.55505e-11
14.4 7.6 1.17631e-11
14.6 7.6 1.94893e-12
14.8 7.6 2.97908e-13
5.2 7.8 7.46926e-13
5.4 7.8 4.88641e-12
5.6 7.8 2.94924e-11
5.8 7.8 1.64347e-10
6 7.8 8.4555e-10
6.2 7.8 4.01641e-09
6.4 7.8 1.76139e-08
6.6 7.8 7.13163e-08
6.8 7.8 2.66584e-07
7 7.8 9.19999e-07
7.2 7.8 2.93121e-06
7.4 7.8 8.62205e-06
7.6 7.8 2.3414e-05
7.8 7.8 5.87e-05
8 7.8 0.000135862
8.2 7.8 0.000290304
8.4 7.8 0.000572665
8.6 7.8 0.0010429
8.8 7.8 0.00175336
9 7.8 0.00272139
9.2 7.8 0.00389942
9.4 7.8 0.00515818
9.6 7.8 0.00629912
9.8 7.8 0.0071015
10 7.8 0.00739106
10.2 7.8 0.0071015
10.4 7.8 0.00629912
10.6 7.8 0.00515818
10.8 7.8 0.00389942
11 7.8 0.00272139
11.2 7.8 0.00175336
11.4 7.8 0.0010429
11.6 7.8 0.000572665
11.8 7.8 0.000290304
12 7.8 0.000135862
12.2 7.8 5.87e-05
12.4 7.8 2.3414e-05
12.6 7.8 8.62205e-06
12.8 7.8 2.93121e-06
13 7.8 9.19999e-07
13.2 7.8 2.66584e-07
13.4 7.8 7.13163e-08
13.6 7.8 1.76139e-08
13.8 7.8 4.01641e-09
14 7.8 8.4555e-10
14.2 7.8 1.64347e-10
14.4 7.8 2.94924e-11
14.6 7.8 4.88641e-12
14.8 7.8 7.46926e-13
5.2 8 1.72889e-12
5.4 8 1.13104e-11
5.6 8 6.82644e-11
5.8 8 3.80402e-10
6 8 1.95712e-09
6.2 8 9.29637e-09
6.4 8 4.07689e-08
6.6 8 1.65067e-07
6.8 8 6.17024e-07
7 8 2.12938e-06
7.2 8 6.7844e-06
7.4 8 1.9956e-05
7.6 8 5.41921e-05
7.8 8 0.000135862
8 8 0.000314453
8.2 8 0.000671909
8.4 8 0.00132543
8.6 8 0.00241377
8.8 8 0.00405814
9 8 0.00629863
9.2 8 0.00902514
9.4 8 0.0119385
9.6 8 0.0145792
9.8 8 0.0164363
10 8 0.0171065
10.2 8 0.0164363
10.4 8 0.0145792
10.6 8 0.0119385
10.8 8 0.00902514
11 8 0.00629863
11.2 8 0.00405814
11.4 8 0.00241377
11.6 8 0.00132543
11.8 8 0.000671909
12 8 0.000314453
12.2 8 0.000135862
12.4 8 5.41921e-05
12.6 8 1.9956e-05
12.8 8 6.7844e-06
13 8 2.12938e-06
13.2 8 6.17024e-07
13.4 8 1.65067e-07
13.6 8 4.07689e-08
13.8 8 9.29637e-09
14 8 1.95712e-09
14.2 8 3.80402e-10
14.4 8 6.82644e-11
14.6 8 1.13104e-11
14.8 8 1.72889e-12
5.2 8.2 3.69444e-12
5.4 8.2 2.41688e-11
5.6 8.2 1.45871e-10
5.8 8.2 8.1286e-10
6 8.2 4.18203e-09
6.2 8.2 1.98647e-08
6.4 8.2 8.71154e-08
6.6 8.2 3.52714e-07
6.8 8.2 1.31845e-06
7 8.2 4.55003e-06
7.2 8.2 1.44967e-05
7.4 8.2 4.26413e-05
7.6 8.2 0.000115796
7.8 8.2 0.000290304
8 8.2 0.000671909
8.2 8.2 0.0014357
8.4 8.2 0.00283211
8.6 8.2 0.0051576
8.8 8.2 0.00867116
9 8.2 0.0134585
9.2 8.2 0.0192843
9.4 8.2 0.0255094
9.6 8.2 0.0311518
9.8 8.2 0.0351198
10 8.2 0.0365518
10.2 8.2 0.0351198
10.4 8.2 0.0311518
10.6 8.2 0.0255094
10.8 8.2 0.0192843
11 8.2 0.0134585
11.2 8.2 0.00867116
11.4 8.2 0.0051576
11.6 8.2 0.00283211
11.8 8.2 0.0014357
12 8.2 0.000671909
12.2 8.2 0.000290304
12.4 8.2 0.000115796
12.6 8.2 4.26413e-05
12.8 8.2 1.44967e-05
13 8.2 4.55003e-06
13.2 8.2 1.31845e-06
13.4 8.2 3.52714e-07
13.6 8.2 8.71154e-08
13.8 8.2 1.98647e-08
14 8.2 4.18203e-09
14.2 8.2 8.1286e-10
14.4 8.2 1.45871e-10
14.6 8.2 2.41688e-11
14.8 8.2 3.69444e-12
5.2 8.4 7.28819e-12
5.4 8.4 4.76788e-11
5.6 8.4 2.87764e-10
5.8 8.4 1.60354e-09
6 8.4 8.24992e-09
6.2 8.4 3.9187e-08
6.4 8.4 1.71851e-07
6.6 8.4 6.95792e-07
6.8 8.4 2.60087e-06
7 8.4 8.97567e-06
7.2 8.4 2.85971e-05
7.4 8.4 8.41164e-05
7.6 8.4 0.000228424
7.8 8.4 0.000572665
8 8.4 0.00132543
8.2 8.4 0.00283211
8.4 8.4 0.0055867
8.6 8.4 0.010174
8.8 8.4 0.0171049
9 8.4 0.0265485
9.2 8.4 0.0380406
9.4 8.4 0.0503203
9.6 8.4 0.0614505
9.8 8.4 0.069278
10 8.4 0.0721028
10.2 8.4 0.069278
10.4 8.4 0.0614505
10.6 8.4 0.0503203
10.8 8.4 0.0380406
11 8.4 0.0265485
11.2 8.4 0.0171049
11.4 8.4 0.010174
11.6 8.4 0.0055867
11.8 8.4 0.00283211
12 8.4 0.00132543
12.2 8.4 0.000572665
12.4 8.4 0.000228424
12.6 8.4 8.41164e-05
12.8 8.4 2.85971e-05
13 8.4 8.97567e-06
13.2 8.4 2.60087e-06
13.4 8.4 6.95792e-07
13.6 8.4 1.71851e-07
13.8 8.4 3.9187e-08
14 8.4 8.24992e-09
14.2 8.4 1.60354e-09
14.4 8.4 2.87764e-10
14.6 8.4 4.76788e-11
14.8 8.4 7.28819e-12
5.2 8.6 1.32733e-11
5.4 8.6 8.68328e-11
5.6 8.6 5.24075e-10
5.8 8.6 2.92035e-09
6 8.6 1.50246e-08
6.2 8.6 7.13661e-08
6.4 8.6 3.12969e-07
6.6 8.6 1.26715e-06
6.8 8.6 4.73657e-06
7 8.6 1.6346e-05
7.2 8.6 5.20793e-05
7.4 8.6 0.000153187
7.6 8.6 0.000415989
7.8 8.6 0.0010429
8 8.6 0.00241377
8.2 8.6 0.0051576
8.4 8.6 0.010174
8.6 8.6 0.0185281
8.8 8.6 0.03115
9 8.6 0.0483478
9.2 8.6 0.0692761
9.4 8.6 0.0916387
9.6 8.6 0.111908
9.8 8.6 0.126163
10 8.6 0.131307
10.2 8.6 0.126163
10.4 8.6 0.111908
10.6 8.6 0.0916387
10.8 8.6 0.0692761
11 8.6 0.0483478
11.2 8.6 0.03115
11.4 8.6 0.0185281
11.6 8.6 0.010174
11.8 8.6 0.0051576
12 8.6 0.00241377
12.2 8.6 0.0010429
12.4 8.6 0.000415989
12.6 8.6 0.000153187
12.8 8.6 5.20793e-05
13 8.6 1.6346e-05
13.2 8.6 4.73657e-06
13.4 8.6 1.26715e-06
13.6 8.6 3.12969e-07
13.8 8.6 7.13661e-08
14 8.6 1.50246e-08
14.2 8.6 2.92035e-09
14.4 8.6 5.24075e-10
14.6 8.6 8.68328e-11
14.8 8.6 1.32733e-11
5.2 8.8 2.23166e-11
5.4 8.8 1.45992e-10
5.6 8.8 8.81126e-10
5.8 8.8 4.90995e-09
6 8.8 2.52605e-08
6.2 8.8 1.19986e-07
6.4 8.8 5.26186e-07
6.6 8.8 2.13041e-06
6.8 8.8 7.96342e-06
7 8.8 2.74818e-05
7.2 8.8 8.75585e-05
7.4 8.8 0.000257546
7.6 8.8 0.000699381
7.8 8.8 0.00175336
8 8.8 0.00405814
8.2 8.8 0.00867116
8.4 8.8 0.0171049
8.6 8.8 0.03115
8.8 8.8 0.0523705
9 8.8 0.0812838
9.2 8.8 0.116469
9.4 8.8 0.154066
9.6 8.8 0.188143
9.8 8.8 0.212108
10 8.8 0.220757
10.2 8.8 0.212108
10.4 8.8 0.188143
10.6 8.8 0.154066
10.8 8.8 0.116469
11 8.8 0.0812838
11.2 8.8 0.0523705
11.4 8.8 0.03115
11.6 8.8 0.0171049
11.8 8.8 0.00867116
12 8.8 0.00405814
12.2 8.8 0.00175336
12.4 8.8 0.000699381
12.6 8.8 0.000257546
12.8 8.8 8.75585e-05
13 8.8 2.74818e-05
13.2 8.8 7.96342e-06
13.4 8.8 2.13041e-06
13.6 8.8 5.26186e-07
13.8 8.8 1.19986e-07
14 8.8 2.52605e-08
14.2 8.8 4.90995e-09
14.4 8.8 8.81126e-10
14.6 8.8 1.45992e-10
14.8 8.8 2.23166e-11
5.2 9 3.46388e-11
5.4 9 2.26602e-10
5.6 9 1.36763e-09
5.8 9 7.62091e-09
6 9 3.92077e-08
6.2 9 1.86234e-07
6.4 9 8.16706e-07
6.6 9 3.30665e-06
6.8 9 1.23601e-05
7 9 4.26549e-05
7.2 9 0.0001359
7.4 9 0.000399739
7.6 9 0.00108551
7.8 9 0.00272139
8 9 0.00629863
8.2 9 0.0134585
8.4 9 0.0265485
8.6 9 0.0483478
8.8 9 0.0812838
9 9 0.12616
9.2 9 0.180771
9.4 9 0.239124
9.6 9 0.292015
9.8 9 0.329211
10 9 0.342635
10.2 9 0.329211
10.4 9 0.292015
10.6 9 0.239124
10.8 9 0.180771
11 9 0.12616
11.2 9 0.0812838
11.4 9 0.0483478
11.6 9 0.0265485
11.8 9 0.0134585
12 9 0.00629863
12.2 9 0.00272139
12.4 9 0.00108551
12.6 9 0.000399739
12.8 9 0.0001359
13 9 4.26549e-05
13.2 9 1.23601e-05
13.4 9 3.30665e-06
13.6 9 8.16706e-07
13.8 9 1.86234e-07
14 9 3.92077e-08
14.2 9 7.62091e-09
14.4 9 1.36763e-09
14.6 9 2.26602e-10
14.8 9 3.46388e-11
5.2 9.2 4.96344e-11
5.4 9.2 3.247e-10
5.6 9.2 1.95969e-09
5.8 9.2 1.092e-08
6 9.2 5.61807e-08
6.2 9.2 2.66854e-07
6.4 9.2 1.17025e-06
6.6 9.2 4.73806e-06
6.8 9.2 1.77107e-05
7 9.2 6.11195e-05
7.2 9.2 0.000194729
7.4 9.2 0.000572778
7.6 9.2 0.0015554
7.8 9.2 0.00389942
8 9.2 0.00902514
8.2 9.2 0.0192843
8.4 9.2 0.0380406
8.6 9.2 0.0692761
8.8 9.2 0.116469
9 9.2 0.180771
9.2 9.2 0.259021
9.4 9.2 0.342633
9.6 9.2 0.418419
9.8 9.2 0.471716
10 9.2 0.49095
10.2 9.2 0.471716
10.4 9.2 0.418419
10.6 9.2 0.342633
10.8 9.2 0.259021
11 9.2 0.180771
11.2 9.2 0.116469
11.4 9.2 0.0692761
11.6 9.2 0.0380406
11.8 9.2 0.0192843
12 9.2 0.00902514
12.2 9.2 0.00389942
12.4 9.2 0.0015554
12.6 9.2 0.000572778
12.8 9.2 0.000194729
13 9.2 6.11195e-05
13.2 9.2 1.77107e-05
13.4 9.2 4.73806e-06
13.6 9.2 1.17025e-06
13.8 9.2 2.66854e-07
14 9.2 5.61807e-08
14.2 9.2 1.092e-08
14.4 9.2 1.95969e-09
14.6 9.2 3.247e-10
14.8 9.2 4.96344e-11
5.2 9.4 6.56581e-11
5.4 9.4 4.29524e-10
5.6 9.4 2.59234e-09
5.8 9.4 1.44453e-08
6 9.4 7.43171e-08
6.2 9.4 3.53e-07
6.4 9.4 1.54803e-06
6.6 9.4 6.26759e-06
6.8 9.4 2.34279e-05
7 9.4 8.08496e-05
7.2 9.4 0.00025759
7.4 9.4 0.000757676
7.6 9.4 0.0020575
7.8 9.4 0.00515818
8 9.4 0.0119385
8.2 9.4 0.0255094
8.4 9.4 0.0503203
8.6 9.4 0.0916387
8.8 9.4 0.154066
9 9.4 0.239124
9.2 9.4 0.342633
9.4 9.4 0.453235
9.6 9.4 0.553485
9.8 9.4 0.623986
10 9.4 0.649429
10.2 9.4 0.623986
10.4 9.4 0.553485
10.6 9.4 0.453235
10.8 9.4 0.342633
11 9.4 0.239124
11.2 9.4 0.154066
11.4 9.4 0.0916387
11.6 9.4 0.0503203
11.8 9.4 0.0255094
12 9.4 0.0119385
12.2 9.4 0.00515818
12.4 9.4 0.0020575
12.6 9.4 0.000757676
12.8 9.4 0.00025759
13 9.4 8.08496e-05
13.2 9.4 2.34279e-05
13.4 9.4 6.26759e-06
13.6 9.4 1.54803e-06
13.8 9.4 3.53e-07
14 9.4 7.43171e-08
14.2 9.4 1.44453e-08
14.4 9.4 2.59234e-09
14.6 9.4 4.29524e-10
14.8 9.4 6.56581e-11
5.2 9.6 8.01822e-11
5.4 9.6 5.24538e-10
5.6 9.6 3.16577e-09
5.8 9.6 1.76406e-08
6 9.6 9.07562e-08
6.2 9.6 4.31083e-07
6.4 9.6 1.89045e-06
6.6 9.6 7.65396e-06
6.8 9.6 2.86101e-05
7 9.6 9.87331e-05
7.2 9.6 0.000314567
7.4 9.6 0.000925268
7.6 9.6 0.0025126
7.8 9.6 0.00629912
8 9.6 0.0145792
8.2 9.6 0.0311518
8.4 9.6 0.0614505
8.6 9.6 0.111908
8.8 9.6 0.188143
9 9.6 0.292015
9.2 9.6 0.418419
9.4 9.6 0.553485
9.6 9.6 0.675908
9.8 9.6 0.762004
10 9.6 0.793074
10.2 9.6 0.762004
10.4 9.6 0.675908
10.6 9.6 0.553485
10.8 9.6 0.418419
11 9.6 0.292015
11.2 9.6 0.188143
11.4 9.6 0.111908
11.6 9.6 0.0614505
11.8 9.6 0.0311518
12 9.6 0.0145792
12.2 9.6 0.00629912
12.4 9.6 0.0025126
12.6 9.6 0.000925268
12.8 9.6 0.000314567
13 9.6 9.87331e-05
13.2 9.6 2.86101e-05
13.4 9.6 7.65396e-06
13.6 9.6 1.89045e-06
13.8 9.6 4.31083e-07
14 9.6 9.07562e-08
14.2 9.6 1.76406e-08
14.4 9.6 3.16577e-09
14.6 9.6 5.24538e-10
14.8 9.6 8.01822e-11
5.2 9.8 9.03966e-11
5.4 9.8 5.91358e-10
5.6 9.8 3.56906e-09
5.8 9.8 1.98878e-08
6 9.8 1.02317e-07
6.2 9.8 4.85997e-07
6.4 9.8 2.13126e-06
6.6 9.8 8.62895e-06
6.8 9.8 3.22545e-05
7 9.8 0.00011131
7.2 9.8 0.000354637
7.4 9.8 0.00104313
7.6 9.8 0.00283266
7.8 9.8 0.0071015
8 9.8 0.0164363
8.2 9.8 0.0351198
8.4 9.8 0.069278
8.6 9.8 0.126163
8.8 9.8 0.212108
9 9.8 0.329211
9.2 9.8 0.471716
9.4 9.8 0.623986
9.6 9.8 0.762004
9.8 9.8 0.859066
10 9.8 0.894094
10.2 9.8 0.859066
10.4 9.8 0.762004
10.6 9.8 0.623986
10.8 9.8 0.471716
11 9.8 0.329211
11.2 9.8 0.212108
11.4 9.8 0.126163
11.6 9.8 0.069278
11.8 9.8 0.0351198
12 9.8 0.0164363
12.2 9.8 0.0071015
12.4 9.8 0.00283266
12.6 9.8 0.00104313
12.8 9.8 0.000354637
13 9.8 0.00011131
13.2 9.8 3.22545e-05
13.4 9.8 8.62895e-06
13.6 9.8 2.13126e-06
13.8 9.8 4.85997e-07
14 9.8 1.02317e-07
14.2 9.8 1.98878e-08
14.4 9.8 3.56906e-09
14.6 9.8 5.91358e-10
14.8 9.8 9.03966e-11
5.2 10 9.40828e-11
5.4 10 6.15472e-10
5.6 10 3.71459e-09
5.8 10 2.06988e-08
6 10 1.06489e-07
6.2 10 5.05814e-07
6.4 10 2.21817e-06
6.6 10 8.9808e-06
6.8 10 3.35697e-05
7 10 0.000115849
7.2 10 0.000369097
7.4 10 0.00108566
7.6 10 0.00294816
7.8 10 0.00739106
8 10 0.0171065
8.2 10 0.0365518
8.4 10 0.0721028
8.6 10 0.131307
8.8 10 0.220757
9 10 0.342635
9.2 10 0.49095
9.4 10 0.649429
9.6 10 0.793074
9.8 10 0.894094
10 10 0.93055
10.2 10 0.894094
10.4 10 0.793074
10.6 10 0.649429
10.8 10 0.49095
11 10 0.342635
11.2 10 0.220757
11.4 10 0.131307
11.6 10 0.0721028
11.8 10 0.0365518
12 10 0.0171065
12.2 10 0.00739106
12.4 10 0.00294816
12.6 10 0.00108566
12.8 10 0.000369097
13 10 0.000115849
13.2 10 3.35697e-05
13.4 10 8.9808e-06
13.6 10 2.21817e-06
13.8 10 5.05814e-07
14 10 1.06489e-07
14.2 10 2.06988e-08
14.4 10 3.71459e-09
14.6 10 6.15472e-10
14.8 10 9.40828e-11
5.2 10.2 9.03966e-11
5.4 10.2 5.91358e-10
5.6 10.2 3.56906e-09
5.8 10.2 1.98878e-08
6 10.2 1.02317e-07
6.2 10.2 4.85997e-07
6.4 10.2 2.13126e-06
6.6 10.2 8.62895e-06
6.8 10.2 3.22545e-05
7 10.2 0.00011131
7.2 10.2 0.000354637
7.4 10.2 0.00104313
7.6 10.2 0.00283266
7.8 10.2 0.0071015
8 10.2 0.0164363
8.2 10.2 0.0351198
8.4 10.2 0.069278
8.6 10.2 0.126163
8.8 10.2 0.212108
9 10.2 0.329211
9.2 10.2 0.471716
9.4 10.2 0.623986
9.6 10.2 0.762004
9.8 10.2 0.859066
10 10.2 0.894094
10.2 10.2 0.859066
10.4 10.2 0.762004
10.6 10.2 0.623986
10.8 10.2 0.471716
11 10.2 0.329211
11.2 10.2 0.212108
11.4 10.2 0.126163
11.6 10.2 0.069278
11.8 10.2 0.0351198
12 10.2 0.0164363
12.2 10.2 0.0071015
12.4 10.2 0.00283266
12.6 10.2 0.00104313
12.8 10.2 0.000354637
13 10.2 0.00011131
13.2 10.2 3.22545e-05
13.4 10.2 8.62895e-06
13.6 10.2 2.13126e-06
13.8 10.2 4.85997e-07
14 10.2 1.02317e-07
14.2 10.2 1.98878e-08
14.4 10.2 3.56906e-09
14.6 10.2 5.91358e-10
14.8 10.2 9.03966e-11
5.2 10.4 8.01822e-11
5.4 10.4 5.24538e-10
5.6 10.4 3.16577e-09
5.8 10.4 1.76406e-08
6 10.4 9.07562e-08
6.2 10.4 4.31083e-07
6.4 10.4 1.89045e-06
6.6 10.4 7.65396e-06
6.8 10.4 2.86101e-05
7 10.4 9.87331e-05
7.2 10.4 0.000314567
7.4 10.4 0.000925268
7.6 10.4 0.0025126
7.8 10.4 0.00629912
8 10.4 0.0145792
8.2 10.4 0.0311518
8.4 10.4 0.0614505
8.6 10.4 0.111908
8.8 10.4 0.188143
9 10.4 0.292015
9.2 10.4 0.418419
9.4 10.4 0.553485
9.6 10.4 0.675908
9.8 10.4 0.762004
10 10.4 0.793074
10.2 10.4 0.762004
10.4 10.4 0.675908
10.6 10.4 0.553485
10.8 10.4 0.418419
11 10.4 0.292015
11.2 10.4 0.188143
11.4 10.4 0.111908
11.6 10.4 0.0614505
11.8 10.4 0.0311518
12 10.4 0.0145792
12.2 10.4 0.00629912
12.4 10.4 0.0025126
12.6 10.4 0.000925268
12.8 10.4 0.000314567
13 10.4 9.87331e-05
13.2 10.4 2.86101e-05
13.4 10.4 7.65396e-06
13.6 10.4 1.89045e-06
13.8 10.4 4.31083e-07
14 10.4 9.07562e-08
14.2 10.4 1.76406e-08
14.4 10.4 3.16577e-09
14.6 10.4 5.24538e-10
14.8 10.4 8.01822e-11
5.2 10.6 6.56581e-11
5.4 10.6 4.29524e-10
5.6 10.6 2.59234e-09
5.8 10.6 1.44453e-08
6 10.6 7.43171e-08
6.2 10.6 3.53e-07
6.4 10.6 1.54803e-06
6.6 10.6 6.26759e-06
6.8 10.6 2.34279e-05
7 10.6 8.08496e-05
7.2 10.6 0.00025759
7.4 10.6 0.000757676
7.6 10.6 0.0020575
7.8 10.6 0.00515818
8 10.6 0.0119385
8.2 10.6 0.0255094
8.4 10.6 0.0503203
8.6 10.6 0.0916387
8.8 10.6 0.154066
9 10.6 0.239124
9.2 10.6 0.342633
9.4 10.6 0.453235
9.6 10.6 0.553485
9.8 10.6 0.623986
10 10.6 0.649429
10.2 10.6 0.623986
10.4 10.6 0.553485
10.6 10.6 0.453235
10.8 10.6 0.342633
11 10.6 0.239124
11.2 10.6 0.154066
11.4 10.6 0.0916387
11.6 10.6 0.0503203
11.8 10.6 0.0255094
12 10.6 0.0119385
12.2 10.6 0.00515818
12.4 10.6 0.0020575
12.6 10.6 0.000757676
12.8 10.6 0.00025759
13 10.6 8.08496e-05
13.2 10.6 2.34279e-05
13.4 10.6 6.26759e-06
13.6 10.6 1.54803e-06
13.8 10.6 3.53e-07
14 10.6 7.43171e-08
14.2 10.6 1.44453e-08
14.4 10.6 2.59234e-09
14.6 10.6 4.29524e-10
14.8 10.6 6.56581e-11
5.2 10.8 4.96344e-11
5.4 10.8 3.247e-10
5.6 10.8 1.95969e-09
5.8 10.8 1.092e-08
6 10.8 5.61807e-08
6.2 10.8 2.66854e-07
6.4 10.8 1.17025e-06
6.6 10.8 4.73806e-06
6.8 10.8 1.77107e-05
7 10.8 6.11195e-05
7.2 10.8 0.000194729
7.4 10.8 0.000572778
7.6 10.8 0.0015554
7.8 10.8 0.00389942
8 10.8 0.00902514
8.2 10.8 0.0192843
8.4 10.8 0.0380406
8.6 10.8 0.0692761
8.8 10.8 0.116469
9 10.8 0.180771
9.2 10.8 0.259021
9.4 10.8 0.342633
9.6 10.8 0.418419
9.8 10.8 0.471716
10 10.8 0.49095
10.2 10.8 0.471716
10.4 10.8 0.418419
10.6 10.8 0.342633
10.8 10.8 0.259021
11 10.8 0.180771
11.2 10.8 0.116469
11.4 10.8 0.0692761
11.6 10.8 0.0380406
11.8 10.8 0.0192843
12 10.8 0.00902514
12.2 10.8 0.00389942
12.4 10.8 0.0015554
12.6 10.8 0.000572778
12.8 10.8 0.000194729
13 10.8 6.11195e-05
13.2 10.8 1.77107e-05
13.4 10.8 4.73806e-06
13.6 10.8 1.17025e-06
13.8 10.8 2.66854e-07
14 10.8 5.61807e-08
14.2 10.8 1.092e-08
14.4 10.8 1.95969e-09
14.6 10.8 3.247e-10
14.8 10.8 4.96344e-11
5.2 11 3.46388e-11
5.4 11 2.26602e-10
5.6 11 1.36763e-09
5.8 11 7.62091e-09
6 11 3.92077e-08
6.2 11 1.86234e-07
6.4 11 8.16706e-07
6.6 11 3.30665e-06
6.8 11 1.23601e-05
7 11 4.26549e-05
7.2 11 0.0001359
7.4 11 0.000399739
7.6 11 0.00108551
7.8 11 0.00272139
8 11 0.00629863
8.2 11 0.0134585
8.4 11 0.0265485
8.6 11 0.0483478
8.8 11 0.0812838
9 11 0.12616
9.2 11 0.180771
9.4 11 0.239124
9.6 11 0.292015
9.8 11 0.329211
10 11 0.342635
10.2 11 0.329211
10.4 11 0.292015
10.6 11 0.239124
10.8 11 0.180771
11 11 0.12616
11.2 11 0.0812838
11.4 11 0.0483478
11.6 11 0.0265485
11.8 11 0.0134585
12 11 0.00629863
12.2 11 0.00272139
12.4 11 0.00108551
12.6 11 0.000399739
12.8 11 0.0001359
13 11 4.26549e-05
13.2 11 1.23601e-05
13.4 11 3.30665e-06
13.6 11 8.16706e-07
13.8 11 1.86234e-07
14 11 3.92077e-08
14.2 11 7.62091e-09
14.4 11 1.36763e-09
14.6 11 2.26602e-10
14.8 11 3.46388e-11
5.2 11.2 2.23166e-11
5.4 11.2 1.45992e-10
5.6 11.2 8.81126e-10
5.8 11.2 4.90995e-09
6 11.2 2.52605e-08
6.2 11.2 1.19986e-07
6.4 11.2 5.26186e-07
6.6 11.2 2.13041e-06
6.8 11.2 7.96342e-06
7 11.2 2.74818e-05
7.2 11.2 8.75585e-05
7.4 11.2 0.000257546
7.6 11.2 0.000699381
7.8 11.2 0.00175336
8 11.2 0.00405814
8.2 11.2 0.00867116
8.4 11.2 0.0171049
8.6 11.2 0.03115
8.8 11.2 0.0523705
9 11.2 0.0812838
9.2 11.2 0.116469
9.4 11.2 0.154066
9.6 11.2 0.188143
9.8 11.2 0.212108
10 11.2 0.220757
10.2 11.2 0.212108
10.4 11.2 0.188143
10.6 11.2 0.154066
10.8 11.2 0.116469
11 11.2 0.0812838
11.2 11.2 0.0523705
11.4 11.2 0.03115
11.6 11.2 0.0171049
11.8 11.2 0.00867116
12 11.2 0.00405814
12.2 11.2 0.00175336
12.4 11.2 0.000699381
12.6 11.2 0.000257546
12.8 11.2 8.75585e-05
13 11.2 2.74818e-05
13.2 11.2 7.96342e-06
13.4 11.2 2.13041e-06
13.6 11.2 5.26186e-07
13.8 11.2 1.19986e-07
14 11.2 2.52605e-08
14.2 11.2 4.90995e-09
14.4 11.2 8.81126e-10
14.6 11.2 1.45992e-10
14.8 11.2 2.23166e-11
5.2 11.4 1.32733e-11
5.4 11.4 8.68328e-11
5.6 11.4 5.24075e-10
5.8 11.4 2.92035e-09
6 11.4 1.50246e-08
6.2 11.4 7.13661e-08
6.4 11.4 3.12969e-07
6.6 11.4 1.26715e-06
6.8 11.4 4.73657e-06
7 11.4 1.6346e-05
7.2 11.4 5.20793e-05
7.4 11.4 0.000153187
7.6 11.4 0.000415989
7.8 11.4 0.0010429
8 11.4 0.00241377
8.2 11.4 0.0051576
8.4 11.4 0.010174
8.6 11.4 0.0185281
8.8 11.4 0.03115
9 11.4 0.0483478
9.2 11.4 0.0692761
9.4 11.4 0.0916387
9.6 11.4 0.111908
9.8 11.4 0.126163
10 11.4 0.131307
10.2 11.4 0.126163
10.4 11.4 0.111908
10.6 11.4 0.0916387
10.8 11.4 0.0692761
11 11.4 0.0483478
11.2 11.4 0.03115
11.4 11.4 0.0185281
11.6 11.4 0.010174
11.8 11.4 0.0051576
12 11.4 0.00241377
12.2 11.4 0.0010429
12.4 11.4 0.000415989
12.6 11.4 0.000153187
12.8 11.4 5.20793e-05
13 11.4 1.6346e-05
13.2 11.4 4.73657e-06
13.4 11.4 1.26715e-06
13.6 11.4 3.12969e-07
13.8 11.4 7.13661e-08
14 11.4 1.50246e-08
14.2 11.4 2.92035e-09
14.4 11.4 5.24075e-10
14.6 11.4 8.68328e-11
14.8 11.4 1.32733e-11
5.2 11.6 7.28819e-12
5.4 11.6 4.76788e-11
5.6 11.6 2.87764e-10
5.8 11.6 1.60354e-09
6 11.6 8.24992e-09
6.2 11.6 3.9187e-08
6.4 11.6 1.71851e-07
6.6 11.6 6.95792e-07
6.8 11.6 2.60087e-06
7 11.6 8.97567e-06
7.2 11.6 2.85971e-05
7.4 11.6 8.41164e-05
7.6 11.6 0.000228424
7.8 11.6 0.000572665
8 11.6 0.00132543
8.2 11.6 0.00283211
8.4 11.6 0.0055867
8.6 11.6 0.010174
8.8 11.6 0.0171049
9 11.6 0.0265485
9.2 11.6 0.0380406
9.4 11.6 0.0503203
9.6 11.6 0.0614505
9.8 11.6 0.069278
10 11.6 0.0721028
10.2 11.6 0.069278
10.4 11.6 0.0614505
10.6 11.6 0.0503203
10.8 11.6 0.0380406
11 11.6 0.0265485
11.2 11.6 0.0171049
11.4 11.6 0.010174
11.6 11.6 0.0055867
11.8 11.6 0.00283211
12 11.6 0.00132543
12.2 11.6 0.000572665
12.4 11.6 0.000228424
12.6 11.6 8.41164e-05
12.8 11.6 2.85971e-05
13 11.6 8.97567e-06
13.2 11.6 2.60087e-06
13.4 11.6 6.95792e-07
13.6 11.6 1.71851e-07
13.8 11.6 3.9187e-08
14 11.6 8.24992e-09
14.2 11.6 1.60354e-09
14.4 11.6 2.87764e-10
14.6 11.6 4.76788e-11
14.8 11.6 7.28819e-12
5.2 11.8 3.69444e-12
5.4 11.8 2.41688e-11
5.6 11.8 1.45871e-10
5.8 11.8 8.1286e-10
6 11.8 4.18203e-09
6.2 11.8 1.98647e-08
6.4 11.8 8.71154e-08
6.6 11.8 3.52714e-07
6.8 11.8 1.31845e-06
7 11.8 4.55003e-06
7.2 11.8 1.44967e-05
7.4 11.8 4.26413e-05
7.6 11.8 0.000115796
7.8 11.8 0.000290304
8 11.8 0.000671909
8.2 11.8 0.0014357
8.4 11.8 0.00283211
8.6 11.8 0.0051576
8.8 11.8 0.00867116
9 11.8 0.0134585
9.2 11.8 0.0192843
9.4 11.8 0.0255094
9.6 11.8 0.0311518
9.8 11.8 0.0351198
10 11.8 0.0365518
10.2 11.8 0.0351198
10.4 11.8 0.0311518
10.6 11.8 0.0255094
10.8 11.8 0.0192843
11 11.8 0.0134585
11.2 11.8 0.00867116
11.4 11.8 0.0051576
11.6 11.8 0.00283211
11.8 11.8 0.0014357
12 11.8 0.000671909
12.2 11.8 0.000290304
12.4 11.8 0.000115796
12.6 11.8 4.26413e-05
12.8 11.8 1.44967e-05
13 11.8 4.55003e-06
13.2 11.8 1.31845e-06
13.4 11.8 3.52714e-07
13.6 11.8 8.71154e-08
13.8 11.8 1.98647e-08
14 11.8 4.18203e-09
14.2 11.8 8.1286e-10
14.4 11.8 1.45871e-10
14.6 11.8 2.41688e-11
14.8 11.8 3.69444e-12
5.2 12 1.72889e-12
5.4 12 1.13104e-11
5.6 12 6.82644e-11
5.8 12 3.80402e-10
6 12 1.95712e-09
6.2 12 9.29637e-09
6.4 12 4.07689e-08
6.6 12 1.65067e-07
6.8 12 6.17024e-07
7 12 2.12938e-06
7.2 12 6.7844e-06
7.4 12 1.9956e-05
7.6 12 5.41921e-05
7.8 12 0.000135862
8 12 0.000314453
8.2 12 0.000671909
8.4 12 0.00132543
8.6 12 0.00241377
8.8 12 0.00405814
9 12 0.00629863
9.2 12 0.00902514
9.4 12 0.0119385
9.6 12 0.0145792
9.8 12 0.0164363
10 12 0.0171065
10.2 12 0.0164363
10.4 12 0.0145792
10.6 12 0.0119385
10.8 12 0.00902514
11 12 0.00629863
11.2 12 0.00405814
11.4 12 0.00241377
11.6 12 0.00132543
11.8 12 0.000671909
12 12 0.000314453
12.2 12 0.000135862
12.4 12 5.41921e-05
12.6 12 1.9956e-05
12.8 12 6.7844e-06
13 12 2.12938e-06
13.2 12 6.17024e-07
13.4 12 1.65067e-07
13.6 12 4.07689e-08
13.8 12 9.29637e-09
14 12 1.95712e-09
14.2 12 3.80402e-10
14.4 12 6.82644e-11
14.6 12 1.13104e-11
14.8 12 1.72889e-12
5.2 12.2 7.46926e-13
5.4 12.2 4.88641e-12
5.6 12.2 2.94924e-11
5.8 12.2 1.64347e-10
6 12.2 8.4555e-10
6.2 12.2 4.01641e-09
6.4 12.2 1.76139e-08
6.6 12.2 7.13163e-08
6.8 12.2 2.66584e-07
7 12.2 9.19999e-07
7.2 12.2 2.93121e-06
7.4 12.2 8.62205e-06
7.6 12.2 2.3414e-05
7.8 12.2 5.87e-05
8 12.2 0.000135862
8.2 12.2 0.000290304
8.4 12.2 0.000572665
8.6 12.2 0.0010429
8.8 12.2 0.00175336
9 12.2 0.00272139
9.2 12.2 0.00389942
9.4 12.2 0.00515818
9.6 12.2 0.00629912
9.8 12.2 0.0071015
10 12.2 0.00739106
10.2 12.2 0.0071015
10.4 12.2 0.00629912
10.6 12.2 0.00515818
10.8 12.2 0.00389942
11 12.2 0.00272139
11.2 12.2 0.00175336
11.4 12.2 0.0010429
11.6 12.2 0.000572665
11.8 12.2 0.000290304
12 12.2 0.000135862
12.2 12.2 5.87e-05
12.4 12.2 2.3414e-05
12.6 12.2 8.62205e-06
12.8 12.2 2.93121e-06
13 12.2 9.19999e-07
13.2 12.2 2.66584e-07
13.4 12.2 7.13163e-08
13.6 12.2 1.76139e-08
13.8 12.2 4.01641e-09
14 12.2 8.4555e-10
14.2 12.2 1.64347e-10
14.4 12.2 2.94924e-11
14.6 12.2 4.88641e-12
14.8 12.2 7.46926e-13
5.2 12.4 2.97908e-13
5.4 12.4 1.94893e-12
5.6 12.4 1.17631e-11
5.8 12.4 6.55505e-11
6 12.4 3.37253e-10
6.2 12.4 1.60199e-09
6.4 12.4 7.02553e-09
6.6 12.4 2.84456e-08
6.8 12.4 1.06331e-07
7 12.4 3.66959e-07
7.2 12.4 1.16917e-06
7.4 12.4 3.4391e-06
7.6 12.4 9.33921e-06
7.8 12.4 2.3414e-05
8 12.4 5.41921e-05
8.2 12.4 0.000115796
8.4 12.4 0.000228424
8.6 12.4 0.000415989
8.8 12.4 0.000699381
9 12.4 0.00108551
9.2 12.4 0.0015554
9.4 12.4 0.0020575
9.6 12.4 0.0025126
9.8 12.4 0.00283266
10 12.4 0.00294816
10.2 12.4 0.00283266
10.4 12.4 0.0025126
10.6 12.4 0.0020575
10.8 12.4 0.0015554
11 12.4 0.00108551
11.2 12.4 0.000699381
11.4 12.4 0.000415989
11.6 12.4 0.000228424
11.8 12.4 0.000115796
12 12.4 5.41921e-05
12.2 12.4 2.3414e-05
12.4 12.4 9.33921e-06
12.6 12.4 3.4391e-06
12.8 12.4 1.16917e-06
13 12.4 3.66959e-07
13.2 12.4 1.06331e-07
13.4 12.4 2.84456e-08
13.6 12.4 7.02553e-09
13.8 12.4 1.60199e-09
14 12.4 3.37253e-10
14.2 12.4 6.55505e-11
14.4 12.4 1.17631e-11
14.6 12.4 1.94893e-12
14.8 12.4 2.97908e-13
5.2 12.6 1.09694e-13
5.4 12.6 7.17627e-13
5.6 12.6 4.33139e-12
5.8 12.6 2.41372e-11
6 12.6 1.24185e-10
6.2 12.6 5.89897e-10
6.4 12.6 2.58702e-09
6.6 12.6 1.04746e-08
6.8 12.6 3.9155e-08
7 12.6 1.35128e-07
7.2 12.6 4.30536e-07
7.4 12.6 1.26642e-06
7.6 12.6 3.4391e-06
7.8 12.6 8.62205e-06
8 12.6 1.9956e-05
8.2 12.6 4.26413e-05
8.4 12.6 8.41164e-05
8.6 12.6 0.000153187
8.8 12.6 0.000257546
9 12.6 0.000399739
9.2 12.6 0.000572778
9.4 12.6 0.000757676
9.6 12.6 0.000925268
9.8 12.6 0.00104313
10 12.6 0.00108566
10.2 12.6 0.00104313
10.4 12.6 0.000925268
10.6 12.6 0.000757676
10.8 12.6 0.000572778
11 12.6 0.000399739
11.2 12.6 0.000257546
11.4 12.6 0.000153187
11.6 12.6 8.41164e-05
11.8 12.6 4.26413e-05
12 12.6 1.9956e-05
12.2 12.6 8.62205e-06
12.4 12.6 3.4391e-06
12.6 12.6 1.26642e-06
12.8 12.6 4.30536e-07
13 12.6 1.35128e-07
13.2 12.6 3.9155e-08
13.4 12.6 1.04746e-08
13.6 12.6 2.58702e-09
13.8 12.6 5.89897e-10
14 12.6 1.24185e-10
14.2 12.6 2.41372e-11
14.4 12.6 4.33139e-12
14.6 12.6 7.17627e-13
14.8 12.6 1.09694e-13
5.2 12.8 3.72887e-14
5.4 12.8 2.43949e-13
5.6 12.8 1.47242e-12
5.8 12.8 8.20531e-12
6 12.8 4.22166e-11
6.2 12.8 2.00536e-10
6.4 12.8 8.79466e-10
6.6 12.8 3.56091e-09
6.8 12.8 1.33111e-08
7 12.8 4.59382e-08
7.2 12.8 1.46366e-07
7.4 12.8 4.30536e-07
7.6 12.8 1.16917e-06
7.8 12.8 2.93121e-06
8 12.8 6.7844e-06
8.2 12.8 1.44967e-05
8.4 12.8 2.85971e-05
8.6 12.8 5.20793e-05
8.8 12.8 8.75585e-05
9 12.8 0.0001359
9.2 12.8 0.000194729
9.4 12.8 0.00025759
9.6 12.8 0.000314567
9.8 12.8 0.000354637
10 12.8 0.000369097
10.2 12.8 0.000354637
10.4 12.8 0.000314567
10.6 12.8 0.00025759
10.8 12.8 0.000194729
11 12.8 0.0001359
11.2 12.8 8.75585e-05
11.4 12.8 5.20793e-05
11.6 12.8 2.85971e-05
11.8 12.8 1.44967e-05
12 12.8 6.7844e-06
12.2 12.8 2.93121e-06
12.4 12.8 1.16917e-06
12.6 12.8 4.30536e-07
12.8 12.8 1.46366e-07
13 12.8 4.59382e-08
13.2 12.8 1.33111e-08
13.4 12.8 3.56091e-09
13.6 12.8 8.79466e-10
13.8 12.8 2.00536e-10
14 12.8 4.22166e-11
14.2 12.8 8.20531e-12
14.4 12.8 1.47242e-12
14.6 12.8 2.43949e-13
14.8 12.8 3.72887e-14
5.2 13 1.17024e-14
5.4 13 7.65595e-14
5.6 13 4.62101e-13
5.8 13 2.57516e-12
6 13 1.32494e-11
6.2 13 6.29376e-11
6.4 13 2.7602e-10
6.6 13 1.1176e-09
6.8 13 4.17774e-09
7 13 1.4418e-08
7.2 13 4.59382e-08
7.4 13 1.35128e-07
7.6 13 3.66959e-07
7.8 13 9.19999e-07
8 13 2.12938e-06
8.2 13 4.55003e-06
8.4 13 8.97567e-06
8.6 13 1.6346e-05
8.8 13 2.74818e-05
9 13 4.26549e-05
9.2 13 6.11195e-05
9.4 13 8.08496e-05
9.6 13 9.87331e-05
9.8 13 0.00011131
10 13 0.000115849
10.2 13 0.00011131
10.4 13 9.87331e-05
10.6 13 8.08496e-05
10.8 13 6.11195e-05
11 13 4.26549e-05
11.2 13 2.74818e-05
11.4 13 1.6346e-05
11.6 13 8.97567e-06
11.8 13 4.55003e-06
12 13 2.12938e-06
12.2 13 9.19999e-07
12.4 13 3.66959e-07
12.6 13 1.35128e-07
12.8 13 4.59382e-08
13 13 1.4418e-08
13.2 13 4.17774e-09
13.4 13 1.1176e-09
13.6 13 2.7602e-10
13.8 13 6.29376e-11
14 13 1.32494e-11
14.2 13 2.57516e-12
14.4 13 4.62101e-13
14.6 13 7.65595e-14
14.8 13 1.17024e-14
5.2 13.2 3.39057e-15
5.4 13.2 2.2182e-14
5.6 13.2 1.33889e-13
5.8 13.2 7.46135e-13
6 13.2 3.83897e-12
6.2 13.2 1.82361e-11
6.4 13.2 7.99773e-11
6.6 13.2 3.23829e-10
6.8 13.2 1.21053e-09
7 13.2 4.17774e-09
7.2 13.2 1.33111e-08
7.4 13.2 3.9155e-08
7.6 13.2 1.06331e-07
7.8 13.2 2.66584e-07
8 13.2 6.17024e-07
8.2 13.2 1.31845e-06
8.4 13.2 2.60087e-06
8.6 13.2 4.73657e-06
8.8 13.2 7.96342e-06
9 13.2 1.23601e-05
9.2 13.2 1.77107e-05
9.4 13.2 2.34279e-05
9.6 13.2 2.86101e-05
9.8 13.2 3.22545e-05
10 13.2 3.35697e-05
10.2 13.2 3.22545e-05
10.4 13.2 2.86101e-05
10.6 13.2 2.34279e-05
10.8 13.2 1.77107e-05
11 13.2 1.23601e-05
11.2 13.2 7.96342e-06
11.4 13.2 4.73657e-06
11.6 13.2 2.60087e-06
11.8 13.2 1.31845e-06
12 13.2 6.17024e-07
12.2 13.2 2.66584e-07
12.4 13.2 1.06331e-07
12.6 13.2 3.9155e-08
12.8 13.2 1.33111e-08
13 13.2 4.17774e-09
13.2 13.2 1.21053e-09
13.4 13.2 3.23829e-10
13.6 13.2 7.99773e-11
13.8 13.2 1.82361e-11
14 13.2 3.83897e-12
14.2 13.2 7.46135e-13
14.4 13.2 1.33889e-13
14.6 13.2 2.2182e-14
14.8 13.2 3.39057e-15
5.2 13.4 9.06933e-16
5.4 13.4 5.93347e-15
5.6 13.4 3.58145e-14
5.8 13.4 1.99589e-13
6 13.4 1.02692e-12
6.2 13.4 4.87821e-12
6.4 13.4 2.13944e-11
6.6 13.4 8.66268e-11
6.8 13.4 3.23829e-10
7 13.4 1.1176e-09
7.2 13.4 3.56091e-09
7.4 13.4 1.04746e-08
7.6 13.4 2.84456e-08
7.8 13.4 7.13163e-08
8 13.4 1.65067e-07
8.2 13.4 3.52714e-07
8.4 13.4 6.95792e-07
8.6 13.4 1.26715e-06
8.8 13.4 2.13041e-06
9 13.4 3.30665e-06
9.2 13.4 4.73806e-06
9.4 13.4 6.26759e-06
9.6 13.4 7.65396e-06
9.8 13.4 8.62895e-06
10 13.4 8.9808e-06
10.2 13.4 8.62895e-06
10.4 13.4 7.65396e-06
10.6 13.4 6.26759e-06
10.8 13.4 4.73806e-06
11 13.4 3.30665e-06
11.2 13.4 2.13041e-06
11.4 13.4 1.26715e-06
11.6 13.4 6.95792e-07
11.8 13.4 3.52714e-07
12 13.4 1.65067e-07
12.2 13.4 7.13163e-08
12.4 13.4 2.84456e-08
12.6 13.4 1.04746e-08
12.8 13.4 3.56091e-09
13 13.4 1.1176e-09
13.2 13.4 3.23829e-10
13.4 13.4 8.66268e-11
13.6 13.4 2.13944e-11
13.8 13.4 4.87821e-12
14 13.4 1.02692e-12
14.2 13.4 1.99589e-13
14.4 13.4 3.58145e-14
14.6 13.4 5.93347e-15
14.8 13.4 9.06933e-16
5.2 13.6 2.23968e-16
5.4 13.6 1.46529e-15
5.6 13.6 8.84463e-15
5.8 13.6 4.92906e-14
6 13.6 2.53613e-13
6.2 13.6 1.20476e-12
6.4 13.6 5.28376e-12
6.6 13.6 2.13944e-11
6.8 13.6 7.99773e-11
7 13.6 2.7602e-10
7.2 13.6 8.79466e-10
7.4 13.6 2.58702e-09
7.6 13.6 7.02553e-09
7.8 13.6 1.76139e-08
8 13.6 4.07689e-08
8.2 13.6 8.71154e-08
8.4 13.6 1.71851e-07
8.6 13.6 3.12969e-07
8.8 13.6 5.26186e-07
9 13.6 8.16706e-07
9.2 13.6 1.17025e-06
9.4 13.6 1.54803e-06
9.6 13.6 1.89045e-06
9.8 13.6 2.13126e-06
10 13.6 2.21817e-06
10.2 13.6 2.13126e-06
10.4 13.6 1.89045e-06
10.6 13.6 1.54803e-06
10.8 13.6 1.17025e-06
11 13.6 8.16706e-07
11.2 13.6 5.26186e-07
11.4 13.6 3.12969e-07
11.6 13.6 1.71851e-07
11.8 13.6 8.71154e-08
12 13.6 4.07689e-08
12.2 13.6 1.76139e-08
12.4 13.6 7.02553e-09
12.6 13.6 2.58702e-09
12.8 13.6 8.79466e-10
13 13.6 2.7602e-10
13.2 13.6 7.99773e-11
13.4 13.6 2.13944e-11
13.6 13.6 5.28376e-12
13.8 13.6 1.20476e-12
14 13.6 2.53613e-13
14.2 13.6 4.92906e-14
14.4 13.6 8.84463e-15
14.6 13.6 1.46529e-15
14.8 13.6 2.23968e-16
5.2 13.8 5.1063e-17
5.4 13.8 3.34079e-16
5.6 13.8 2.01657e-15
5.8 13.8 1.12384e-14
6 13.8 5.78251e-14
6.2 13.8 2.74694e-13
6.4 13.8 1.20476e-12
6.6 13.8 4.87821e-12
6.8 13.8 1.82361e-11
7 13.8 6.29376e-11
7.2 13.8 2.00536e-10
7.4 13.8 5.89897e-10
7.6 13.8 1.60199e-09
7.8 13.8 4.01641e-09
8 13.8 9.29637e-09
8.2 13.8 1.98647e-08
8.4 13.8 3.9187e-08
8.6 13.8 7.13661e-08
8.8 13.8 1.19986e-07
9 13.8 1.86234e-07
9.2 13.8 2.66854e-07
9.4 13.8 3.53e-07
9.6 13.8 4.31083e-07
9.8 13.8 4.85997e-07
10 13.8 5.05814e-07
10.2 13.8 4.85997e-07
10.4 13.8 4.31083e-07
10.6 13.8 3.53e-07
10.8 13.8 2.66854e-07
11 13.8 1.86234e-07
11.2 13.8 1.19986e-07
11.4 13.8 7.13661e-08
11.6 13.8 3.9187e-08
11.8 13.8 1.98647e-08
12 13.8 9.29637e-09
12.2 13.8 4.01641e-09
12.4 13.8 1.60199e-09
12.6 13.8 5.89897e-10
12.8 13.8 2.00536e-10
13 13.8 6.29376e-11
13.2 13.8 1.82361e-11
13.4 13.8 4.87821e-12
13.6 13.8 1.20476e-12
13.8 13.8 2.74694e-13
14 13.8 5.78251e-14
14.2 13.8 1.12384e-14
14.4 13.8 2.01657e-15
14.6 13.8 3.34079e-16
14.8 13.8 5.1063e-17
5.2 14 1.07483e-17
5.4 14 7.03217e-17
5.6 14 4.24483e-16
5.8 14 2.36569e-15
6 14 1.21724e-14
6.2 14 5.78251e-14
6.4 14 2.53613e-13
6.6 14 1.02692e-12
6.8 14 3.83897e-12
7 14 1.32494e-11
7.2 14 4.22166e-11
7.4 14 1.24185e-10
7.6 14 3.37253e-10
7.8 14 8.4555e-10
8 14 1.95712e-09
8.2 14 4.18203e-09
8.4 14 8.24992e-09
8.6 14 1.50246e-08
8.8 14 2.52605e-08
9 14 3.92077e-08
9.2 14 5.61807e-08
9.4 14 7.43171e-08
9.6 14 9.07562e-08
9.8 14 1.02317e-07
10 14 1.06489e-07
10.2 14 1.02317e-07
10.4 14 9.07562e-08
10.6 14 7.43171e-08
10.8 14 5.61807e-08
11 14 3.92077e-08
11.2 14 2.52605e-08
11.4 14 1.50246e-08
11.6 14 8.24992e-09
11.8 14 4.18203e-09
12 14 1.95712e-09
12.2 14 8.4555e-10
12.4 14 3.37253e-10
12.6 14 1.24185e-10
12.8 14 4.22166e-11
13 14 1.32494e-11
13.2 14 3.83897e-12
13.4 14 1.02692e-12
13.6 14 2.53613e-13
13.8 14 5.78251e-14
14 14 1.21724e-14
14.2 14 2.36569e-15
14.4 14 4.24483e-16
14.6 14 7.03217e-17
14.8 14 1.07483e-17
5.2 14.2 2.08877e-18
5.4 14.2 1.36662e-17
5.6 14.2 8.24946e-17
5.8 14.2 4.59759e-16
6 14.2 2.36569e-15
6.2 14.2 1.12384e-14
6.4 14.2 4.92906e-14
6.6 14.2 1.99589e-13
6.8 14.2 7.46135e-13
7 14.2 2.57516e-12
7.2 14.2 8.20531e-12
7.4 14.2 2.41372e-11
7.6 14.2 6.55505e-11
7.8 14.2 1.64347e-10
8 14.2 3.80402e-10
8.2 14.2 8.1286e-10
8.4 14.2 1.60354e-09
8.6 14.2 2.92035e-09
8.8 14.2 4.90995e-09
9 14.2 7.62091e-09
9.2 14.2 1.092e-08
9.4 14.2 1.44453e-08
9.6 14.2 1.76406e-08
9.8 14.2 1.98878e-08
10 14.2 2.06988e-08
10.2 14.2 1.98878e-08
10.4 14.2 1.76406e-08
10.6 14.2 1.44453e-08
10.8 14.2 1.092e-08
11 14.2 7.62091e-09
11.2 14.2 4.90995e-09
11.4 14.2 2.92035e-09
11.6 14.2 1.60354e-09
11.8 14.2 8.1286e-10
12 14.2 3.80402e-10
12.2 14.2 1.64347e-10
12.4 14.2 6.55505e-11
12.6 14.2 2.41372e-11
12.8 14.2 8.20531e-12
13 14.2 2.57516e-12
13.2 14.2 7.46135e-13
13.4 14.2 1.99589e-13
13.6 14.2 4.92906e-14
13.8 14.2 1.12384e-14
14 14.2 2.36569e-15
14.2 14.2 4.59759e-16
14.4 14.2 8.24946e-17
14.6 14.2 1.36662e-17
14.8 14.2 2.08877e-18
5.2 14.4 3.74769e-19
5.4 14.4 2.45202e-18
5.6 14.4 1.48017e-17
5.8 14.4 8.24946e-17
6 14.4 4.24483e-16
6.2 14.4 2.01657e-15
6.4 14.4 8.84463e-15
6.6 14.4 3.58145e-14
6.8 14.4 1.33889e-13
7 14.4 4.62101e-13
7.2 14.4 1.47242e-12
7.4 14.4 4.33139e-12
7.6 14.4 1.17631e-11
7.8 14.4 2.94924e-11
8 14.4 6.82644e-11
8.2 14.4 1.45871e-10
8.4 14.4 2.87764e-10
8.6 14.4 5.24075e-10
8.8 14.4 8.81126e-10
9 14.4 1.36763e-09
9.2 14.4 1.95969e-09
9.4 14.4 2.59234e-09
9.6 14.4 3.16577e-09
9.8 14.4 3.56906e-09
10 14.4 3.71459e-09
10.2 14.4 3.56906e-09
10.4 14.4 3.16577e-09
10.6 14.4 2.59234e-09
10.8 14.4 1.95969e-09
11 14.4 1.36763e-09
11.2 14.4 8.81126e-10
11.4 14.4 5.24075e-10
11.6 14.4 2.87764e-10
11.8 14.4 1.45871e-10
12 14.4 6.82644e-11
12.2 14.4 2.94924e-11
12.4 14.4 1.17631e-11
12.6 14.4 4.33139e-12
12.8 14.4 1.47242e-12
13 14.4 4.62101e-13
13.2 14.4 1.33889e-13
13.4 14.4 3.58145e-14
13.6 14.4 8.84463e-15
13.8 14.4 2.01657e-15
14 14.4 4.24483e-16
14.2 14.4 8.24946e-17
14.4 14.4 1.48017e-17
14.6 14.4 2.45202e-18
14.8 14.4 3.74769e-19
5.2 14.6 6.20811e-20
5.4 14.6 4.06189e-19
5.6 14.6 2.45202e-18
5.8 14.6 1.36662e-17
6 14.6 7.03217e-17
6.2 14.6 3.34079e-16
6.4 14.6 1.46529e-15
6.6 14.6 5.93347e-15
6.8 14.6 2.2182e-14
7 14.6 7.65595e-14
7.2 14.6 2.43949e-13
7.4 14.6 7.17627e-13
7.6 14.6 1.94893e-12
7.8 14.6 4.88641e-12
8 14.6 1.13104e-11
8.2 14.6 2.41688e-11
8.4 14.6 4.76788e-11
8.6 14.6 8.68328e-11
8.8 14.6 1.45992e-10
9 14.6 2.26602e-10
9.2 14.6 3.247e-10
9.4 14.6 4.29524e-10
9.6 14.6 5.24538e-10
9.8 14.6 5.91358e-10
10 14.6 6.15472e-10
10.2 14.6 5.91358e-10
10.4 14.6 5.24538e-10
10.6 14.6 4.29524e-10
10.8 14.6 3.247e-10
11 14.6 2.26602e-10
11.2 14.6 1.45992e-10
11.4 14.6 8.68328e-11
11.6 14.6 4.76788e-11
11.8 14.6 2.41688e-11
12 14.6 1.13104e-11
12.2 14.6 4.88641e-12
12.4 14.6 1.94893e-12
12.6 14.6 7.17627e-13
12.8 14.6 2.43949e-13
13 14.6 7.65595e-14
13.2 14.6 2.2182e-14
13.4 14.6 5.93347e-15
13.6 14.6 1.46529e-15
13.8 14.6 3.34079e-16
14 14.6 7.03217e-17
14.2 14.6 1.36662e-17
14.4 14.6 2.45202e-18
14.6 14.6 4.06189e-19
14.8 14.6 6.20811e-20
5.2 14.8 9.48823e-21
5.4 14.8 6.20811e-20
5.6 14.8 3.74769e-19
5.8 14.8 2.08877e-18
6 14.8 1.07483e-17
6.2 14.8 5.1063e-17
6.4 14.8 2.23968e-16
6.6 14.8 9.06933e-16
6.8 14.8 3.39057e-15
7 14.8 1.17024e-14
7.2 14.8 3.72887e-14
7.4 14.8 1.09694e-13
7.6 14.8 2.97908e-13
7.8 14.8 7.46926e-13
8 14.8 1.72889e-12
8.2 14.8 3.69444e-12
8.4 14.8 7.28819e-12
8.6 14.8 1.32733e-11
8.8 14.8 2.23166e-11
9 14.8 3.46388e-11
9.2 14.8 4.96344e-11
9.4 14.8 6.56581e-11
9.6 14.8 8.01822e-11
9.8 14.8 9.03966e-11
10 14.8 9.40828e-11
10.2 14.8 9.03966e-11
10.4 14.8 8.01822e-11
10.6 14.8 6.56581e-11
10.8 14.8 4.96344e-11
11 14.8 3.46388e-11
11.2 14.8 2.23166e-11
11.4 14.8 1.32733e-11
11.6 14.8 7.28819e-12
11.8 14.8 3.69444e-12
12 14.8 1.72889e-12
12.2 14.8 7.46926e-13
12.4 14.8 2.97908e-13
12.6 14.8 1.09694e-13
12.8 14.8 3.72887e-14
13 14.8 1.17024e-14
13.2 14.8 3.39057e-15
13.4 14.8 9.06933e-16
13.6 14.8 2.23968e-16
13.8 14.8 5.1063e-17
14 14.8 1.07483e-17
14.2 14.8 2.08877e-18
14.4 14.8 3.74769e-19
14.6 14.8 6.20811e-20
14.8 14.8 9.48823e-21

