5.2 5.2 1.12677e-20
5.4 5.2 7.3772e-20
5.6 5.2 4.45723e-19
5.8 5.2 2.4862e-18
6 5.2 1.28027e-17
6.2 5.2 6.08642e-17
6.4 5.2 2.67123e-16
6.6 5.2 1.08231e-15
6.8 5.2 4.04833e-15
7 5.2 1.39793e-14
7.2 5.2 4.45637e-14
7.4 5.2 1.31147e-13
7.6 5.2 3.56301e-13
7.8 5.2 8.93623e-13
8 5.2 2.06905e-12
8.2 5.2 4.42247e-12
8.4 5.2 8.72642e-12
8.6 5.2 1.58958e-11
8.8 5.2 2.67304e-11
9 5.2 4.14955e-11
9.2 5.2 5.94664e-11
9.4 5.2 7.86712e-11
9.6 5.2 9.60801e-11
9.8 5.2 1.08324e-10
10 5.2 1.12743e-10
10.2 5.2 1.08324e-10
10.4 5.2 9.60801e-11
10.6 5.2 7.86712e-11
10.8 5.2 5.94664e-11
11 5.2 4.14955e-11
11.2 5.2 2.67304e-11
11.4 5.2 1.58958e-11
11.6 5.2 8.72642e-12
11.8 5.2 4.42247e-12
12 5.2 2.06905e-12
12.2 5.2 8.93623e-13
12.4 5.2 3.56301e-13
12.6 5.2 1.31147e-13
12.8 5.2 4.45637e-14
13 5.2 1.39793e-14
13.2 5.2 4.04833e-15
13.4 5.2 1.08231e-15
13.6 5.2 2.67123e-16
13.8 5.2 6.08642e-17
14 5.2 1.28027e-17
14.2 5.2 2.4862e-18
14.4 5.2 4.45723e-19
14.6 5.2 7.3772e-20
14.8 5.2 1.12677e-20
5.2 5.4 7.3772e-20
5.4 5.4 4.82995e-19
5.6 5.4 2.91818e-18
5.8 5.4 1.62772e-17
6 5.4 8.3819e-17
6.2 5.4 3.98472e-16
6.4 5.4 1.74882e-15
6.6 5.4 7.08566e-15
6.8 5.4 2.65035e-14
7 5.4 9.15191e-14
7.2 5.4 2.91746e-13
7.4 5.4 8.58577e-13
7.6 5.4 2.33257e-12
7.8 5.4 5.85021e-12
8 5.4 1.35452e-11
8.2 5.4 2.89521e-11
8.4 5.4 5.71281e-11
8.6 5.4 1.04063e-10
8.8 5.4 1.74991e-10
9 5.4 2.71651e-10
9.2 5.4 3.89298e-10
9.4 5.4 5.15022e-10
9.6 5.4 6.28989e-10
9.8 5.4 7.09142e-10
10 5.4 7.38069e-10
10.2 5.4 7.09142e-10
10.4 5.4 6.28989e-10
10.6 5.4 5.15022e-10
10.8 5.4 3.89298e-10
11 5.4 2.71651e-10
11.2 5.4 1.74991e-10
11.4 5.4 1.04063e-10
11.6 5.4 5.71281e-11
11.8 5.4 2.89521e-11
12 5.4 1.35452e-11
12.2 5.4 5.85021e-12
12.4 5.4 2.33257e-12
12.6 5.4 8.58577e-13
12.8 5.4 2.91746e-13
13 5.4 9.15191e-14
13.2 5.4 2.65035e-14
13.4 5.4 7.08566e-15
13.6 5.4 1.74882e-15
13.8 5.4 3.98472e-16
14 5.4 8.3819e-17
14.2 5.4 1.62772e-17
14.4 5.4 2.91818e-18
14.6 5.4 4.82995e-19
14.8 5.4 7.3772e-20
5.2 5.6 4.45723e-19
5.4 5.6 2.91818e-18
5.6 5.6 1.7631e-17
5.8 5.6 9.83419e-17
6 5.6 5.06403e-16
6.2 5.6 2.40739e-15
6.4 5.6 1.05655e-14
6.6 5.6 4.28077e-14
6.8 5.6 1.60118e-13
7 5.6 5.52899e-13
7.2 5.6 1.76253e-12
7.4 5.6 5.1869e-12
7.6 5.6 1.40917e-11
7.8 5.6 3.53424e-11
8 5.6 8.18293e-11
8.2 5.6 1.74904e-10
8.4 5.6 3.45118e-10
8.6 5.6 6.28655e-10
8.8 5.6 1.05714e-09
9 5.6 1.64107e-09
9.2 5.6 2.35178e-09
9.4 5.6 3.11128e-09
9.6 5.6 3.79976e-09
9.8 5.6 4.28397e-09
10 5.6 4.45872e-09
10.2 5.6 4.28397e-09
10.4 5.6 3.79976e-09
10.6 5.6 3.11128e-09
10.8 5.6 2.35178e-09
11 5.6 1.64107e-09
11.2 5.6 1.05714e-09
11.4 5.6 6.28655e-10
11.6 5.6 3.45118e-10
11.8 5.6 1.74904e-10
12 5.6 8.18293e-11
12.2 5.6 3.53424e-11
12.4 5.6 1.40917e-11
12.6 5.6 5.1869e-12
12.8 5.6 1.76253e-12
13 5.6 5.52899e-13
13.2 5.6 1.60118e-13
13.4 5.6 4.28077e-14
13.6 5.6 1.05655e-14
13.8 5.6 2.40739e-15
14 5.6 5.06403e-16
14.2 5.6 9.83419e-17
14.4 5.6 1.7631e-17
14.6 5.6 2.91818e-18
14.8 5.6 4.45723e-19
5.2 5.8 2.4862e-18
5.4 5.8 1.62772e-17
5.6 5.8 9.83419e-17
5.8 5.8 5.48524e-16
6 5.8 2.82455e-15
6.2 5.8 1.34275e-14
6.4 5.8 5.89297e-14
6.6 5.8 2.38761e-13
6.8 5.8 8.93056e-13
7 5.8 3.08376e-12
7.2 5.8 9.83032e-12
7.4 5.8 2.89293e-11
7.6 5.8 7.85939e-11
7.8 5.8 1.97116e-10
8 5.8 4.56386e-10
8.2 5.8 9.75487e-10
8.4 5.8 1.92481e-09
8.6 5.8 3.50616e-09
8.8 5.8 5.8959e-09
9 5.8 9.15259e-09
9.2 5.8 1.31163e-08
9.4 5.8 1.73522e-08
9.6 5.8 2.1192e-08
9.8 5.8 2.38925e-08
10 5.8 2.48671e-08
10.2 5.8 2.38925e-08
10.4 5.8 2.1192e-08
10.6 5.8 1.73522e-08
10.8 5.8 1.31163e-08
11 5.8 9.15259e-09
11.2 5.8 5.8959e-09
11.4 5.8 3.50616e-09
11.6 5.8 1.92481e-09
11.8 5.8 9.75487e-10
12 5.8 4.56386e-10
12.2 5.8 1.97116e-10
12.4 5.8 7.85939e-11
12.6 5.8 2.89293e-11
12.8 5.8 9.83032e-12
13 5.8 3.08376e-12
13.2 5.8 8.93056e-13
13.4 5.8 2.38761e-13
13.6 5.8 5.89297e-14
13.8 5.8 1.34275e-14
14 5.8 2.82455e-15
14.2 5.8 5.48524e-16
14.4 5.8 9.83419e-17
14.6 5.8 1.62772e-17
14.8 5.8 2.4862e-18
5.2 6 1.28027e-17
5.4 6 8.3819e-17
5.6 6 5.06403e-16
5.8 6 2.82455e-15
6 6 1.45445e-14
6.2 6 6.91418e-14
6.4 6 3.03442e-13
6.6 6 1.22942e-12
6.8 6 4.59847e-12
7 6 1.58786e-11
7.2 6 5.06171e-11
7.4 6 1.48958e-10
7.6 6 4.04682e-10
7.8 6 1.01495e-09
8 6 2.34992e-09
8.2 6 5.02275e-09
8.4 6 9.91075e-09
8.6 6 1.8053e-08
8.8 6 3.03575e-08
9 6 4.71259e-08
9.2 6 6.75347e-08
9.4 6 8.93448e-08
9.6 6 1.09115e-07
9.8 6 1.2302e-07
10 6 1.28038e-07
10.2 6 1.2302e-07
10.4 6 1.09115e-07
10.6 6 8.93448e-08
10.8 6 6.75347e-08
11 6 4.71259e-08
11.2 6 3.03575e-08
11.4 6 1.8053e-08
11.6 6 9.91075e-09
11.8 6 5.02275e-09
12 6 2.34992e-09
12.2 6 1.01495e-09
12.4 6 4.04682e-10
12.6 6 1.48958e-10
12.8 6 5.06171e-11
13 6 1.58786e-11
13.2 6 4.59847e-12
13.4 6 1.22942e-12
13.6 6 3.03442e-13
13.8 6 6.91418e-14
14 6 1.45445e-14
14.2 6 2.82455e-15
14.4 6 5.06403e-16
14.6 6 8.3819e-17
14.8 6 1.28027e-17
5.2 6.2 6.08642e-17
5.4 6.2 3.98472e-16
5.6 6.2 2.40739e-15
5.8 6.2 1.34275e-14
6 6.2 6.91418e-14
6.2 6.2 3.28685e-13
6.4 6.2 1.44249e-12
6.6 6.2 5.84431e-12
6.8 6.2 2.18597e-11
7 6.2 7.54815e-11
7.2 6.2 2.40615e-10
7.4 6.2 7.08088e-10
7.6 6.2 1.92369e-09
7.8 6.2 4.82462e-09
8 6.2 1.11705e-08
8.2 6.2 2.38758e-08
8.4 6.2 4.71109e-08
8.6 6.2 8.58148e-08
8.8 6.2 1.44304e-07
9 6.2 2.24012e-07
9.2 6.2 3.21025e-07
9.4 6.2 4.24698e-07
9.6 6.2 5.18675e-07
9.8 6.2 5.8477e-07
10 6.2 6.08623e-07
10.2 6.2 5.8477e-07
10.4 6.2 5.18675e-07
10.6 6.2 4.24698e-07
10.8 6.2 3.21025e-07
11 6.2 2.24012e-07
11.2 6.2 1.44304e-07
11.4 6.2 8.58148e-08
11.6 6.2 4.71109e-08
11.8 6.2 2.38758e-08
12 6.2 1.11705e-08
12.2 6.2 4.82462e-09
12.4 6.2 1.92369e-09
12.6 6.2 7.08088e-10
12.8 6.2 2.40615e-10
13 6.2 7.54815e-11
13.2 6.2 2.18597e-11
13.4 6.2 5.84431e-12
13.6 6.2 1.44249e-12
13.8 6.2 3.28685e-13
14 6.2 6.91418e-14
14.2 6.2 1.34275e-14
14.4 6.2 2.40739e-15
14.6 6.2 3.98472e-16
14.8 6.2 6.08642e-17
5.2 6.4 2.67123e-16
5.4 6.4 1.74882e-15
5.6 6.4 1.05655e-14
5.8 6.4 5.89297e-14
6 6.4 3.03442e-13
6.2 6.4 1.44249e-12
6.4 6.4 6.33053e-12
6.6 6.4 2.56483e-11
6.8 6.4 9.59326e-11
7 6.4 3.31254e-10
7.2 6.4 1.05594e-09
7.4 6.4 3.10745e-09
7.6 6.4 8.44207e-09
7.8 6.4 2.11727e-08
8 6.4 4.9021e-08
8.2 6.4 1.04777e-07
8.4 6.4 2.06743e-07
8.6 6.4 3.76591e-07
8.8 6.4 6.33265e-07
9 6.4 9.83054e-07
9.2 6.4 1.40878e-06
9.4 6.4 1.86374e-06
9.6 6.4 2.27615e-06
9.8 6.4 2.56619e-06
10 6.4 2.67087e-06
10.2 6.4 2.56619e-06
10.4 6.4 2.27615e-06
10.6 6.4 1.86374e-06
10.8 6.4 1.40878e-06
11 6.4 9.83054e-07
11.2 6.4 6.33265e-07
11.4 6.4 3.76591e-07
11.6 6.4 2.06743e-07
11.8 6.4 1.04777e-07
12 6.4 4.9021e-08
12.2 6.4 2.11727e-08
12.4 6.4 8.44207e-09
12.6 6.4 3.10745e-09
12.8 6.4 1.05594e-09
13 6.4 3.31254e-10
13.2 6.4 9.59326e-11
13.4 6.4 2.56483e-11
13.6 6.4 6.33053e-12
13.8 6.4 1.44249e-12
14 6.4 3.03442e-13
14.2 6.4 5.89297e-14
14.4 6.4 1.05655e-14
14.6 6.4 1.74882e-15
14.8 6.4 2.67123e-16
5.2 6.6 1.08231e-15
5.4 6.6 7.08566e-15
5.6 6.6 4.28077e-14
5.8 6.6 2.38761e-13
6 6.6 1.22942e-12
6.2 6.6 5.84431e-12
6.4 6.6 2.56483e-11
6.6 6.6 1.03914e-10
6.8 6.6 3.88669e-10
7 6.6 1.34206e-09
7.2 6.6 4.27809e-09
7.4 6.6 1.25896e-08
7.6 6.6 3.42023e-08
7.8 6.6 8.57788e-08
8 6.6 1.98603e-07
8.2 6.6 4.24491e-07
8.4 6.6 8.37588e-07
8.6 6.6 1.5257e-06
8.8 6.6 2.56557e-06
9 6.6 3.98268e-06
9.2 6.6 5.70744e-06
9.4 6.6 7.55061e-06
9.6 6.6 9.2214e-06
9.8 6.6 1.03965e-05
10 6.6 1.08205e-05
10.2 6.6 1.03965e-05
10.4 6.6 9.2214e-06
10.6 6.6 7.55061e-06
10.8 6.6 5.70744e-06
11 6.6 3.98268e-06
11.2 6.6 2.56557e-06
11.4 6.6 1.5257e-06
11.6 6.6 8.37588e-07
11.8 6.6 4.24491e-07
12 6.6 1.98603e-07
12.2 6.6 8.57788e-08
12.4 6.6 3.42023e-08
12.6 6.6 1.25896e-08
12.8 6.6 4.27809e-09
13 6.6 1.34206e-09
13.2 6.6 3.88669e-10
13.4 6.6 1.03914e-10
13.6 6.6 2.56483e-11
13.8 6.6 5.84431e-12
14 6.6 1.22942e-12
14.2 6.6 2.38761e-13
14.4 6.6 4.28077e-14
14.6 6.6 7.08566e-15
14.8 6.6 1.08231e-15
5.2 6.8 4.04833e-15
5.4 6.8 2.65035e-14
5.6 6.8 1.60118e-13
5.8 6.8 8.93056e-13
6 6.8 4.59847e-12
6.2 6.8 2.18597e-11
6.4 6.8 9.59326e-11
6.6 6.8 3.88669e-10
6.8 6.8 1.45373e-09
7 6.8 5.01964e-09
7.2 6.8 1.60011e-08
7.4 6.8 4.70878e-08
7.6 6.8 1.27924e-07
7.8 6.8 3.20829e-07
8 6.8 7.4281e-07
8.2 6.8 1.58767e-06
8.4 6.8 3.13272e-06
8.6 6.8 5.70636e-06
8.8 6.8 9.59563e-06
9 6.8 1.48958e-05
9.2 6.8 2.13466e-05
9.4 6.8 2.82403e-05
9.6 6.8 3.44893e-05
9.8 6.8 3.88842e-05
10 6.8 4.04703e-05
10.2 6.8 3.88842e-05
10.4 6.8 3.44893e-05
10.6 6.8 2.82403e-05
10.8 6.8 2.13466e-05
11 6.8 1.48958e-05
11.2 6.8 9.59563e-06
11.4 6.8 5.70636e-06
11.6 6.8 3.13272e-06
11.8 6.8 1.58767e-06
12 6.8 7.4281e-07
12.2 6.8 3.20829e-07
12.4 6.8 1.27924e-07
12.6 6.8 4.70878e-08
12.8 6.8 1.60011e-08
13 6.8 5.01964e-09
13.2 6.8 1.45373e-09
13.4 6.8 3.88669e-10
13.6 6.8 9.59326e-11
13.8 6.8 2.18597e-11
14 6.8 4.59847e-12
14.2 6.8 8.93056e-13
14.4 6.8 1.60118e-13
14.6 6.8 2.65035e-14
14.8 6.8 4.04833e-15
5.2 7 1.39793e-14
5.4 7 9.15191e-14
5.6 7 5.52899e-13
5.8 7 3.08376e-12
6 7 1.58786e-11
6.2 7 7.54815e-11
6.4 7 3.31254e-10
6.6 7 1.34206e-09
6.8 7 5.01964e-09
7 7 1.73325e-08
7.2 7 5.52503e-08
7.4 7 1.6259e-07
7.6 7 4.41707e-07
7.8 7 1.10779e-06
8 7 2.56483e-06
8.2 7 5.48202e-06
8.4 7 1.08168e-05
8.6 7 1.97032e-05
8.8 7 3.31323e-05
9 7 5.14329e-05
9.2 7 7.37065e-05
9.4 7 9.75092e-05
9.6 7 0.000119086
9.8 7 0.000134261
10 7 0.000139737
10.2 7 0.000134261
10.4 7 0.000119086
10.6 7 9.75092e-05
10.8 7 7.37065e-05
11 7 5.14329e-05
11.2 7 3.31323e-05
11.4 7 1.97032e-05
11.6 7 1.08168e-05
11.8 7 5.48202e-06
12 7 2.56483e-06
12.2 7 1.10779e-06
12.4 7 4.41707e-07
12.6 7 1.6259e-07
12.8 7 5.52503e-08
13 7 1.73325e-08
13.2 7 5.01964e-09
13.4 7 1.34206e-09
13.6 7 3.31254e-10
13.8 7 7.54815e-11
14 7 1.58786e-11
14.2 7 3.08376e-12
14.4 7 5.52899e-13
14.6 7 9.15191e-14
14.8 7 1.39793e-14
5.2 7.2 4.45637e-14
5.4 7.2 2.91746e-13
5.6 7.2 1.76253e-12
5.8 7.2 9.83032e-12
6 7.2 5.06171e-11
6.2 7.2 2.40615e-10
6.4 7.2 1.05594e-09
6.6 7.2 4.27809e-09
6.8 7.2 1.60011e-08
7 7.2 5.52503e-08
7.2 7.2 1.76119e-07
7.4 7.2 5.18279e-07
7.6 7.2 1.408e-06
7.8 7.2 3.53122e-06
8 7.2 8.17572e-06
8.2 7.2 1.74746e-05
8.4 7.2 3.44799e-05
8.6 7.2 6.28061e-05
8.8 7.2 0.000105612
9 7.2 0.000163947
9.2 7.2 0.000234947
9.4 7.2 0.00031082
9.6 7.2 0.000379597
9.8 7.2 0.000427968
10 7.2 0.000445425
10.2 7.2 0.000427968
10.4 7.2 0.000379597
10.6 7.2 0.00031082
10.8 7.2 0.000234947
11 7.2 0.000163947
11.2 7.2 0.000105612
11.4 7.2 6.28061e-05
11.6 7.2 3.44799e-05
11.8 7.2 1.74746e-05
12 7.2 8.17572e-06
12.2 7.2 3.53122e-06
12.4 7.2 1.408e-06
12.6 7.2 5.18279e-07
12.8 7.2 1.76119e-07
13 7.2 5.52503e-08
13.2 7.2 1.60011e-08
13.4 7.2 4.27809e-09
13.6 7.2 1.05594e-09
13.8 7.2 2.40615e-10
14 7.2 5.06171e-11
14.2 7.2 9.83032e-12
14.4 7.2 1.76253e-12
14.6 7.2 2.91746e-13
14.8 7.2 4.45637e-14
5.2 7.4 1.31147e-13
5.4 7.4 8.58577e-13
5.6 7.4 5.1869e-12
5.8 7.4 2.89293e-11
6 7.4 1.48958e-10
6.2 7.4 7.08088e-10
6.4 7.4 3.10745e-09
6.6 7.4 1.25896e-08
6.8 7.4 4.70878e-08
7 7.4 1.6259e-07
7.2 7.4 5.18279e-07
7.4 7.4 1.52517e-06
7.6 7.4 4.14341e-06
7.8 7.4 1.03915e-05
8 7.4 2.4059e-05
8.2 7.4 5.1423e-05
8.4 7.4 0.000101465
8.6 7.4 0.000184821
8.8 7.4 0.000310788
9 7.4 0.000482451
9.2 7.4 0.000691381
9.4 7.4 0.000914653
9.6 7.4 0.00111704
9.8 7.4 0.00125939
10 7.4 0.00131076
10.2 7.4 0.00125939
10.4 7.4 0.00111704
10.6 7.4 0.000914653
10.8 7.4 0.000691381
11 7.4 0.000482451
11.2 7.4 0.000310788
11.4 7.4 0.000184821
11.6 7.4 0.000101465
11.8 7.4 5.1423e-05
12 7.4 2.4059e-05
12.2 7.4 1.03915e-05
12.4 7.4 4.14341e-06
12.6 7.4 1.52517e-06
12.8 7.4 5.18279e-07
13 7.4 1.6259e-07
13.2 7.4 4.70878e-08
13.4 7.4 1.25896e-08
13.6 7.4 3.10745e-09
13.8 7.4 7.08088e-10
14 7.4 1.48958e-10
14.2 7.4 2.89293e-11
14.4 7.4 5.1869e-12
14.6 7.4 8.58577e-13
14.8 7.4 1.31147e-13
5.2 7.6 3.56301e-13
5.4 7.6 2.33257e-12
5.6 7.6 1.40917e-11
5.8 7.6 7.85939e-11
6 7.6 4.04682e-10
6.2 7.6 1.92369e-09
6.4 7.6 8.44207e-09
6.6 7.6 3.42023e-08
6.8 7.6 1.27924e-07
7 7.6 4.41707e-07
7.2 7.6 1.408e-06
7.4 7.6 4.14341e-06
7.6 7.6 1.12563e-05
7.8 7.6 2.82302e-05
8 7.6 6.53602e-05
8.2 7.6 0.000139699
8.4 7.6 0.000275645
8.6 7.6 0.000502094
8.8 7.6 0.000844301
9 7.6 0.00131065
9.2 7.6 0.00187823
9.4 7.6 0.00248478
9.6 7.6 0.0030346
9.8 7.6 0.00342129
10 7.6 0.00356085
10.2 7.6 0.00342129
10.4 7.6 0.0030346
10.6 7.6 0.00248478
10.8 7.6 0.00187823
11 7.6 0.00131065
11.2 7.6 0.000844301
11.4 7.6 0.000502094
11.6 7.6 0.000275645
11.8 7.6 0.000139699
12 7.6 6.53602e-05
12.2 7.6 2.82302e-05
12.4 7.6 1.12563e-05
12.6 7.6 4.14341e-06
12.8 7.6 1.408e-06
13 7.6 4.41707e-07
13.2 7.6 1.27924e-07
13.4 7.6 3.42023e-08
13.6 7.6 8.44207e-09
13.8 7.6 1.92369e-09
14 7.6 4.04682e-10
14.2 7.6 7.85939e-11
14.4 7.6 1.40917e-11
14.6 7.6 2.33257e-12
14.8 7.6 3.56301e-13
5.2 7.8 8.93623e-13
5.4 7.8 5.85021e-12
5.6 7.8 3.53424e-11
5.8 7.8 1.97116e-10
6 7.8 1.01495e-09
6.2 7.8 4.82462e-09
6.4 7.8 2.11727e-08
6.6 7.8 8.57788e-08
6.8 7.8 3.20829e-07
7 7.8 1.10779e-06
7.2 7.8 3.53122e-06
7.4 7.8 1.03915e-05
7.6 7.8 2.82302e-05
7.8 7.8 7.07998e-05
8 7.8 0.00016392
8.2 7.8 0.000350356
8.4 7.8 0.000691299
8.6 7.8 0.00125922
8.8 7.8 0.00211745
9 7.8 0.003287
9.2 7.8 0.00471046
9.4 7.8 0.00623164
9.6 7.8 0.00761055
9.8 7.8 0.00858033
10 7.8 0.00893032
10.2 7.8 0.00858033
10.4 7.8 0.00761055
10.6 7.8 0.00623164
10.8 7.8 0.00471046
11 7.8 0.003287
11.2 7.8 0.00211745
11.4 7.8 0.00125922
11.6 7.8 0.000691299
11.8 7.8 0.000350356
12 7.8 0.00016392
12.2 7.8 7.07998e-05
12.4 7.8 2.82302e-05
12.6 7.8 1.03915e-05
12.8 7.8 3.53122e-06
13 7.8 1.10779e-06
13.2 7.8 3.20829e-07
13.4 7.8 8.57788e-08
13.6 7.8 2.11727e-08
13.8 7.8 4.82462e-09
14 7.8 1.01495e-09
14.2 7.8 1.97116e-10
14.4 7.8 3.53424e-11
14.6 7.8 5.85021e-12
14.8 7.8 8.93623e-13
5.2 8 2.06905e-12
5.4 8 1.35452e-11
5.6 8 8.18293e-11
5.8 8 4.56386e-10
6 8 2.34992e-09
6.2 8 1.11705e-08
6.4 8 4.9021e-08
6.6 8 1.98603e-07
6.8 8 7.4281e-07
7 8 2.56483e-06
7.2 8 8.17572e-06
7.4 8 2.4059e-05
7.6 8 6.53602e-05
7.8 8 0.00016392
8 8 0.000379515
8.2 8 0.00081116
8.4 8 0.00160053
8.6 8 0.00291539
8.8 8 0.00490239
9 8 0.00761019
9.2 8 0.0109058
9.4 8 0.0144277
9.6 8 0.0176202
9.8 8 0.0198655
10 8 0.0206758
10.2 8 0.0198655
10.4 8 0.0176202
10.6 8 0.0144277
10.8 8 0.0109058
11 8 0.00761019
11.2 8 0.00490239
11.4 8 0.00291539
11.6 8 0.00160053
11.8 8 0.00081116
12 8 0.000379515
12.2 8 0.00016392
12.4 8 6.53602e-05
12.6 8 2.4059e-05
12.8 8 8.17572e-06
13 8 2.56483e-06
13.2 8 7.4281e-07
13.4 8 1.98603e-07
13.6 8 4.9021e-08
13.8 8 1.11705e-08
14 8 2.34992e-09
14.2 8 4.56386e-10
14.4 8 8.18293e-11
14.6 8 1.35452e-11
14.8 8 2.06905e-12
5.2 8.2 4.42247e-12
5.4 8.2 2.89521e-11
5.6 8.2 1.74904e-10
5.8 8.2 9.75487e-10
6 8.2 5.02275e-09
6.2 8.2 2.38758e-08
6.4 8.2 1.04777e-07
6.6 8.2 4.24491e-07
6.8 8.2 1.58767e-06
7 8.2 5.48202e-06
7.2 8.2 1.74746e-05
7.4 8.2 5.1423e-05
7.6 8.2 0.000139699
7.8 8.2 0.000350356
8 8.2 0.00081116
8.2 8.2 0.00173374
8.4 8.2 0.00342089
8.6 8.2 0.00623122
8.8 8.2 0.0104781
9 8.2 0.0162656
9.2 8.2 0.0233096
9.4 8.2 0.030837
9.6 8.2 0.0376605
9.8 8.2 0.0424594
10 8.2 0.0441913
10.2 8.2 0.0424594
10.4 8.2 0.0376605
10.6 8.2 0.030837
10.8 8.2 0.0233096
11 8.2 0.0162656
11.2 8.2 0.0104781
11.4 8.2 0.00623122
11.6 8.2 0.00342089
11.8 8.2 0.00173374
12 8.2 0.00081116
12.2 8.2 0.000350356
12.4 8.2 0.000139699
12.6 8.2 5.1423e-05
12.8 8.2 1.74746e-05
13 8.2 5.48202e-06
13.2 8.2 1.58767e-06
13.4 8.2 4.24491e-07
13.6 8.2 1.04777e-07
13.8 8.2 2.38758e-08
14 8.2 5.02275e-09
14.2 8.2 9.75487e-10
14.4 8.2 1.74904e-10
14.6 8.2 2.89521e-11
14.8 8.2 4.42247e-12
5.2 8.4 8.72642e-12
5.4 8.4 5.71281e-11
5.6 8.4 3.45118e-10
5.8 8.4 1.92481e-09
6 8.4 9.91075e-09
6.2 8.4 4.71109e-08
6.4 8.4 2.06743e-07
6.6 8.4 8.37588e-07
6.8 8.4 3.13272e-06
7 8.4 1.08168e-05
7.2 8.4 3.44799e-05
7.4 8.4 0.000101465
7.6 8.4 0.000275645
7.8 8.4 0.000691299
8 8.4 0.00160053
8.2 8.4 0.00342089
8.4 8.4 0.00674986
8.6 8.4 0.012295
8.8 8.4 0.0206747
9 8.4 0.0320941
9.2 8.4 0.0459926
9.4 8.4 0.0608452
9.6 8.4 0.0743087
9.8 8.4 0.0837776
10 8.4 0.0871948
10.2 8.4 0.0837776
10.4 8.4 0.0743087
10.6 8.4 0.0608452
10.8 8.4 0.0459926
11 8.4 0.0320941
11.2 8.4 0.0206747
11.4 8.4 0.012295
11.6 8.4 0.00674986
11.8 8.4 0.00342089
12 8.4 0.00160053
12.2 8.4 0.000691299
12.4 8.4 0.000275645
12.6 8.4 0.000101465
12.8 8.4 3.44799e-05
13 8.4 1.08168e-05
13.2 8.4 3.13272e-06
13.4 8.4 8.37588e-07
13.6 8.4 2.06743e-07
13.8 8.4 4.71109e-08
14 8.4 9.91075e-09
14.2 8.4 1.92481e-09
14.4 8.4 3.45118e-10
14.6 8.4 5.71281e-11
14.8 8.4 8.72642e-12
5.2 8.6 1.58958e-11
5.4 8.6 1.04063e-10
5.6 8.6 6.28655e-10
5.8 8.6 3.50616e-09
6 8.6 1.8053e-08
6.2 8.6 8.58148e-08
6.4 8.6 3.76591e-07
6.6 8.6 1.5257e-06
6.8 8.6 5.70636e-06
7 8.6 1.97032e-05
7.2 8.6 6.28061e-05
7.4 8.6 0.000184821
7.6 8.6 0.000502094
7.8 8.6 0.00125922
8 8.6 0.00291539
8.2 8.6 0.00623122
8.4 8.6 0.012295
8.6 8.6 0.0223955
8.8 8.6 0.0376592
9 8.6 0.0584599
9.2 8.6 0.0837762
9.4 8.6 0.11083
9.6 8.6 0.135354
9.8 8.6 0.152602
10 8.6 0.158826
10.2 8.6 0.152602
10.4 8.6 0.135354
10.6 8.6 0.11083
10.8 8.6 0.0837762
11 8.6 0.0584599
11.2 8.6 0.0376592
11.4 8.6 0.0223955
11.6 8.6 0.012295
11.8 8.6 0.00623122
12 8.6 0.00291539
12.2 8.6 0.00125922
12.4 8.6 0.000502094
12.6 8.6 0.000184821
12.8 8.6 6.28061e-05
13 8.6 1.97032e-05
13.2 8.6 5.70636e-06
13.4 8.6 1.5257e-06
13.6 8.6 3.76591e-07
13.8 8.6 8.58148e-08
14 8.6 1.8053e-08
14.2 8.6 3.50616e-09
14.4 8.6 6.28655e-10
14.6 8.6 1.04063e-10
14.8 8.6 1.58958e-11
5.2 8.8 2.67304e-11
5.4 8.8 1.74991e-10
5.6 8.8 1.05714e-09
5.8 8.8 5.8959e-09
6 8.8 3.03575e-08
6.2 8.8 1.44304e-07
6.4 8.8 6.33265e-07
6.6 8.8 2.56557e-06
6.8 8.8 9.59563e-06
7 8.8 3.31323e-05
7.2 8.8 0.000105612
7.4 8.8 0.000310788
7.6 8.8 0.000844301
7.8 8.8 0.00211745
8 8.8 0.00490239
8.2 8.8 0.0104781
8.4 8.8 0.0206747
8.6 8.8 0.0376592
8.8 8.8 0.0633259
9 8.8 0.0983032
9.2 8.8 0.140874
9.4 8.8 0.186367
9.6 8.8 0.227605
9.8 8.8 0.256607
10 8.8 0.267074
10.2 8.8 0.256607
10.4 8.8 0.227605
10.6 8.8 0.186367
10.8 8.8 0.140874
11 8.8 0.0983032
11.2 8.8 0.0633259
11.4 8.8 0.0376592
11.6 8.8 0.0206747
11.8 8.8 0.0104781
12 8.8 0.00490239
12.2 8.8 0.00211745
12.4 8.8 0.000844301
12.6 8.8 0.000310788
12.8 8.8 0.000105612
13 8.8 3.31323e-05
13.2 8.8 9.59563e-06
13.4 8.8 2.56557e-06
13.6 8.8 6.33265e-07
13.8 8.8 1.44304e-07
14 8.8 3.03575e-08
14.2 8.8 5.8959e-09
14.4 8.8 1.05714e-09
14.6 8.8 1.74991e-10
14.8 8.8 2.67304e-11
5.2 9 4.14955e-11
5.4 9 2.71651e-10
5.6 9 1.64107e-09
5.8 9 9.15259e-09
6 9 4.71259e-08
6.2 9 2.24012e-07
6.4 9 9.83054e-07
6.6 9 3.98268e-06
6.8 9 1.48958e-05
7 9 5.14329e-05
7.2 9 0.000163947
7.4 9 0.000482451
7.6 9 0.00131065
7.8 9 0.003287
8 9 0.00761019
8.2 9 0.0162656
8.4 9 0.0320941
8.6 9 0.0584599
8.8 9 0.0983032
9 9 0.1526
9.2 9 0.218684
9.4 9 0.289304
9.6 9 0.353319
9.8 9 0.398341
10 9 0.414589
10.2 9 0.398341
10.4 9 0.353319
10.6 9 0.289304
10.8 9 0.218684
11 9 0.1526
11.2 9 0.0983032
11.4 9 0.0584599
11.6 9 0.0320941
11.8 9 0.0162656
12 9 0.00761019
12.2 9 0.003287
12.4 9 0.00131065
12.6 9 0.000482451
12.8 9 0.000163947
13 9 5.14329e-05
13.2 9 1.48958e-05
13.4 9 3.98268e-06
13.6 9 9.83054e-07
13.8 9 2.24012e-07
14 9 4.71259e-08
14.2 9 9.15259e-09
14.4 9 1.64107e-09
14.6 9 2.71651e-10
14.8 9 4.14955e-11
5.2 9.2 5.94664e-11
5.4 9.2 3.89298e-10
5.6 9.2 2.35178e-09
5.8 9.2 1.31163e-08
6 9.2 6.75347e-08
6.2 9.2 3.21025e-07
6.4 9.2 1.40878e-06
6.6 9.2 5.70744e-06
6.8 9.2 2.13466e-05
7 9.2 7.37065e-05
7.2 9.2 0.000234947
7.4 9.2 0.000691381
7.6 9.2 0.00187823
7.8 9.2 0.00471046
8 9.2 0.0109058
8.2 9.2 0.0233096
8.4 9.2 0.0459926
8.6 9.2 0.0837762
8.8 9.2 0.140874
9 9.2 0.218684
9.2 9.2 0.313385
9.4 9.2 0.414587
9.6 9.2 0.506325
9.8 9.2 0.570843
10 9.2 0.594127
10.2 9.2 0.570843
10.4 9.2 0.506325
10.6 9.2 0.414587
10.8 9.2 0.313385
11 9.2 0.218684
11.2 9.2 0.140874
11.4 9.2 0.0837762
11.6 9.2 0.0459926
11.8 9.2 0.0233096
12 9.2 0.0109058
12.2 9.2 0.00471046
12.4 9.2 0.00187823
12.6 9.2 0.000691381
12.8 9.2 0.000234947
13 9.2 7.37065e-05
13.2 9.2 2.13466e-05
13.4 9.2 5.70744e-06
13.6 9.2 1.40878e-06
13.8 9.2 3.21025e-07
14 9.2 6.75347e-08
14.2 9.2 1.31163e-08
14.4 9.2 2.35178e-09
14.6 9.2 3.89298e-10
14.8 9.2 5.94664e-11
5.2 9.4 7.86712e-11
5.4 9.4 5.15022e-10
5.6 9.4 3.11128e-09
5.8 9.4 1.73522e-08
6 9.4 8.93448e-08
6.2 9.4 4.24698e-07
6.4 9.4 1.86374e-06
6.6 9.4 7.55061e-06
6.8 9.4 2.82403e-05
7 9.4 9.75092e-05
7.2 9.4 0.00031082
7.4 9.4 0.000914653
7.6 9.4 0.00248478
7.8 9.4 0.00623164
8 9.4 0.0144277
8.2 9.4 0.030837
8.4 9.4 0.0608452
8.6 9.4 0.11083
8.8 9.4 0.186367
9 9.4 0.289304
9.2 9.4 0.414587
9.4 9.4 0.548471
9.6 9.4 0.669833
9.8 9.4 0.755187
10 9.4 0.78599
10.2 9.4 0.755187
10.4 9.4 0.669833
10.6 9.4 0.548471
10.8 9.4 0.414587
11 9.4 0.289304
11.2 9.4 0.186367
11.4 9.4 0.11083
11.6 9.4 0.0608452
11.8 9.4 0.030837
12 9.4 0.0144277
12.2 9.4 0.00623164
12.4 9.4 0.00248478
12.6 9.4 0.000914653
12.8 9.4 0.00031082
13 9.4 9.75092e-05
13.2 9.4 2.82403e-05
13.4 9.4 7.55061e-06
13.6 9.4 1.86374e-06
13.8 9.4 4.24698e-07
14 9.4 8.93448e-08
14.2 9.4 1.73522e-08
14.4 9.4 3.11128e-09
14.6 9.4 5.15022e-10
14.8 9.4 7.86712e-11
5.2 9.6 9.60801e-11
5.4 9.6 6.28989e-10
5.6 9.6 3.79976e-09
5.8 9.6 2.1192e-08
6 9.6 1.09115e-07
6.2 9.6 5.18675e-07
6.4 9.6 2.27615e-06
6.6 9.6 9.2214e-06
6.8 9.6 3.44893e-05
7 9.6 0.000119086
7.2 9.6 0.000379597
7.4 9.6 0.00111704
7.6 9.6 0.0030346
7.8 9.6 0.00761055
8 9.6 0.0176202
8.2 9.6 0.0376605
8.4 9.6 0.0743087
8.6 9.6 0.135354
8.8 9.6 0.227605
9 9.6 0.353319
9.2 9.6 0.506325
9.4 9.6 0.669833
9.6 9.6 0.818049
9.8 9.6 0.922289
10 9.6 0.959908
10.2 9.6 0.922289
10.4 9.6 0.818049
10.6 9.6 0.669833
10.8 9.6 0.506325
11 9.6 0.353319
11.2 9.6 0.227605
11.4 9.6 0.135354
11.6 9.6 0.0743087
11.8 9.6 0.0376605
12 9.6 0.0176202
12.2 9.6 0.00761055
12.4 9.6 0.0030346
12.6 9.6 0.00111704
12.8 9.6 0.000379597
13 9.6 0.000119086
13.2 9.6 3.44893e-05
13.4 9.6 9.2214e-06
13.6 9.6 2.27615e-06
13.8 9.6 5.18675e-07
14 9.6 1.09115e-07
14.2 9.6 2.1192e-08
14.4 9.6 3.79976e-09
14.6 9.6 6.28989e-10
14.8 9.6 9.60801e-11
5.2 9.8 1.08324e-10
5.4 9.8 7.09142e-10
5.6 9.8 4.28397e-09
5.8 9.8 2.38925e-08
6 9.8 1.2302e-07
6.2 9.8 5.8477e-07
6.4 9.8 2.56619e-06
6.6 9.8 1.03965e-05
6.8 9.8 3.88842e-05
7 9.8 0.000134261
7.2 9.8 0.000427968
7.4 9.8 0.00125939
7.6 9.8 0.00342129
7.8 9.8 0.00858033
8 9.8 0.0198655
8.2 9.8 0.0424594
8.4 9.8 0.0837776
8.6 9.8 0.152602
8.8 9.8 0.256607
9 9.8 0.398341
9.2 9.8 0.570843
9.4 9.8 0.755187
9.6 9.8 0.922289
9.8 9.8 1.03981
10 9.8 1.08223
10.2 9.8 1.03981
10.4 9.8 0.922289
10.6 9.8 0.755187
10.8 9.8 0.570843
11 9.8 0.398341
11.2 9.8 0.256607
11.4 9.8 0.152602
11.6 9.8 0.0837776
11.8 9.8 0.0424594
12 9.8 0.0198655
12.2 9.8 0.00858033
12.4 9.8 0.00342129
12.6 9.8 0.00125939
12.8 9.8 0.000427968
13 9.8 0.000134261
13.2 9.8 3.88842e-05
13.4 9.8 1.03965e-05
13.6 9.8 2.56619e-06
13.8 9.8 5.8477e-07
14 9.8 1.2302e-07
14.2 9.8 2.38925e-08
14.4 9.8 4.28397e-09
14.6 9.8 7.09142e-10
14.8 9.8 1.08324e-10
5.2 10 1.12743e-10
5.4 10 7.38069e-10
5.6 10 4.45872e-09
5.8 10 2.48671e-08
6 10 1.28038e-07
6.2 10 6.08623e-07
6.4 10 2.67087e-06
6.6 10 1.08205e-05
6.8 10 4.04703e-05
7 10 0.000139737
7.2 10 0.000445425
7.4 10 0.00131076
7.6 10 0.00356085
7.8 10 0.00893032
8 10 0.0206758
8.2 10 0.0441913
8.4 10 0.0871948
8.6 10 0.158826
8.8 10 0.267074
9 10 0.414589
9.2 10 0.594127
9.4 10 0.78599
9.6 10 0.959908
9.8 10 1.08223
10 10 1.12637
10.2 10 1.08223
10.4 10 0.959908
10.6 10 0.78599
10.8 10 0.594127
11 10 0.414589
11.2 10 0.267074
11.4 10 0.158826
11.6 10 0.0871948
11.8 10 0.0441913
12 10 0.0206758
12.2 10 0.00893032
12.4 10 0.00356085
12.6 10 0.00131076
12.8 10 0.000445425
13 10 0.000139737
13.2 10 4.04703e-05
13.4 10 1.08205e-05
13.6 10 2.67087e-06
13.8 10 6.08623e-07
14 10 1.28038e-07
14.2 10 2.48671e-08
14.4 10 4.45872e-09
14.6 10 7.38069e-10
14.8 10 1.12743e-10
5.2 10.2 1.08324e-10
5.4 10.2 7.09142e-10
5.6 10.2 4.28397e-09
5.8 10.2 2.38925e-08
6 10.2 1.2302e-07
6.2 10.2 5.8477e-07
6.4 10.2 2.56619e-06
6.6 10.2 1.03965e-05
6.8 10.2 3.88842e-05
7 10.2 0.000134261
7.2 10.2 0.000427968
7.4 10.2 0.00125939
7.6 10.2 0.00342129
7.8 10.2 0.00858033
8 10.2 0.0198655
8.2 10.2 0.0424594
8.4 10.2 0.0837776
8.6 10.2 0.152602
8.8 10.2 0.256607
9 10.2 0.398341
9.2 10.2 0.570843
9.4 10.2 0.755187
9.6 10.2 0.922289
9.8 10.2 1.03981
10 10.2 1.08223
10.2 10.2 1.03981
10.4 10.2 0.922289
10.6 10.2 0.755187
10.8 10.2 0.570843
11 10.2 0.398341
11.2 10.2 0.256607
11.4 10.2 0.152602
11.6 10.2 0.0837776
11.8 10.2 0.0424594
12 10.2 0.0198655
12.2 10.2 0.00858033
12.4 10.2 0.00342129
12.6 10.2 0.00125939
12.8 10.2 0.000427968
13 10.2 0.000134261
13.2 10.2 3.88842e-05
13.4 10.2 1.03965e-05
13.6 10.2 2.56619e-06
13.8 10.2 5.8477e-07
14 10.2 1.2302e-07
14.2 10.2 2.38925e-08
14.4 10.2 4.28397e-09
14.6 10.2 7.09142e-10
14.8 10.2 1.08324e-10
5.2 10.4 9.60801e-11
5.4 10.4 6.28989e-10
5.6 10.4 3.79976e-09
5.8 10.4 2.1192e-08
6 10.4 1.09115e-07
6.2 10.4 5.18675e-07
6.4 10.4 2.27615e-06
6.6 10.4 9.2214e-06
6.8 10.4 3.44893e-05
7 10.4 0.000119086
7.2 10.4 0.000379597
7.4 10.4 0.00111704
7.6 10.4 0.0030346
7.8 10.4 0.00761055
8 10.4 0.0176202
8.2 10.4 0.0376605
8.4 10.4 0.0743087
8.6 10.4 0.135354
8.8 10.4 0.227605
9 10.4 0.353319
9.2 10.4 0.506325
9.4 10.4 0.669833
9.6 10.4 0.818049
9.8 10.4 0.922289
10 10.4 0.959908
10.2 10.4 0.922289
10.4 10.4 0.818049
10.6 10.4 0.669833
10.8 10.4 0.506325
11 10.4 0.353319
11.2 10.4 0.227605
11.4 10.4 0.135354
11.6 10.4 0.0743087
11.8 10.4 0.0376605
12 10.4 0.0176202
12.2 10.4 0.00761055
12.4 10.4 0.0030346
12.6 10.4 0.00111704
12.8 10.4 0.000379597
13 10.4 0.000119086
13.2 10.4 3.44893e-05
13.4 10.4 9.2214e-06
13.6 10.4 2.27615e-06
13.8 10.4 5.18675e-07
14 10.4 1.09115e-07
14.2 10.4 2.1192e-08
14.4 10.4 3.79976e-09
14.6 10.4 6.28989e-10
14.8 10.4 9.60801e-11
5.2 10.6 7.86712e-11
5.4 10.6 5.15022e-10
5.6 10.6 3.11128e-09
5.8 10.6 1.73522e-08
6 10.6 8.93448e-08
6.2 10.6 4.24698e-07
6.4 10.6 1.86374e-06
6.6 10.6 7.55061e-06
6.8 10.6 2.82403e-05
7 10.6 9.75092e-05
7.2 10.6 0.00031082
7.4 10.6 0.000914653
7.6 10.6 0.00248478
7.8 10.6 0.00623164
8 10.6 0.0144277
8.2 10.6 0.030837
8.4 10.6 0.0608452
8.6 10.6 0.11083
8.8 10.6 0.186367
9 10.6 0.289304
9.2 10.6 0.414587
9.4 10.6 0.548471
9.6 10.6 0.669833
9.8 10.6 0.755187
10 10.6 0.78599
10.2 10.6 0.755187
10.4 10.6 0.669833
10.6 10.6 0.548471
10.8 10.6 0.414587
11 10.6 0.289304
11.2 10.6 0.186367
11.4 10.6 0.11083
11.6 10.6 0.0608452
11.8 10.6 0.030837
12 10.6 0.0144277
12.2 10.6 0.00623164
12.4 10.6 0.00248478
12.6 10.6 0.000914653
12.8 10.6 0.00031082
13 10.6 9.75092e-05
13.2 10.6 2.82403e-05
13.4 10.6 7.55061e-06
13.6 10.6 1.86374e-06
13.8 10.6 4.24698e-07
14 10.6 8.93448e-08
14.2 10.6 1.73522e-08
14.4 10.6 3.11128e-09
14.6 10.6 5.15022e-10
14.8 10.6 7.86712e-11
5.2 10.8 5.94664e-11
5.4 10.8 3.89298e-10
5.6 10.8 2.35178e-09
5.8 10.8 1.31163e-08
6 10.8 6.75347e-08
6.2 10.8 3.21025e-07
6.4 10.8 1.40878e-06
6.6 10.8 5.70744e-06
6.8 10.8 2.13466e-05
7 10.8 7.37065e-05
7.2 10.8 0.000234947
7.4 10.8 0.000691381
7.6 10.8 0.00187823
7.8 10.8 0.00471046
8 10.8 0.0109058
8.2 10.8 0.0233096
8.4 10.8 0.0459926
8.6 10.8 0.0837762
8.8 10.8 0.140874
9 10.8 0.218684
9.2 10.8 0.313385
9.4 10.8 0.414587
9.6 10.8 0.506325
9.8 10.8 0.570843
10 10.8 0.594127
10.2 10.8 0.570843
10.4 10.8 0.506325
10.6 10.8 0.414587
10.8 10.8 0.313385
11 10.8 0.218684
11.2 10.8 0.140874
11.4 10.8 0.0837762
11.6 10.8 0.0459926
11.8 10.8 0.0233096
12 10.8 0.0109058
12.2 10.8 0.00471046
12.4 10.8 0.00187823
12.6 10.8 0.000691381
12.8 10.8 0.000234947
13 10.8 7.37065e-05
13.2 10.8 2.13466e-05
13.4 10.8 5.70744e-06
13.6 10.8 1.40878e-06
13.8 10.8 3.21025e-07
14 10.8 6.75347e-08
14.2 10.8 1.31163e-08
14.4 10.8 2.35178e-09
14.6 10.8 3.89298e-10
14.8 10.8 5.94664e-11
5.2 11 4.14955e-11
5.4 11 2.71651e-10
5.6 11 1.64107e-09
5.8 11 9.15259e-09
6 11 4.71259e-08
6.2 11 2.24012e-07
6.4 11 9.83054e-07
6.6 11 3.98268e-06
6.8 11 1.48958e-05
7 11 5.14329e-05
7.2 11 0.000163947
7.4 11 0.000482451
7.6 11 0.00131065
7.8 11 0.003287
8 11 0.00761019
8.2 11 0.0162656
8.4 11 0.0320941
8.6 11 0.0584599
8.8 11 0.0983032
9 11 0.1526
9.2 11 0.218684
9.4 11 0.289304
9.6 11 0.353319
9.8 11 0.398341
10 11 0.414589
10.2 11 0.398341
10.4 11 0.353319
10.6 11 0.289304
10.8 11 0.218684
11 11 0.1526
11.2 11 0.0983032
11.4 11 0.0584599
11.6 11 0.0320941
11.8 11 0.0162656
12 11 0.00761019
12.2 11 0.003287
12.4 11 0.00131065
12.6 11 0.000482451
12.8 11 0.000163947
13 11 5.14329e-05
13.2 11 1.48958e-05
13.4 11 3.98268e-06
13.6 11 9.83054e-07
13.8 11 2.24012e-07
14 11 4.71259e-08
14.2 11 9.15259e-09
14.4 11 1.64107e-09
14.6 11 2.71651e-10
14.8 11 4.14955e-11
5.2 11.2 2.67304e-11
5.4 11.2 1.74991e-10
5.6 11.2 1.05714e-09
5.8 11.2 5.8959e-09
6 11.2 3.03575e-08
6.2 11.2 1.44304e-07
6.4 11.2 6.33265e-07
6.6 11.2 2.56557e-06
6.8 11.2 9.59563e-06
7 11.2 3.31323e-05
7.2 11.2 0.000105612
7.4 11.2 0.000310788
7.6 11.2 0.000844301
7.8 11.2 0.00211745
8 11.2 0.00490239
8.2 11.2 0.0104781
8.4 11.2 0.0206747
8.6 11.2 0.0376592
8.8 11.2 0.0633259
9 11.2 0.0983032
9.2 11.2 0.140874
9.4 11.2 0.186367
9.6 11.2 0.227605
9.8 11.2 0.256607
10 11.2 0.267074
10.2 11.2 0.256607
10.4 11.2 0.227605
10.6 11.2 0.186367
10.8 11.2 0.140874
11 11.2 0.0983032
11.2 11.2 0.0633259
11.4 11.2 0.0376592
11.6 11.2 0.0206747
11.8 11.2 0.0104781
12 11.2 0.00490239
12.2 11.2 0.00211745
12.4 11.2 0.000844301
12.6 11.2 0.000310788
12.8 11.2 0.000105612
13 11.2 3.31323e-05
13.2 11.2 9.59563e-06
13.4 11.2 2.56557e-06
13.6 11.2 6.33265e-07
13.8 11.2 1.44304e-07
14 11.2 3.03575e-08
14.2 11.2 5.8959e-09
14.4 11.2 1.05714e-09
14.6 11.2 1.74991e-10
14.8 11.2 2.67304e-11
5.2 11.4 1.58958e-11
5.4 11.4 1.04063e-10
5.6 11.4 6.28655e-10
5.8 11.4 3.50616e-09
6 11.4 1.8053e-08
6.2 11.4 8.58148e-08
6.4 11.4 3.76591e-07
6.6 11.4 1.5257e-06
6.8 11.4 5.70636e-06
7 11.4 1.97032e-05
7.2 11.4 6.28061e-05
7.4 11.4 0.000184821
7.6 11.4 0.000502094
7.8 11.4 0.00125922
8 11.4 0.00291539
8.2 11.4 0.00623122
8.4 11.4 0.012295
8.6 11.4 0.0223955
8.8 11.4 0.0376592
9 11.4 0.0584599
9.2 11.4 0.0837762
9.4 11.4 0.11083
9.6 11.4 0.135354
9.8 11.4 0.152602
10 11.4 0.158826
10.2 11.4 0.152602
10.4 11.4 0.135354
10.6 11.4 0.11083
10.8 11.4 0.0837762
11 11.4 0.0584599
11.2 11.4 0.0376592
11.4 11.4 0.0223955
11.6 11.4 0.012295
11.8 11.4 0.00623122
12 11.4 0.00291539
12.2 11.4 0.00125922
12.4 11.4 0.000502094
12.6 11.4 0.000184821
12.8 11.4 6.28061e-05
13 11.4 1.97032e-05
13.2 11.4 5.70636e-06
13.4 11.4 1.5257e-06
13.6 11.4 3.76591e-07
13.8 11.4 8.58148e-08
14 11.4 1.8053e-08
14.2 11.4 3.50616e-09
14.4 11.4 6.28655e-10
14.6 11.4 1.04063e-10
14.8 11.4 1.58958e-11
5.2 11.6 8.72642e-12
5.4 11.6 5.71281e-11
5.6 11.6 3.45118e-10
5.8 11.6 1.92481e-09
6 11.6 9.91075e-09
6.2 11.6 4.71109e-08
6.4 11.6 2.06743e-07
6.6 11.6 8.37588e-07
6.8 11.6 3.13272e-06
7 11.6 1.08168e-05
7.2 11.6 3.44799e-05
7.4 11.6 0.000101465
7.6 11.6 0.000275645
7.8 11.6 0.000691299
8 11.6 0.00160053
8.2 11.6 0.00342089
8.4 11.6 0.00674986
8.6 11.6 0.012295
8.8 11.6 0.0206747
9 11.6 0.0320941
9.2 11.6 0.0459926
9.4 11.6 0.0608452
9.6 11.6 0.0743087
9.8 11.6 0.0837776
10 11.6 0.0871948
10.2 11.6 0.0837776
10.4 11.6 0.0743087
10.6 11.6 0.0608452
10.8 11.6 0.0459926
11 11.6 0.0320941
11.2 11.6 0.0206747
11.4 11.6 0.012295
11.6 11.6 0.00674986
11.8 11.6 0.00342089
12 11.6 0.00160053
12.2 11.6 0.000691299
12.4 11.6 0.000275645
12.6 11.6 0.000101465
12.8 11.6 3.44799e-05
13 11.6 1.08168e-05
13.2 11.6 3.13272e-06
13.4 11.6 8.37588e-07
13.6 11.6 2.06743e-07
13.8 11.6 4.71109e-08
14 11.6 9.91075e-09
14.2 11.6 1.92481e-09
14.4 11.6 3.45118e-10
14.6 11.6 5.71281e-11
14.8 11.6 8.72642e-12
5.2 11.8 4.42247e-12
5.4 11.8 2.89521e-11
5.6 11.8 1.74904e-10
5.8 11.8 9.75487e-10
6 11.8 5.02275e-09
6.2 11.8 2.38758e-08
6.4 11.8 1.04777e-07
6.6 11.8 4.24491e-07
6.8 11.8 1.58767e-06
7 11.8 5.48202e-06
7.2 11.8 1.74746e-05
7.4 11.8 5.1423e-05
7.6 11.8 0.000139699
7.8 11.8 0.000350356
8 11.8 0.00081116
8.2 11.8 0.00173374
8.4 11.8 0.00342089
8.6 11.8 0.00623122
8.8 11.8 0.0104781
9 11.8 0.0162656
9.2 11.8 0.0233096
9.4 11.8 0.030837
9.6 11.8 0.0376605
9.8 11.8 0.0424594
10 11.8 0.0441913
10.2 11.8 0.0424594
10.4 11.8 0.0376605
10.6 11.8 0.030837
10.8 11.8 0.0233096
11 11.8 0.0162656
11.2 11.8 0.0104781
11.4 11.8 0.00623122
11.6 11.8 0.00342089
11.8 11.8 0.00173374
12 11.8 0.00081116
12.2 11.8 0.000350356
12.4 11.8 0.000139699
12.6 11.8 5.1423e-05
12.8 11.8 1.74746e-05
13 11.8 5.48202e-06
13.2 11.8 1.58767e-06
13.4 11.8 4.24491e-07
13.6 11.8 1.04777e-07
13.8 11.8 2.38758e-08
14 11.8 5.02275e-09
14.2 11.8 9.75487e-10
14.4 11.8 1.74904e-10
14.6 11.8 2.89521e-11
14.8 11.8 4.42247e-12
5.2 12 2.06905e-12
5.4 12 1.35452e-11
5.6 12 8.18293e-11
5.8 12 4.56386e-10
6 12 2.34992e-09
6.2 12 1.11705e-08
6.4 12 4.9021e-08
6.6 12 1.98603e-07
6.8 12 7.4281e-07
7 12 2.56483e-06
7.2 12 8.17572e-06
7.4 12 2.4059e-05
7.6 12 6.53602e-05
7.8 12 0.00016392
8 12 0.000379515
8.2 12 0.00081116
8.4 12 0.00160053
8.6 12 0.00291539
8.8 12 0.00490239
9 12 0.00761019
9.2 12 0.0109058
9.4 12 0.0144277
9.6 12 0.0176202
9.8 12 0.0198655
10 12 0.0206758
10.2 12 0.0198655
10.4 12 0.0176202
10.6 12 0.0144277
10.8 12 0.0109058
11 12 0.00761019
11.2 12 0.00490239
11.4 12 0.00291539
11.6 12 0.00160053
11.8 12 0.00081116
12 12 0.000379515
12.2 12 0.00016392
12.4 12 6.53602e-05
12.6 12 2.4059e-05
12.8 12 8.17572e-06
13 12 2.56483e-06
13.2 12 7.4281e-07
13.4 12 1.98603e-07
13.6 12 4.9021e-08
13.8 12 1.11705e-08
14 12 2.34992e-09
14.2 12 4.56386e-10
14.4 12 8.18293e-11
14.6 12 1.35452e-11
14.8 12 2.06905e-12
5.2 12.2 8.93623e-13
5.4 12.2 5.85021e-12
5.6 12.2 3.53424e-11
5.8 12.2 1.97116e-10
6 12.2 1.01495e-09
6.2 12.2 4.82462e-09
6.4 12.2 2.11727e-08
6.6 12.2 8.57788e-08
6.8 12.2 3.20829e-07
7 12.2 1.10779e-06
7.2 12.2 3.53122e-06
7.4 12.2 1.03915e-05
7.6 12.2 2.82302e-05
7.8 12.2 7.07998e-05
8 12.2 0.00016392
8.2 12.2 0.000350356
8.4 12.2 0.000691299
8.6 12.2 0.00125922
8.8 12.2 0.00211745
9 12.2 0.003287
9.2 12.2 0.00471046
9.4 12.2 0.00623164
9.6 12.2 0.00761055
9.8 12.2 0.00858033
10 12.2 0.00893032
10.2 12.2 0.00858033
10.4 12.2 0.00761055
10.6 12.2 0.00623164
10.8 12.2 0.00471046
11 12.2 0.003287
11.2 12.2 0.00211745
11.4 12.2 0.00125922
11.6 12.2 0.000691299
11.8 12.2 0.000350356
12 12.2 0.00016392
12.2 12.2 7.07998e-05
12.4 12.2 2.82302e-05
12.6 12.2 1.03915e-05
12.8 12.2 3.53122e-06
13 12.2 1.10779e-06
13.2 12.2 3.20829e-07
13.4 12.2 8.57788e-08
13.6 12.2 2.11727e-08
13.8 12.2 4.82462e-09
14 12.2 1.01495e-09
14.2 12.2 1.97116e-10
14.4 12.2 3.53424e-11
14.6 12.2 5.85021e-12
14.8 12.2 8.93623e-13
5.2 12.4 3.56301e-13
5.4 12.4 2.33257e-12
5.6 12.4 1.40917e-11
5.8 12.4 7.85939e-11
6 12.4 4.04682e-10
6.2 12.4 1.92369e-09
6.4 12.4 8.44207e-09
6.6 12.4 3.42023e-08
6.8 12.4 1.27924e-07
7 12.4 4.41707e-07
7.2 12.4 1.408e-06
7.4 12.4 4.14341e-06
7.6 12.4 1.12563e-05
7.8 12.4 2.82302e-05
8 12.4 6.53602e-05
8.2 12.4 0.000139699
8.4 12.4 0.000275645
8.6 12.4 0.000502094
8.8 12.4 0.000844301
9 12.4 0.00131065
9.2 12.4 0.00187823
9.4 12.4 0.00248478
9.6 12.4 0.0030346
9.8 12.4 0.00342129
10 12.4 0.00356085
10.2 12.4 0.00342129
10.4 12.4 0.0030346
10.6 12.4 0.00248478
10.8 12.4 0.00187823
11 12.4 0.00131065
11.2 12.4 0.000844301
11.4 12.4 0.000502094
11.6 12.4 0.000275645
11.8 12.4 0.000139699
12 12.4 6.53602e-05
12.2 12.4 2.82302e-05
12.4 12.4 1.12563e-05
12.6 12.4 4.14341e-06
12.8 12.4 1.408e-06
13 12.4 4.41707e-07
13.2 12.4 1.27924e-07
13.4 12.4 3.42023e-08
13.6 12.4 8.44207e-09
13.8 12.4 1.92369e-09
14 12.4 4.04682e-10
14.2 12.4 7.85939e-11
14.4 12.4 1.40917e-11
14.6 12.4 2.33257e-12
14.8 12.4 3.56301e-13
5.2 12.6 1.31147e-13
5.4 12.6 8.58577e-13
5.6 12.6 5.1869e-12
5.8 12.6 2.89293e-11
6 12.6 1.48958e-10
6.2 12.6 7.08088e-10
6.4 12.6 3.10745e-09
6.6 12.6 1.25896e-08
6.8 12.6 4.70878e-08
7 12.6 1.6259e-07
7.2 12.6 5.18279e-07
7.4 12.6 1.52517e-06
7.6 12.6 4.14341e-06
7.8 12.6 1.03915e-05
8 12.6 2.4059e-05
8.2 12.6 5.1423e-05
8.4 12.6 0.000101465
8.6 12.6 0.000184821
8.8 12.6 0.000310788
9 12.6 0.000482451
9.2 12.6 0.000691381
9.4 12.6 0.000914653
9.6 12.6 0.00111704
9.8 12.6 0.00125939
10 12.6 0.00131076
10.2 12.6 0.00125939
10.4 12.6 0.00111704
10.6 12.6 0.000914653
10.8 12.6 0.000691381
11 12.6 0.000482451
11.2 12.6 0.000310788
11.4 12.6 0.000184821
11.6 12.6 0.000101465
11.8 12.6 5.1423e-05
12 12.6 2.4059e-05
12.2 12.6 1.03915e-05
12.4 12.6 4.14341e-06
12.6 12.6 1.52517e-06
12.8 12.6 5.18279e-07
13 12.6 1.6259e-07
13.2 12.6 4.70878e-08
13.4 12.6 1.25896e-08
13.6 12.6 3.10745e-09
13.8 12.6 7.08088e-10
14 12.6 1.48958e-10
14.2 12.6 2.89293e-11
14.4 12.6 5.1869e-12
14.6 12.6 8.58577e-13
14.8 12.6 1.31147e-13
5.2 12.8 4.45637e-14
5.4 12.8 2.91746e-13
5.6 12.8 1.76253e-12
5.8 12.8 9.83032e-12
6 12.8 5.06171e-11
6.2 12.8 2.40615e-10
6.4 12.8 1.05594e-09
6.6 12.8 4.27809e-09
6.8 12.8 1.60011e-08
7 12.8 5.52503e-08
7.2 12.8 1.76119e-07
7.4 12.8 5.18279e-07
7.6 12.8 1.408e-06
7.8 12.8 3.53122e-06
8 12.8 8.17572e-06
8.2 12.8 1.74746e-05
8.4 12.8 3.44799e-05
8.6 12.8 6.28061e-05
8.8 12.8 0.000105612
9 12.8 0.000163947
9.2 12.8 0.000234947
9.4 12.8 0.00031082
9.6 12.8 0.000379597
9.8 12.8 0.000427968
10 12.8 0.000445425
10.2 12.8 0.000427968
10.4 12.8 0.000379597
10.6 12.8 0.00031082
10.8 12.8 0.000234947
11 12.8 0.000163947
11.2 12.8 0.000105612
11.4 12.8 6.28061e-05
11.6 12.8 3.44799e-05
11.8 12.8 1.74746e-05
12 12.8 8.17572e-06
12.2 12.8 3.53122e-06
12.4 12.8 1.408e-06
12.6 12.8 5.18279e-07
12.8 12.8 1.76119e-07
13 12.8 5.52503e-08
13.2 12.8 1.60011e-08
13.4 12.8 4.27809e-09
13.6 12.8 1.05594e-09
13.8 12.8 2.40615e-10
14 12.8 5.06171e-11
14.2 12.8 9.83032e-12
14.4 12.8 1.76253e-12
14.6 12.8 2.91746e-13
14.8 12.8 4.45637e-14
5.2 13 1.39793e-14
5.4 13 9.15191e-14
5.6 13 5.52899e-13
5.8 13 3.08376e-12
6 13 1.58786e-11
6.2 13 7.54815e-11
6.4 13 3.31254e-10
6.6 13 1.34206e-09
6.8 13 5.01964e-09
7 13 1.73325e-08
7.2 13 5.52503e-08
7.4 13 1.6259e-07
7.6 13 4.41707e-07
7.8 13 1.10779e-06
8 13 2.56483e-06
8.2 13 5.48202e-06
8.4 13 1.08168e-05
8.6 13 1.97032e-05
8.8 13 3.31323e-05
9 13 5.14329e-05
9.2 13 7.37065e-05
9.4 13 9.75092e-05
9.6 13 0.000119086
9.8 13 0.000134261
10 13 0.000139737
10.2 13 0.000134261
10.4 13 0.000119086
10.6 13 9.75092e-05
10.8 13 7.37065e-05
11 13 5.14329e-05
11.2 13 3.31323e-05
11.4 13 1.97032e-05
11.6 13 1.08168e-05
11.8 13 5.48202e-06
12 13 2.56483e-06
12.2 13 1.10779e-06
12.4 13 4.41707e-07
12.6 13 1.6259e-07
12.8 13 5.52503e-08
13 13 1.73325e-08
13.2 13 5.01964e-09
13.4 13 1.34206e-09
13.6 13 3.31254e-10
13.8 13 7.54815e-11
14 13 1.58786e-11
14.2 13 3.08376e-12
14.4 13 5.52899e-13
14.6 13 9.15191e-14
14.8 13 1.39793e-14
5.2 13.2 4.04833e-15
5.4 13.2 2.65035e-14
5.6 13.2 1.60118e-13
5.8 13.2 8.93056e-13
6 13.2 4.59847e-12
6.2 13.2 2.18597e-11
6.4 13.2 9.59326e-11
6.6 13.2 3.88669e-10
6.8 13.2 1.45373e-09
7 13.2 5.01964e-09
7.2 13.2 1.60011e-08
7.4 13.2 4.70878e-08
7.6 13.2 1.27924e-07
7.8 13.2 3.20829e-07
8 13.2 7.4281e-07
8.2 13.2 1.58767e-06
8.4 13.2 3.13272e-06
8.6 13.2 5.70636e-06
8.8 13.2 9.59563e-06
9 13.2 1.48958e-05
9.2 13.2 2.13466e-05
9.4 13.2 2.82403e-05
9.6 13.2 3.44893e-05
9.8 13.2 3.88842e-05
10 13.2 4.04703e-05
10.2 13.2 3.88842e-05
10.4 13.2 3.44893e-05
10.6 13.2 2.82403e-05
10.8 13.2 2.13466e-05
11 13.2 1.48958e-05
11.2 13.2 9.59563e-06
11.4 13.2 5.70636e-06
11.6 13.2 3.13272e-06
11.8 13.2 1.58767e-06
12 13.2 7.4281e-07
12.2 13.2 3.20829e-07
12.4 13.2 1.27924e-07
12.6 13.2 4.70878e-08
12.8 13.2 1.60011e-08
13 13.2 5.01964e-09
13.2 13.2 1.45373e-09
13.4 13.2 3.88669e-10
13.6 13.2 9.59326e-11
13.8 13.2 2.18597e-11
14 13.2 4.59847e-12
14.2 13.2 8.93056e-13
14.4 13.2 1.60118e-13
14.6 13.2 2.65035e-14
14.8 13.2 4.04833e-15
5.2 13.4 1.08231e-15
5.4 13.4 7.08566e-15
5.6 13.4 4.28077e-14
5.8 13.4 2.38761e-13
6 13.4 1.22942e-12
6.2 13.4 5.84431e-12
6.4 13.4 2.56483e-11
6.6 13.4 1.03914e-10
6.8 13.4 3.88669e-10
7 13.4 1.34206e-09
7.2 13.4 4.27809e-09
7.4 13.4 1.25896e-08
7.6 13.4 3.42023e-08
7.8 13.4 8.57788e-08
8 13.4 1.98603e-07
8.2 13.4 4.24491e-07
8.4 13.4 8.37588e-07
8.6 13.4 1.5257e-06
8.8 13.4 2.56557e-06
9 13.4 3.98268e-06
9.2 13.4 5.70744e-06
9.4 13.4 7.55061e-06
9.6 13.4 9.2214e-06
9.8 13.4 1.03965e-05
10 13.4 1.08205e-05
10.2 13.4 1.03965e-05
10.4 13.4 9.2214e-06
10.6 13.4 7.55061e-06
10.8 13.4 5.70744e-06
11 13.4 3.98268e-06
11.2 13.4 2.56557e-06
11.4 13.4 1.5257e-06
11.6 13.4 8.37588e-07
11.8 13.4 4.24491e-07
12 13.4 1.98603e-07
12.2 13.4 8.57788e-08
12.4 13.4 3.42023e-08
12.6 13.4 1.25896e-08
12.8 13.4 4.27809e-09
13 13.4 1.34206e-09
13.2 13.4 3.88669e-10
13.4 13.4 1.03914e-10
13.6 13.4 2.56483e-11
13.8 13.4 5.84431e-12
14 13.4 1.22942e-12
14.2 13.4 2.38761e-13
14.4 13.4 4.28077e-14
14.6 13.4 7.08566e-15
14.8 13.4 1.08231e-15
5.2 13.6 2.67123e-16
5.4 13.6 1.74882e-15
5.6 13.6 1.05655e-14
5.8 13.6 5.89297e-14
6 13.6 3.03442e-13
6.2 13.6 1.44249e-12
6.4 13.6 6.33053e-12
6.6 13.6 2.56483e-11
6.8 13.6 9.59326e-11
7 13.6 3.31254e-10
7.2 13.6 1.05594e-09
7.4 13.6 3.10745e-09
7.6 13.6 8.44207e-09
7.8 13.6 2.11727e-08
8 13.6 4.9021e-08
8.2 13.6 1.04777e-07
8.4 13.6 2.06743e-07
8.6 13.6 3.76591e-07
8.8 13.6 6.33265e-07
9 13.6 9.83054e-07
9.2 13.6 1.40878e-06
9.4 13.6 1.86374e-06
9.6 13.6 2.27615e-06
9.8 13.6 2.56619e-06
10 13.6 2.67087e-06
10.2 13.6 2.56619e-06
10.4 13.6 2.27615e-06
10.6 13.6 1.86374e-06
10.8 13.6 1.40878e-06
11 13.6 9.83054e-07
11.2 13.6 6.33265e-07
11.4 13.6 3.76591e-07
11.6 13.6 2.06743e-07
11.8 13.6 1.04777e-07
12 13.6 4.9021e-08
12.2 13.6 2.11727e-08
12.4 13.6 8.44207e-09
12.6 13.6 3.10745e-09
12.8 13.6 1.05594e-09
13 13.6 3.31254e-10
13.2 13.6 9.59326e-11
13.4 13.6 2.56483e-11
13.6 13.6 6.33053e-12
13.8 13.6 1.44249e-12
14 13.6 3.03442e-13
14.2 13.6 5.89297e-14
14.4 13.6 1.05655e-14
14.6 13.6 1.74882e-15
14.8 13.6 2.67123e-16
5.2 13.8 6.08642e-17
5.4 13.8 3.98472e-16
5.6 13.8 2.40739e-15
5.8 13.8 1.34275e-14
6 13.8 6.91418e-14
6.2 13.8 3.28685e-13
6.4 13.8 1.44249e-12
6.6 13.8 5.84431e-12
6.8 13.8 2.18597e-11
7 13.8 7.54815e-11
7.2 13.8 2.40615e-10
7.4 13.8 7.08088e-10
7.6 13.8 1.92369e-09
7.8 13.8 4.82462e-09
8 13.8 1.11705e-08
8.2 13.8 2.38758e-08
8.4 13.8 4.71109e-08
8.6 13.8 8.58148e-08
8.8 13.8 1.44304e-07
9 13.8 2.24012e-07
9.2 13.8 3.21025e-07
9.4 13.8 4.24698e-07
9.6 13.8 5.18675e-07
9.8 13.8 5.8477e-07
10 13.8 6.08623e-07
10.2 13.8 5.8477e-07
10.4 13.8 5.18675e-07
10.6 13.8 4.24698e-07
10.8 13.8 3.21025e-07
11 13.8 2.24012e-07
11.2 13.8 1.44304e-07
11.4 13.8 8.58148e-08
11.6 13.8 4.71109e-08
11.8 13.8 2.38758e-08
12 13.8 1.11705e-08
12.2 13.8 4.82462e-09
12.4 13.8 1.92369e-09
12.6 13.8 7.08088e-10
12.8 13.8 2.40615e-10
13 13.8 7.54815e-11
13.2 13.8 2.18597e-11
13.4 13.8 5.84431e-12
13.6 13.8 1.44249e-12
13.8 13.8 3.28685e-13
14 13.8 6.91418e-14
14.2 13.8 1.34275e-14
14.4 13.8 2.40739e-15
14.6 13.8 3.98472e-16
14.8 13.8 6.08642e-17
5.2 14 1.28027e-17
5.4 14 8.3819e-17
5.6 14 5.06403e-16
5.8 14 2.82455e-15
6 14 1.45445e-14
6.2 14 6.91418e-14
6.4 14 3.03442e-13
6.6 14 1.22942e-12
6.8 14 4.59847e-12
7 14 1.58786e-11
7.2 14 5.06171e-11
7.4 14 1.48958e-10
7.6 14 4.04682e-10
7.8 14 1.01495e-09
8 14 2.34992e-09
8.2 14 5.02275e-09
8.4 14 9.91075e-09
8.6 14 1.8053e-08
8.8 14 3.03575e-08
9 14 4.71259e-08
9.2 14 6.75347e-08
9.4 14 8.93448e-08
9.6 14 1.09115e-07
9.8 14 1.2302e-07
10 14 1.28038e-07
10.2 14 1.2302e-07
10.4 14 1.09115e-07
10.6 14 8.93448e-08
10.8 14 6.75347e-08
11 14 4.71259e-08
11.2 14 3.03575e-08
11.4 14 1.8053e-08
11.6 14 9.91075e-09
11.8 14 5.02275e-09
12 14 2.34992e-09
12.2 14 1.01495e-09
12.4 14 4.04682e-10
12.6 14 1.48958e-10
12.8 14 5.06171e-11
13 14 1.58786e-11
13.2 14 4.59847e-12
13.4 14 1.22942e-12
13.6 14 3.03442e-13
13.8 14 6.91418e-14
14 14 1.45445e-14
14.2 14 2.82455e-15
14.4 14 5.06403e-16
14.6 14 8.3819e-17
14.8 14 1.28027e-17
5.2 14.2 2.4862e-18
5.4 14.2 1.62772e-17
5.6 14.2 9.83419e-17
5.8 14.2 5.48524e-16
6 14.2 2.82455e-15
6.2 14.2 1.34275e-14
6.4 14.2 5.89297e-14
6.6 14.2 2.38761e-13
6.8 14.2 8.93056e-13
7 14.2 3.08376e-12
7.2 14.2 9.83032e-12
7.4 14.2 2.89293e-11
7.6 14.2 7.85939e-11
7.8 14.2 1.97116e-10
8 14.2 4.56386e-10
8.2 14.2 9.75487e-10
8.4 14.2 1.92481e-09
8.6 14.2 3.50616e-09
8.8 14.2 5.8959e-09
9 14.2 9.15259e-09
9.2 14.2 1.31163e-08
9.4 14.2 1.73522e-08
9.6 14.2 2.1192e-08
9.8 14.2 2.38925e-08
10 14.2 2.48671e-08
10.2 14.2 2.38925e-08
10.4 14.2 2.1192e-08
10.6 14.2 1.73522e-08
10.8 14.2 1.31163e-08
11 14.2 9.15259e-09
11.2 14.2 5.8959e-09
11.4 14.2 3.50616e-09
11.6 14.2 1.92481e-09
11.8 14.2 9.75487e-10
12 14.2 4.56386e-10
12.2 14.2 1.97116e-10
12.4 14.2 7.85939e-11
12.6 14.2 2.89293e-11
12.8 14.2 9.83032e-12
13 14.2 3.08376e-12
13.2 14.2 8.93056e-13
13.4 14.2 2.38761e-13
13.6 14.2 5.89297e-14
13.8 14.2 1.34275e-14
14 14.2 2.82455e-15
14.2 14.2 5.48524e-16
14.4 14.2 9.83419e-17
14.6 14.2 1.62772e-17
14.8 14.2 2.4862e-18
5.2 14.4 4.45723e-19
5.4 14.4 2.91818e-18
5.6 14.4 1.7631e-17
5.8 14.4 9.83419e-17
6 14.4 5.06403e-16
6.2 14.4 2.40739e-15
6.4 14.4 1.05655e-14
6.6 14.4 4.28077e-14
6.8 14.4 1.60118e-13
7 14.4 5.52899e-13
7.2 14.4 1.76253e-12
7.4 14.4 5.1869e-12
7.6 14.4 1.40917e-11
7.8 14.4 3.53424e-11
8 14.4 8.18293e-11
8.2 14.4 1.74904e-10
8.4 14.4 3.45118e-10
8.6 14.4 6.28655e-10
8.8 14.4 1.05714e-09
9 14.4 1.64107e-09
9.2 14.4 2.35178e-09
9.4 14.4 3.11128e-09
9.6 14.4 3.79976e-09
9.8 14.4 4.28397e-09
10 14.4 4.45872e-09
10.2 14.4 4.28397e-09
10.4 14.4 3.79976e-09
10.6 14.4 3.11128e-09
10.8 14.4 2.35178e-09
11 14.4 1.64107e-09
11.2 14.4 1.05714e-09
11.4 14.4 6.28655e-10
11.6 14.4 3.45118e-10
11.8 14.4 1.74904e-10
12 14.4 8.18293e-11
12.2 14.4 3.53424e-11
12.4 14.4 1.40917e-11
12.6 14.4 5.1869e-12
12.8 14.4 1.76253e-12
13 14.4 5.52899e-13
13.2 14.4 1.60118e-13
13.4 14.4 4.28077e-14
13.6 14.4 1.05655e-14
13.8 14.4 2.40739e-15
14 14.4 5.06403e-16
14.2 14.4 9.83419e-17
14.4 14.4 1.7631e-17
14.6 14.4 2.91818e-18
14.8 14.4 4.45723e-19
5.2 14.6 7.3772e-20
5.4 14.6 4.82995e-19
5.6 14.6 2.91818e-18
5.8 14.6 1.62772e-17
6 14.6 8.3819e-17
6.2 14.6 3.98472e-16
6.4 14.6 1.74882e-15
6.6 14.6 7.08566e-15
6.8 14.6 2.65035e-14
7 14.6 9.15191e-14
7.2 14.6 2.91746e-13
7.4 14.6 8.58577e-13
7.6 14.6 2.33257e-12
7.8 14.6 5.85021e-12
8 14.6 1.35452e-11
8.2 14.6 2.89521e-11
8.4 14.6 5.71281e-11
8.6 14.6 1.04063e-10
8.8 14.6 1.74991e-10
9 14.6 2.71651e-10
9.2 14.6 3.89298e-10
9.4 14.6 5.15022e-10
9.6 14.6 6.28989e-10
9.8 14.6 7.09142e-10
10 14.6 7.38069e-10
10.2 14.6 7.09142e-10
10.4 14.6 6.28989e-10
10.6 14.6 5.15022e-10
10.8 14.6 3.89298e-10
11 14.6 2.71651e-10
11.2 14.6 1.74991e-10
11.4 14.6 1.04063e-10
11.6 14.6 5.71281e-11
11.8 14.6 2.89521e-11
12 14.6 1.35452e-11
12.2 14.6 5.85021e-12
12.4 14.6 2.33257e-12
12.6 14.6 8.58577e-13
12.8 14.6 2.91746e-13
13 14.6 9.15191e-14
13.2 14.6 2.65035e-14
13.4 14.6 7.08566e-15
13.6 14.6 1.74882e-15
13.8 14.6 3.98472e-16
14 14.6 8.3819e-17
14.2 14.6 1.62772e-17
14.4 14.6 2.91818e-18
14.6 14.6 4.82995e-19
14.8 14.6 7.3772e-20
5.2 14.8 1.12677e-20
5.4 14.8 7.3772e-20
5.6 14.8 4.45723e-19
5.8 14.8 2.4862e-18
6 14.8 1.28027e-17
6.2 14.8 6.08642e-17
6.4 14.8 2.67123e-16
6.6 14.8 1.08231e-15
6.8 14.8 4.04833e-15
7 14.8 1.39793e-14
7.2 14.8 4.45637e-14
7.4 14.8 1.31147e-13
7.6 14.8 3.56301e-13
7.8 14.8 8.93623e-13
8 14.8 2.06905e-12
8.2 14.8 4.42247e-12
8.4 14.8 8.72642e-12
8.6 14.8 1.58958e-11
8.8 14.8 2.67304e-11
9 14.8 4.14955e-11
9.2 14.8 5.94664e-11
9.4 14.8 7.86712e-11
9.6 14.8 9.60801e-11
9.8 14.8 1.08324e-10
10 14.8 1.12743e-10
10.2 14.8 1.08324e-10
10.4 14.8 9.60801e-11
10.6 14.8 7.86712e-11
10.8 14.8 5.94664e-11
11 14.8 4.14955e-11
11.2 14.8 2.67304e-11
11.4 14.8 1.58958e-11
11.6 14.8 8.72642e-12
11.8 14.8 4.42247e-12
12 14.8 2.06905e-12
12.2 14.8 8.93623e-13
12.4 14.8 3.56301e-13
12.6 14.8 1.31147e-13
12.8 14.8 4.45637e-14
13 14.8 1.39793e-14
13.2 14.8 4.04833e-15
13.4 14.8 1.08231e-15
13.6 14.8 2.67123e-16
13.8 14.8 6.08642e-17
14 14.8 1.28027e-17
14.2 14.8 2.4862e-18
14.4 14.8 4.45723e-19
14.6 14.8 7.3772e-20
14.8 14.8 1.12677e-20

